Retention Time (min),290 nm intensity (mAU)
0.0004166666666666667,-9.366166666666667
0.0008333333333333334,-9.401666666666666
0.00125,-9.418666666666667
0.0016666666666666668,-9.412333333333335
0.0020833333333333333,-9.3865
0.0025,-9.343166666666667
0.002916666666666667,-9.298333333333332
0.0033333333333333335,-9.2645
0.00375,-9.245333333333333
0.004166666666666667,-9.242333333333333
0.004583333333333333,-9.249666666666666
0.005,-9.278666666666666
0.005416666666666667,-9.308166666666667
0.005833333333333334,-9.328000000000001
0.00625,-9.350999999999999
0.006666666666666667,-9.359666666666667
0.007083333333333333,-9.3615
0.0075,-9.354
0.007916666666666667,-9.333333333333332
0.008333333333333333,-9.320166666666667
0.00875,-9.306333333333333
0.009166666666666667,-9.311166666666667
0.009583333333333333,-9.331833333333334
0.01,-9.352166666666667
0.010416666666666666,-9.388666666666666
0.010833333333333334,-9.417666666666667
0.01125,-9.441833333333333
0.011666666666666667,-9.465833333333334
0.012083333333333333,-9.480666666666666
0.0125,-9.495
0.012916666666666667,-9.501166666666668
0.013333333333333334,-9.512500000000001
0.01375,-9.518333333333333
0.014166666666666666,-9.525166666666667
0.014583333333333334,-9.535666666666666
0.015,-9.5405
0.015416666666666667,-9.535333333333334
0.015833333333333335,-9.514666666666669
0.01625,-9.480333333333332
0.016666666666666666,-9.424666666666665
0.017083333333333332,-9.368666666666666
0.0175,-9.3135
0.017916666666666668,-9.290166666666666
0.018333333333333333,-9.2865
0.01875,-9.299666666666665
0.019166666666666665,-9.328333333333333
0.019583333333333335,-9.342666666666666
0.02,-9.359333333333334
0.020416666666666666,-9.371333333333332
0.020833333333333332,-9.375666666666667
0.02125,-9.374
0.021666666666666667,-9.363833333333334
0.022083333333333333,-9.351333333333335
0.0225,-9.347
0.022916666666666665,-9.330999999999998
0.023333333333333334,-9.328166666666666
0.02375,-9.337166666666667
0.024166666666666666,-9.352166666666667
0.024583333333333332,-9.375
0.025,-9.376333333333335
0.025416666666666667,-9.361333333333333
0.025833333333333333,-9.330166666666669
0.02625,-9.300333333333334
0.02666666666666667,-9.274
0.027083333333333334,-9.261666666666667
0.0275,-9.265666666666666
0.027916666666666666,-9.2785
0.028333333333333332,-9.295333333333334
0.02875,-9.296833333333334
0.029166666666666667,-9.287666666666667
0.029583333333333333,-9.279166666666667
0.03,-9.272166666666665
0.030416666666666668,-9.283333333333331
0.030833333333333334,-9.294833333333333
0.03125,-9.300166666666668
0.03166666666666667,-9.314333333333334
0.03208333333333333,-9.314666666666668
0.0325,-9.3185
0.032916666666666664,-9.319833333333333
0.03333333333333333,-9.3165
0.03375,-9.322833333333334
0.034166666666666665,-9.319833333333335
0.034583333333333334,-9.32
0.035,-9.314166666666667
0.035416666666666666,-9.305666666666667
0.035833333333333335,-9.310666666666664
0.03625,-9.315
0.03666666666666667,-9.316
0.037083333333333336,-9.304833333333333
0.0375,-9.282666666666666
0.03791666666666667,-9.253333333333336
0.03833333333333333,-9.234833333333333
0.03875,-9.224666666666666
0.03916666666666667,-9.223333333333334
0.03958333333333333,-9.239666666666666
0.04,-9.258833333333333
0.04041666666666666,-9.278666666666666
0.04083333333333333,-9.286166666666666
0.04125,-9.274333333333333
0.041666666666666664,-9.258999999999999
0.042083333333333334,-9.2405
0.0425,-9.219666666666667
0.042916666666666665,-9.2055
0.043333333333333335,-9.183333333333334
0.04375,-9.1715
0.04416666666666667,-9.168666666666667
0.044583333333333336,-9.1685
0.045,-9.188666666666668
0.04541666666666667,-9.200833333333334
0.04583333333333333,-9.216333333333333
0.04625,-9.241999999999999
0.04666666666666667,-9.258666666666667
0.04708333333333333,-9.274666666666667
0.0475,-9.293833333333332
0.04791666666666667,-9.305
0.04833333333333333,-9.301333333333334
0.04875,-9.282333333333334
0.049166666666666664,-9.250833333333333
0.04958333333333333,-9.217833333333333
0.05,-9.177666666666667
0.050416666666666665,-9.1455
0.050833333333333335,-9.134166666666665
0.05125,-9.133166666666666
0.051666666666666666,-9.145666666666665
0.052083333333333336,-9.17
0.0525,-9.192833333333335
0.05291666666666667,-9.220999999999998
0.05333333333333334,-9.25
0.05375,-9.277
0.05416666666666667,-9.300166666666668
0.05458333333333333,-9.314666666666666
0.055,-9.323666666666668
0.05541666666666667,-9.333666666666668
0.05583333333333333,-9.338
0.05625,-9.328666666666667
0.056666666666666664,-9.328833333333334
0.05708333333333333,-9.320500000000001
0.0575,-9.304499999999999
0.057916666666666665,-9.283833333333334
0.058333333333333334,-9.2575
0.05875,-9.244833333333334
0.059166666666666666,-9.2405
0.059583333333333335,-9.244333333333332
0.06,-9.267999999999999
0.06041666666666667,-9.287833333333333
0.060833333333333336,-9.310833333333333
0.06125,-9.339333333333334
0.06166666666666667,-9.358833333333331
0.06208333333333333,-9.3705
0.0625,-9.373833333333332
0.06291666666666666,-9.375333333333334
0.06333333333333334,-9.365166666666667
0.06375,-9.344666666666667
0.06416666666666666,-9.315666666666667
0.06458333333333334,-9.2815
0.065,-9.2435
0.06541666666666666,-9.216666666666667
0.06583333333333333,-9.202666666666667
0.06625,-9.195
0.06666666666666667,-9.194833333333333
0.06708333333333333,-9.203666666666667
0.0675,-9.223666666666666
0.06791666666666667,-9.245166666666668
0.06833333333333333,-9.28
0.06875,-9.316333333333334
0.06916666666666667,-9.351333333333335
0.06958333333333333,-9.385333333333334
0.07,-9.393666666666666
0.07041666666666667,-9.3895
0.07083333333333333,-9.361166666666668
0.07125,-9.309666666666667
0.07166666666666667,-9.259666666666666
0.07208333333333333,-9.206833333333334
0.0725,-9.174999999999999
0.07291666666666667,-9.1705
0.07333333333333333,-9.176499999999999
0.07375,-9.196
0.07416666666666667,-9.211333333333334
0.07458333333333333,-9.220666666666668
0.075,-9.236166666666668
0.07541666666666667,-9.244333333333332
0.07583333333333334,-9.262333333333332
0.07625,-9.286
0.07666666666666666,-9.304333333333334
0.07708333333333334,-9.328833333333334
0.0775,-9.341333333333333
0.07791666666666666,-9.338833333333334
0.07833333333333334,-9.328833333333334
0.07875,-9.3285
0.07916666666666666,-9.326166666666666
0.07958333333333334,-9.3235
0.08,-9.315333333333333
0.08041666666666666,-9.299999999999999
0.08083333333333333,-9.2865
0.08125,-9.268833333333333
0.08166666666666667,-9.271666666666667
0.08208333333333333,-9.277166666666666
0.0825,-9.291833333333335
0.08291666666666667,-9.324166666666665
0.08333333333333333,-9.3475
0.08375,-9.365166666666665
0.08416666666666667,-9.369333333333335
0.08458333333333333,-9.366833333333332
0.085,-9.371
0.08541666666666667,-9.370833333333332
0.08583333333333333,-9.374666666666664
0.08625,-9.378333333333332
0.08666666666666667,-9.374
0.08708333333333333,-9.3695
0.0875,-9.362
0.08791666666666667,-9.350333333333333
0.08833333333333333,-9.337666666666667
0.08875,-9.328833333333334
0.08916666666666667,-9.329333333333333
0.08958333333333333,-9.330333333333334
0.09,-9.332500000000001
0.09041666666666667,-9.334999999999999
0.09083333333333334,-9.340166666666667
0.09125,-9.3345
0.09166666666666666,-9.316666666666668
0.09208333333333334,-9.295499999999999
0.0925,-9.256333333333332
0.09291666666666666,-9.230666666666666
0.09333333333333334,-9.209833333333334
0.09375,-9.209166666666667
0.09416666666666666,-9.2265
0.09458333333333334,-9.248333333333333
0.095,-9.288666666666666
0.09541666666666666,-9.312
0.09583333333333334,-9.323500000000001
0.09625,-9.317666666666666
0.09666666666666666,-9.292833333333334
0.09708333333333333,-9.268
0.0975,-9.242833333333333
0.09791666666666667,-9.2305
0.09833333333333333,-9.232833333333334
0.09875,-9.241999999999999
0.09916666666666667,-9.262666666666668
0.09958333333333333,-9.2905
0.1,-9.324666666666667
0.10041666666666667,-9.351166666666666
0.10083333333333333,-9.366
0.10125,-9.377666666666668
0.10166666666666667,-9.3715
0.10208333333333333,-9.365
0.1025,-9.35
0.10291666666666667,-9.335500000000001
0.10333333333333333,-9.332833333333333
0.10375,-9.332666666666666
0.10416666666666667,-9.353499999999999
0.10458333333333333,-9.3665
0.105,-9.370833333333332
0.10541666666666667,-9.376333333333333
0.10583333333333333,-9.371833333333333
0.10625,-9.361333333333333
0.10666666666666667,-9.346833333333334
0.10708333333333334,-9.331666666666669
0.1075,-9.314
0.10791666666666666,-9.3055
0.10833333333333334,-9.305
0.10875,-9.308
0.10916666666666666,-9.312666666666667
0.10958333333333334,-9.322166666666666
0.11,-9.332
0.11041666666666666,-9.337166666666667
0.11083333333333334,-9.336
0.11125,-9.324333333333334
0.11166666666666666,-9.309
0.11208333333333333,-9.280833333333334
0.1125,-9.268166666666668
0.11291666666666667,-9.2645
0.11333333333333333,-9.264666666666667
0.11375,-9.294333333333334
0.11416666666666667,-9.326500000000001
0.11458333333333333,-9.373
0.115,-9.415000000000001
0.11541666666666667,-9.435
0.11583333333333333,-9.4435
0.11625,-9.438833333333333
0.11666666666666667,-9.434333333333333
0.11708333333333333,-9.4325
0.1175,-9.4305
0.11791666666666667,-9.4285
0.11833333333333333,-9.430333333333332
0.11875,-9.426666666666666
0.11916666666666667,-9.4215
0.11958333333333333,-9.42
0.12,-9.415999999999999
0.12041666666666667,-9.412999999999998
0.12083333333333333,-9.419
0.12125,-9.417666666666666
0.12166666666666667,-9.420333333333334
0.12208333333333334,-9.422166666666667
0.1225,-9.415333333333333
0.12291666666666666,-9.417666666666667
0.12333333333333334,-9.403166666666666
0.12375,-9.393833333333333
0.12416666666666666,-9.3835
0.12458333333333334,-9.372166666666667
0.125,-9.378833333333334
0.12541666666666668,-9.3795
0.12583333333333332,-9.384500000000001
0.12625,-9.378333333333332
0.12666666666666668,-9.364166666666668
0.12708333333333333,-9.354666666666667
0.1275,-9.342
0.12791666666666668,-9.333666666666668
0.12833333333333333,-9.330833333333333
0.12875,-9.332
0.12916666666666668,-9.345666666666666
0.12958333333333333,-9.357833333333334
0.13,-9.372666666666666
0.13041666666666665,-9.3915
0.13083333333333333,-9.401666666666666
0.13125,-9.423333333333334
0.13166666666666665,-9.4385
0.13208333333333333,-9.443166666666668
0.1325,-9.4325
0.13291666666666666,-9.409333333333333
0.13333333333333333,-9.391166666666667
0.13375,-9.370166666666668
0.13416666666666666,-9.360666666666667
0.13458333333333333,-9.351666666666667
0.135,-9.342666666666666
0.13541666666666666,-9.350499999999998
0.13583333333333333,-9.364666666666666
0.13625,-9.378333333333334
0.13666666666666666,-9.379666666666665
0.13708333333333333,-9.367666666666667
0.1375,-9.364333333333333
0.13791666666666666,-9.363166666666666
0.13833333333333334,-9.369833333333334
0.13875,-9.393166666666666
0.13916666666666666,-9.412833333333333
0.13958333333333334,-9.445666666666668
0.14,-9.466166666666666
0.14041666666666666,-9.472166666666666
0.14083333333333334,-9.473333333333334
0.14125,-9.4535
0.14166666666666666,-9.440333333333333
0.14208333333333334,-9.4315
0.1425,-9.422666666666666
0.14291666666666666,-9.412999999999998
0.14333333333333334,-9.402
0.14375,-9.397166666666665
0.14416666666666667,-9.390166666666666
0.14458333333333334,-9.3945
0.145,-9.407499999999999
0.14541666666666667,-9.415
0.14583333333333334,-9.418333333333335
0.14625,-9.414499999999999
0.14666666666666667,-9.401166666666667
0.14708333333333334,-9.363333333333332
0.1475,-9.3245
0.14791666666666667,-9.2915
0.14833333333333334,-9.272
0.14875,-9.270166666666666
0.14916666666666667,-9.266166666666665
0.14958333333333335,-9.267333333333333
0.15,-9.275333333333334
0.15041666666666667,-9.299
0.15083333333333335,-9.3225
0.15125,-9.3365
0.15166666666666667,-9.348666666666666
0.15208333333333332,-9.346333333333334
0.1525,-9.345666666666666
0.15291666666666667,-9.347333333333333
0.15333333333333332,-9.342500000000001
0.15375,-9.341333333333333
0.15416666666666667,-9.3455
0.15458333333333332,-9.359
0.155,-9.360333333333333
0.15541666666666668,-9.354333333333335
0.15583333333333332,-9.340333333333334
0.15625,-9.323333333333332
0.15666666666666668,-9.313666666666668
0.15708333333333332,-9.303666666666667
0.1575,-9.309
0.15791666666666668,-9.304166666666667
0.15833333333333333,-9.306833333333334
0.15875,-9.317833333333335
0.15916666666666668,-9.329
0.15958333333333333,-9.350833333333334
0.16,-9.353833333333332
0.16041666666666668,-9.356833333333334
0.16083333333333333,-9.354000000000001
0.16125,-9.331833333333334
0.16166666666666665,-9.305833333333334
0.16208333333333333,-9.275833333333333
0.1625,-9.249333333333333
0.16291666666666665,-9.238999999999999
0.16333333333333333,-9.231833333333332
0.16375,-9.234499999999999
0.16416666666666666,-9.236666666666666
0.16458333333333333,-9.234166666666667
0.165,-9.246833333333333
0.16541666666666666,-9.248166666666668
0.16583333333333333,-9.2415
0.16625,-9.2355
0.16666666666666666,-9.238
0.16708333333333333,-9.254333333333333
0.1675,-9.270000000000001
0.16791666666666666,-9.285166666666667
0.16833333333333333,-9.307166666666667
0.16875,-9.323166666666665
0.16916666666666666,-9.338
0.16958333333333334,-9.350666666666667
0.17,-9.341166666666668
0.17041666666666666,-9.324666666666666
0.17083333333333334,-9.309333333333333
0.17125,-9.301833333333333
0.17166666666666666,-9.3005
0.17208333333333334,-9.305833333333332
0.1725,-9.32
0.17291666666666666,-9.348666666666666
0.17333333333333334,-9.370166666666668
0.17375,-9.391333333333334
0.17416666666666666,-9.402500000000002
0.17458333333333334,-9.382666666666667
0.175,-9.366166666666667
0.17541666666666667,-9.341500000000002
0.17583333333333334,-9.327
0.17625,-9.322833333333334
0.17666666666666667,-9.310333333333334
0.17708333333333334,-9.3095
0.1775,-9.311833333333333
0.17791666666666667,-9.314666666666666
0.17833333333333334,-9.322333333333333
0.17875,-9.324833333333332
0.17916666666666667,-9.331666666666665
0.17958333333333334,-9.346000000000002
0.18,-9.356833333333332
0.18041666666666667,-9.364833333333332
0.18083333333333335,-9.3615
0.18125,-9.3575
0.18166666666666667,-9.355166666666667
0.18208333333333335,-9.345333333333333
0.1825,-9.332166666666668
0.18291666666666667,-9.3065
0.18333333333333332,-9.282666666666666
0.18375,-9.253666666666666
0.18416666666666667,-9.231833333333332
0.18458333333333332,-9.228499999999999
0.185,-9.229833333333334
0.18541666666666667,-9.249166666666667
0.18583333333333332,-9.269833333333333
0.18625,-9.290666666666668
0.18666666666666668,-9.3145
0.18708333333333332,-9.335833333333333
0.1875,-9.350833333333332
0.18791666666666668,-9.358833333333333
0.18833333333333332,-9.364333333333335
0.18875,-9.369166666666667
0.18916666666666668,-9.3675
0.18958333333333333,-9.351333333333331
0.19,-9.341166666666666
0.19041666666666668,-9.322833333333334
0.19083333333333333,-9.305000000000001
0.19125,-9.2875
0.19166666666666668,-9.2705
0.19208333333333333,-9.266666666666666
0.1925,-9.269666666666668
0.19291666666666665,-9.289166666666667
0.19333333333333333,-9.309833333333334
0.19375,-9.326166666666667
0.19416666666666665,-9.336666666666668
0.19458333333333333,-9.341333333333333
0.195,-9.335833333333333
0.19541666666666666,-9.331000000000001
0.19583333333333333,-9.320500000000001
0.19625,-9.309166666666666
0.19666666666666666,-9.3115
0.19708333333333333,-9.3135
0.1975,-9.331166666666666
0.19791666666666666,-9.3525
0.19833333333333333,-9.371333333333334
0.19875,-9.388333333333334
0.19916666666666666,-9.384666666666666
0.19958333333333333,-9.384500000000001
0.2,-9.364333333333335
0.20041666666666666,-9.338666666666667
0.20083333333333334,-9.324333333333334
0.20125,-9.308166666666667
0.20166666666666666,-9.301833333333333
0.20208333333333334,-9.290000000000001
0.2025,-9.286333333333333
0.20291666666666666,-9.282666666666668
0.20333333333333334,-9.281500000000001
0.20375,-9.293666666666667
0.20416666666666666,-9.313833333333333
0.20458333333333334,-9.332833333333333
0.205,-9.351833333333333
0.20541666666666666,-9.368666666666668
0.20583333333333334,-9.375499999999999
0.20625,-9.3725
0.20666666666666667,-9.359499999999999
0.20708333333333334,-9.344666666666667
0.2075,-9.329166666666667
0.20791666666666667,-9.332833333333333
0.20833333333333334,-9.35
0.20875,-9.3775
0.20916666666666667,-9.415166666666666
0.20958333333333334,-9.452
0.21,-9.477666666666666
0.21041666666666667,-9.473666666666666
0.21083333333333334,-9.443666666666665
0.21125,-9.398833333333334
0.21166666666666667,-9.3485
0.21208333333333335,-9.3055
0.2125,-9.274333333333333
0.21291666666666667,-9.254833333333332
0.21333333333333335,-9.2515
0.21375,-9.269166666666665
0.21416666666666667,-9.293166666666666
0.21458333333333332,-9.320500000000001
0.215,-9.348666666666666
0.21541666666666667,-9.369166666666667
0.21583333333333332,-9.382666666666667
0.21625,-9.382
0.21666666666666667,-9.372833333333334
0.21708333333333332,-9.371166666666667
0.2175,-9.375333333333334
0.21791666666666668,-9.385
0.21833333333333332,-9.404333333333334
0.21875,-9.423
0.21916666666666668,-9.447000000000001
0.21958333333333332,-9.455666666666668
0.22,-9.450666666666665
0.22041666666666668,-9.436166666666667
0.22083333333333333,-9.413666666666666
0.22125,-9.393666666666666
0.22166666666666668,-9.365833333333335
0.22208333333333333,-9.342166666666666
0.2225,-9.313
0.22291666666666668,-9.292499999999999
0.22333333333333333,-9.266
0.22375,-9.238333333333335
0.22416666666666665,-9.2115
0.22458333333333333,-9.177166666666666
0.225,-9.171166666666666
0.22541666666666665,-9.170499999999999
0.22583333333333333,-9.188833333333335
0.22625,-9.216166666666666
0.22666666666666666,-9.239666666666666
0.22708333333333333,-9.270833333333334
0.2275,-9.285666666666666
0.22791666666666666,-9.310166666666667
0.22833333333333333,-9.335
0.22875,-9.362666666666666
0.22916666666666666,-9.397
0.22958333333333333,-9.423333333333334
0.23,-9.437833333333334
0.23041666666666666,-9.437333333333335
0.23083333333333333,-9.432
0.23125,-9.419333333333334
0.23166666666666666,-9.423499999999999
0.23208333333333334,-9.426166666666667
0.2325,-9.428166666666668
0.23291666666666666,-9.432833333333333
0.23333333333333334,-9.425333333333334
0.23375,-9.410833333333334
0.23416666666666666,-9.380333333333335
0.23458333333333334,-9.348833333333333
0.235,-9.321333333333333
0.23541666666666666,-9.304333333333332
0.23583333333333334,-9.303333333333333
0.23625,-9.314
0.23666666666666666,-9.323
0.23708333333333334,-9.341
0.2375,-9.3725
0.23791666666666667,-9.401000000000002
0.23833333333333334,-9.4245
0.23875,-9.435666666666668
0.23916666666666667,-9.440333333333333
0.23958333333333334,-9.435666666666668
0.24,-9.431666666666667
0.24041666666666667,-9.428833333333335
0.24083333333333334,-9.427833333333332
0.24125,-9.437666666666667
0.24166666666666667,-9.466333333333333
0.24208333333333334,-9.496
0.2425,-9.519666666666668
0.24291666666666667,-9.536166666666666
0.24333333333333335,-9.5415
0.24375,-9.531333333333334
0.24416666666666667,-9.5005
0.24458333333333335,-9.478
0.245,-9.455333333333334
0.24541666666666667,-9.437666666666667
0.24583333333333332,-9.426666666666668
0.24625,-9.417833333333334
0.24666666666666667,-9.423666666666668
0.24708333333333332,-9.429333333333334
0.2475,-9.429666666666668
0.24791666666666667,-9.426833333333333
0.24833333333333332,-9.424999999999999
0.24875,-9.427999999999999
0.24916666666666668,-9.426833333333333
0.24958333333333332,-9.419833333333335
0.25,-9.389333333333333
0.2504166666666667,-9.357333333333335
0.25083333333333335,-9.331000000000001
0.25125,-9.314
0.25166666666666665,-9.309
0.2520833333333333,-9.305166666666667
0.2525,-9.3265
0.2529166666666667,-9.345666666666666
0.25333333333333335,-9.3615
0.25375,-9.377333333333333
0.25416666666666665,-9.393666666666666
0.25458333333333333,-9.416166666666667
0.255,-9.437666666666667
0.2554166666666667,-9.452666666666667
0.25583333333333336,-9.445
0.25625,-9.418666666666667
0.25666666666666665,-9.38
0.25708333333333333,-9.357833333333334
0.2575,-9.349666666666666
0.2579166666666667,-9.354166666666666
0.25833333333333336,-9.374166666666666
0.25875,-9.388833333333334
0.25916666666666666,-9.402666666666667
0.25958333333333333,-9.408166666666666
0.26,-9.412999999999998
0.2604166666666667,-9.415999999999999
0.2608333333333333,-9.414666666666667
0.26125,-9.426
0.26166666666666666,-9.429166666666667
0.26208333333333333,-9.42
0.2625,-9.401333333333334
0.2629166666666667,-9.368166666666667
0.2633333333333333,-9.345833333333333
0.26375,-9.329833333333333
0.26416666666666666,-9.329333333333333
0.26458333333333334,-9.341333333333333
0.265,-9.348833333333333
0.2654166666666667,-9.3695
0.2658333333333333,-9.392833333333334
0.26625,-9.412666666666667
0.26666666666666666,-9.4275
0.26708333333333334,-9.432333333333332
0.2675,-9.430833333333334
0.2679166666666667,-9.415666666666667
0.2683333333333333,-9.384333333333334
0.26875,-9.361166666666668
0.26916666666666667,-9.332500000000001
0.26958333333333334,-9.311166666666667
0.27,-9.3095
0.2704166666666667,-9.318333333333333
0.2708333333333333,-9.3375
0.27125,-9.349333333333332
0.27166666666666667,-9.361
0.27208333333333334,-9.366999999999999
0.2725,-9.376
0.27291666666666664,-9.392666666666665
0.2733333333333333,-9.417666666666667
0.27375,-9.4395
0.27416666666666667,-9.451666666666666
0.27458333333333335,-9.457500000000001
0.275,-9.438
0.27541666666666664,-9.403500000000001
0.2758333333333333,-9.362333333333332
0.27625,-9.336
0.27666666666666667,-9.322333333333335
0.27708333333333335,-9.324499999999999
0.2775,-9.335333333333333
0.27791666666666665,-9.347
0.2783333333333333,-9.364833333333335
0.27875,-9.38
0.2791666666666667,-9.406333333333334
0.27958333333333335,-9.416333333333334
0.28,-9.415333333333335
0.28041666666666665,-9.408166666666666
0.2808333333333333,-9.379999999999999
0.28125,-9.355166666666667
0.2816666666666667,-9.331666666666667
0.28208333333333335,-9.325000000000001
0.2825,-9.3445
0.28291666666666665,-9.377833333333333
0.2833333333333333,-9.423666666666668
0.28375,-9.4525
0.2841666666666667,-9.461333333333334
0.28458333333333335,-9.454666666666666
0.285,-9.438333333333333
0.28541666666666665,-9.418333333333331
0.28583333333333333,-9.4015
0.28625,-9.384333333333332
0.2866666666666667,-9.372166666666667
0.28708333333333336,-9.366833333333334
0.2875,-9.355666666666666
0.28791666666666665,-9.363666666666665
0.28833333333333333,-9.3705
0.28875,-9.384166666666667
0.2891666666666667,-9.403333333333334
0.28958333333333336,-9.412666666666667
0.29,-9.409666666666666
0.29041666666666666,-9.382166666666665
0.29083333333333333,-9.351
0.29125,-9.3255
0.2916666666666667,-9.314
0.2920833333333333,-9.321333333333333
0.2925,-9.3455
0.29291666666666666,-9.379833333333332
0.29333333333333333,-9.408333333333333
0.29375,-9.430833333333334
0.2941666666666667,-9.433
0.2945833333333333,-9.423333333333334
0.295,-9.406166666666666
0.29541666666666666,-9.387500000000001
0.29583333333333334,-9.374166666666666
0.29625,-9.347666666666667
0.2966666666666667,-9.323833333333333
0.2970833333333333,-9.2915
0.2975,-9.263333333333334
0.29791666666666666,-9.236333333333334
0.29833333333333334,-9.215666666666666
0.29875,-9.224666666666666
0.2991666666666667,-9.247
0.2995833333333333,-9.286499999999998
0.3,-9.331666666666665
0.30041666666666667,-9.3735
0.30083333333333334,-9.398166666666667
0.30125,-9.404666666666666
0.3016666666666667,-9.396166666666668
0.3020833333333333,-9.371833333333333
0.3025,-9.353833333333332
0.30291666666666667,-9.326666666666666
0.30333333333333334,-9.304833333333333
0.30375,-9.283166666666666
0.30416666666666664,-9.250333333333332
0.3045833333333333,-9.235999999999999
0.305,-9.2145
0.30541666666666667,-9.208166666666665
0.30583333333333335,-9.205333333333334
0.30625,-9.209000000000001
0.30666666666666664,-9.232833333333334
0.3070833333333333,-9.256
0.3075,-9.2865
0.30791666666666667,-9.3165
0.30833333333333335,-9.347166666666666
0.30875,-9.367166666666668
0.30916666666666665,-9.375666666666666
0.3095833333333333,-9.374833333333333
0.31,-9.360999999999999
0.3104166666666667,-9.343666666666666
0.31083333333333335,-9.330833333333333
0.31125,-9.314
0.31166666666666665,-9.318333333333333
0.3120833333333333,-9.323666666666666
0.3125,-9.341333333333333
0.3129166666666667,-9.369
0.31333333333333335,-9.372666666666667
0.31375,-9.386333333333333
0.31416666666666665,-9.369666666666667
0.3145833333333333,-9.351166666666666
0.315,-9.332333333333333
0.3154166666666667,-9.295499999999999
0.31583333333333335,-9.287166666666666
0.31625,-9.287666666666667
0.31666666666666665,-9.309333333333333
0.31708333333333333,-9.341833333333334
0.3175,-9.368666666666668
0.3179166666666667,-9.388666666666667
0.31833333333333336,-9.3855
0.31875,-9.3725
0.31916666666666665,-9.3465
0.31958333333333333,-9.308166666666667
0.32,-9.270666666666665
0.3204166666666667,-9.243
0.32083333333333336,-9.2335
0.32125,-9.233166666666667
0.32166666666666666,-9.247
0.32208333333333333,-9.269833333333333
0.3225,-9.289333333333333
0.3229166666666667,-9.302833333333334
0.3233333333333333,-9.306166666666666
0.32375,-9.2975
0.32416666666666666,-9.2825
0.32458333333333333,-9.274666666666667
0.325,-9.275666666666668
0.3254166666666667,-9.2885
0.3258333333333333,-9.299333333333335
0.32625,-9.302833333333332
0.32666666666666666,-9.301499999999999
0.32708333333333334,-9.288166666666667
0.3275,-9.269
0.3279166666666667,-9.249666666666668
0.3283333333333333,-9.2385
0.32875,-9.2385
0.32916666666666666,-9.247333333333334
0.32958333333333334,-9.254333333333333
0.33,-9.262500000000001
0.3304166666666667,-9.2715
0.3308333333333333,-9.2765
0.33125,-9.2825
0.33166666666666667,-9.267833333333334
0.33208333333333334,-9.243166666666667
0.3325,-9.217666666666666
0.3329166666666667,-9.199833333333332
0.3333333333333333,-9.198833333333333
0.33375,-9.197666666666667
0.33416666666666667,-9.2025
0.33458333333333334,-9.208666666666668
0.335,-9.211333333333334
0.33541666666666664,-9.221499999999999
0.3358333333333333,-9.236000000000002
0.33625,-9.254166666666666
0.33666666666666667,-9.275333333333334
0.33708333333333335,-9.299999999999999
0.3375,-9.315333333333333
0.33791666666666664,-9.314833333333333
0.3383333333333333,-9.299999999999999
0.33875,-9.2835
0.33916666666666667,-9.280333333333333
0.33958333333333335,-9.2905
0.34,-9.315833333333332
0.34041666666666665,-9.332833333333333
0.3408333333333333,-9.346
0.34125,-9.344666666666667
0.3416666666666667,-9.332666666666666
0.34208333333333335,-9.319333333333335
0.3425,-9.296166666666666
0.34291666666666665,-9.286000000000001
0.3433333333333333,-9.286
0.34375,-9.298
0.3441666666666667,-9.316833333333333
0.34458333333333335,-9.324166666666667
0.345,-9.339333333333334
0.34541666666666665,-9.334999999999999
0.3458333333333333,-9.310833333333333
0.34625,-9.286
0.3466666666666667,-9.256333333333332
0.34708333333333335,-9.2375
0.3475,-9.239166666666666
0.34791666666666665,-9.269333333333334
0.34833333333333333,-9.3115
0.34875,-9.351
0.3491666666666667,-9.383833333333333
0.34958333333333336,-9.395833333333334
0.35,-9.38
0.35041666666666665,-9.351999999999999
0.35083333333333333,-9.319166666666666
0.35125,-9.284666666666666
0.3516666666666667,-9.2585
0.35208333333333336,-9.2535
0.3525,-9.257666666666667
0.35291666666666666,-9.270166666666666
0.35333333333333333,-9.285666666666666
0.35375,-9.294833333333331
0.3541666666666667,-9.303166666666668
0.3545833333333333,-9.3035
0.355,-9.306833333333332
0.35541666666666666,-9.303666666666667
0.35583333333333333,-9.305333333333332
0.35625,-9.317166666666667
0.3566666666666667,-9.333166666666665
0.3570833333333333,-9.341666666666667
0.3575,-9.345333333333334
0.35791666666666666,-9.338500000000002
0.35833333333333334,-9.318
0.35875,-9.298333333333334
0.3591666666666667,-9.263833333333332
0.3595833333333333,-9.231666666666667
0.36,-9.2005
0.36041666666666666,-9.192166666666667
0.36083333333333334,-9.196833333333332
0.36125,-9.214333333333334
0.3616666666666667,-9.2425
0.3620833333333333,-9.271833333333333
0.3625,-9.299333333333333
0.36291666666666667,-9.306833333333335
0.36333333333333334,-9.307833333333333
0.36375,-9.296166666666666
0.3641666666666667,-9.292
0.3645833333333333,-9.290833333333333
0.365,-9.288499999999999
0.36541666666666667,-9.282333333333334
0.36583333333333334,-9.269166666666667
0.36625,-9.259166666666667
0.36666666666666664,-9.248000000000001
0.3670833333333333,-9.238166666666666
0.3675,-9.234666666666667
0.36791666666666667,-9.229833333333334
0.36833333333333335,-9.232166666666666
0.36875,-9.236333333333333
0.36916666666666664,-9.240499999999999
0.3695833333333333,-9.254666666666665
0.37,-9.268166666666666
0.37041666666666667,-9.282666666666666
0.37083333333333335,-9.298833333333333
0.37125,-9.308
0.37166666666666665,-9.305666666666665
0.3720833333333333,-9.301333333333334
0.3725,-9.290166666666666
0.3729166666666667,-9.290000000000001
0.37333333333333335,-9.296166666666666
0.37375,-9.2995
0.37416666666666665,-9.316166666666666
0.3745833333333333,-9.3035
0.375,-9.289333333333333
0.3754166666666667,-9.268500000000001
0.37583333333333335,-9.242666666666667
0.37625,-9.230166666666667
0.37666666666666665,-9.217333333333334
0.3770833333333333,-9.229
0.3775,-9.253833333333333
0.3779166666666667,-9.287666666666667
0.37833333333333335,-9.3245
0.37875,-9.354333333333331
0.37916666666666665,-9.366
0.37958333333333333,-9.367833333333333
0.38,-9.3585
0.3804166666666667,-9.345500000000001
0.38083333333333336,-9.328000000000001
0.38125,-9.307833333333333
0.38166666666666665,-9.2925
0.38208333333333333,-9.276166666666667
0.3825,-9.2755
0.3829166666666667,-9.269333333333334
0.38333333333333336,-9.270166666666666
0.38375,-9.277166666666668
0.38416666666666666,-9.294500000000001
0.38458333333333333,-9.324833333333332
0.385,-9.346
0.3854166666666667,-9.357333333333335
0.3858333333333333,-9.345333333333334
0.38625,-9.316833333333333
0.38666666666666666,-9.284166666666666
0.38708333333333333,-9.2535
0.3875,-9.228333333333333
0.3879166666666667,-9.216666666666667
0.3883333333333333,-9.220833333333333
0.38875,-9.232333333333335
0.38916666666666666,-9.2495
0.38958333333333334,-9.268500000000001
0.39,-9.283
0.3904166666666667,-9.294666666666666
0.3908333333333333,-9.303166666666666
0.39125,-9.315333333333333
0.39166666666666666,-9.323666666666668
0.39208333333333334,-9.319166666666666
0.3925,-9.303666666666667
0.3929166666666667,-9.282499999999999
0.3933333333333333,-9.265833333333333
0.39375,-9.2505
0.39416666666666667,-9.232666666666667
0.39458333333333334,-9.219833333333332
0.395,-9.215333333333334
0.3954166666666667,-9.227333333333332
0.3958333333333333,-9.242666666666667
0.39625,-9.245833333333335
0.39666666666666667,-9.24
0.39708333333333334,-9.220500000000001
0.3975,-9.205
0.39791666666666664,-9.189333333333332
0.3983333333333333,-9.180666666666667
0.39875,-9.19
0.39916666666666667,-9.206999999999999
0.39958333333333335,-9.236833333333335
0.4,-9.277166666666666
0.40041666666666664,-9.309833333333332
0.4008333333333333,-9.3415
0.40125,-9.351666666666668
0.40166666666666667,-9.346166666666667
0.40208333333333335,-9.3405
0.4025,-9.320666666666668
0.40291666666666665,-9.314166666666667
0.4033333333333333,-9.303333333333335
0.40375,-9.301833333333333
0.4041666666666667,-9.310833333333333
0.40458333333333335,-9.314666666666668
0.405,-9.312166666666668
0.40541666666666665,-9.288833333333335
0.4058333333333333,-9.261833333333334
0.40625,-9.2335
0.4066666666666667,-9.212333333333333
0.40708333333333335,-9.189166666666667
0.4075,-9.167
0.40791666666666665,-9.150999999999998
0.4083333333333333,-9.150166666666667
0.40875,-9.165666666666667
0.4091666666666667,-9.180333333333332
0.40958333333333335,-9.202666666666666
0.41,-9.216166666666666
0.41041666666666665,-9.228499999999999
0.41083333333333333,-9.238333333333333
0.41125,-9.246833333333333
0.4116666666666667,-9.270666666666665
0.41208333333333336,-9.3005
0.4125,-9.342500000000001
0.41291666666666665,-9.372833333333332
0.41333333333333333,-9.378
0.41375,-9.352166666666667
0.4141666666666667,-9.307166666666667
0.41458333333333336,-9.263
0.415,-9.214
0.41541666666666666,-9.187166666666668
0.41583333333333333,-9.175666666666666
0.41625,-9.187
0.4166666666666667,-9.218166666666667
0.4170833333333333,-9.255
0.4175,-9.304499999999999
0.41791666666666666,-9.329666666666666
0.41833333333333333,-9.337499999999999
0.41875,-9.327166666666667
0.4191666666666667,-9.301666666666668
0.4195833333333333,-9.279166666666667
0.42,-9.262166666666666
0.42041666666666666,-9.268333333333333
0.42083333333333334,-9.2805
0.42125,-9.305666666666667
0.4216666666666667,-9.332500000000001
0.4220833333333333,-9.337333333333333
0.4225,-9.328999999999999
0.42291666666666666,-9.307
0.42333333333333334,-9.290166666666666
0.42375,-9.272
0.4241666666666667,-9.247
0.4245833333333333,-9.227500000000001
0.425,-9.209000000000001
0.42541666666666667,-9.208833333333333
0.42583333333333334,-9.225666666666667
0.42625,-9.261166666666668
0.4266666666666667,-9.29
0.4270833333333333,-9.309333333333333
0.4275,-9.323
0.42791666666666667,-9.325666666666667
0.42833333333333334,-9.337333333333332
0.42875,-9.3465
0.42916666666666664,-9.364333333333333
0.4295833333333333,-9.387500000000001
0.43,-9.404333333333334
0.43041666666666667,-9.422333333333333
0.43083333333333335,-9.422
0.43125,-9.398166666666668
0.43166666666666664,-9.376166666666666
0.4320833333333333,-9.344166666666668
0.4325,-9.323833333333333
0.43291666666666667,-9.304166666666667
0.43333333333333335,-9.280833333333334
0.43375,-9.280666666666667
0.43416666666666665,-9.273333333333332
0.4345833333333333,-9.283333333333333
0.435,-9.291333333333332
0.4354166666666667,-9.286499999999998
0.43583333333333335,-9.278666666666666
0.43625,-9.2645
0.43666666666666665,-9.267666666666665
0.4370833333333333,-9.2755
0.4375,-9.2965
0.4379166666666667,-9.326
0.43833333333333335,-9.356
0.43875,-9.377666666666666
0.43916666666666665,-9.3855
0.4395833333333333,-9.384500000000001
0.44,-9.363666666666667
0.4404166666666667,-9.339666666666666
0.44083333333333335,-9.323500000000001
0.44125,-9.308333333333332
0.44166666666666665,-9.298833333333334
0.44208333333333333,-9.292666666666667
0.4425,-9.284166666666668
0.4429166666666667,-9.279833333333334
0.44333333333333336,-9.267
0.44375,-9.251333333333333
0.44416666666666665,-9.237
0.44458333333333333,-9.224166666666667
0.445,-9.229166666666666
0.4454166666666667,-9.249166666666666
0.44583333333333336,-9.266833333333333
0.44625,-9.279499999999999
0.44666666666666666,-9.282666666666666
0.44708333333333333,-9.275333333333334
0.4475,-9.27
0.4479166666666667,-9.244333333333334
0.4483333333333333,-9.235999999999999
0.44875,-9.233166666666667
0.44916666666666666,-9.2365
0.44958333333333333,-9.255
0.45,-9.255833333333333
0.4504166666666667,-9.275
0.4508333333333333,-9.282333333333334
0.45125,-9.290166666666666
0.45166666666666666,-9.283333333333333
0.45208333333333334,-9.262666666666668
0.4525,-9.2525
0.4529166666666667,-9.24
0.4533333333333333,-9.257333333333333
0.45375,-9.286499999999998
0.45416666666666666,-9.323833333333333
0.45458333333333334,-9.369333333333332
0.455,-9.383166666666666
0.4554166666666667,-9.371
0.4558333333333333,-9.329333333333334
0.45625,-9.277666666666667
0.45666666666666667,-9.241666666666665
0.45708333333333334,-9.220166666666666
0.4575,-9.229833333333334
0.4579166666666667,-9.257
0.4583333333333333,-9.292166666666667
0.45875,-9.317
0.45916666666666667,-9.336666666666666
0.45958333333333334,-9.3355
0.46,-9.320333333333332
0.46041666666666664,-9.3135
0.4608333333333333,-9.301833333333333
0.46125,-9.3105
0.46166666666666667,-9.322333333333333
0.46208333333333335,-9.324833333333332
0.4625,-9.335500000000001
0.46291666666666664,-9.333499999999999
0.4633333333333333,-9.336333333333334
0.46375,-9.341333333333333
0.46416666666666667,-9.338166666666666
0.46458333333333335,-9.3385
0.465,-9.3255
0.46541666666666665,-9.301666666666668
0.4658333333333333,-9.264333333333333
0.46625,-9.223166666666666
0.4666666666666667,-9.196333333333333
0.46708333333333335,-9.189833333333334
0.4675,-9.2065
0.46791666666666665,-9.225666666666667
0.4683333333333333,-9.242833333333333
0.46875,-9.2545
0.4691666666666667,-9.250833333333333
0.46958333333333335,-9.237166666666665
0.47,-9.208166666666665
0.47041666666666665,-9.185
0.4708333333333333,-9.165999999999999
0.47125,-9.151333333333334
0.4716666666666667,-9.1555
0.47208333333333335,-9.162166666666666
0.4725,-9.179833333333333
0.47291666666666665,-9.2035
0.47333333333333333,-9.222
0.47375,-9.235999999999999
0.4741666666666667,-9.237
0.47458333333333336,-9.245166666666668
0.475,-9.259
0.47541666666666665,-9.273333333333333
0.47583333333333333,-9.2935
0.47625,-9.314
0.4766666666666667,-9.329666666666666
0.47708333333333336,-9.330833333333333
0.4775,-9.320666666666666
0.47791666666666666,-9.295333333333334
0.47833333333333333,-9.266166666666665
0.47875,-9.240166666666665
0.4791666666666667,-9.224166666666667
0.4795833333333333,-9.216499999999998
0.48,-9.207166666666668
0.48041666666666666,-9.2095
0.48083333333333333,-9.215
0.48125,-9.22
0.4816666666666667,-9.213833333333334
0.4820833333333333,-9.199166666666668
0.4825,-9.1845
0.48291666666666666,-9.170499999999999
0.48333333333333334,-9.176666666666666
0.48375,-9.185166666666667
0.4841666666666667,-9.202166666666665
0.4845833333333333,-9.2385
0.485,-9.272333333333332
0.48541666666666666,-9.308666666666667
0.48583333333333334,-9.324833333333332
0.48625,-9.323166666666667
0.4866666666666667,-9.320666666666666
0.4870833333333333,-9.299833333333334
0.4875,-9.281166666666666
0.48791666666666667,-9.257333333333333
0.48833333333333334,-9.231333333333334
0.48875,-9.220999999999998
0.4891666666666667,-9.2075
0.4895833333333333,-9.200166666666666
0.49,-9.196333333333333
0.49041666666666667,-9.198666666666666
0.49083333333333334,-9.214
0.49125,-9.2425
0.49166666666666664,-9.267333333333333
0.4920833333333333,-9.287666666666667
0.4925,-9.299000000000001
0.49291666666666667,-9.293666666666665
0.49333333333333335,-9.279166666666667
0.49375,-9.250666666666666
0.49416666666666664,-9.230666666666666
0.4945833333333333,-9.223
0.495,-9.228166666666667
0.49541666666666667,-9.251166666666668
0.49583333333333335,-9.2695
0.49625,-9.279
0.49666666666666665,-9.281666666666666
0.4970833333333333,-9.2765
0.4975,-9.265333333333333
0.4979166666666667,-9.249333333333334
0.49833333333333335,-9.241833333333334
0.49875,-9.241999999999999
0.49916666666666665,-9.2495
0.4995833333333333,-9.2675
0.5,-9.285666666666666
0.5004166666666666,-9.301166666666667
0.5008333333333334,-9.3125
0.50125,-9.321666666666665
0.5016666666666667,-9.327666666666667
0.5020833333333333,-9.3345
0.5025,-9.3485
0.5029166666666667,-9.3645
0.5033333333333333,-9.3785
0.50375,-9.394
0.5041666666666667,-9.408166666666666
0.5045833333333334,-9.4095
0.505,-9.408499999999998
0.5054166666666666,-9.400666666666668
0.5058333333333334,-9.379166666666666
0.50625,-9.356833333333332
0.5066666666666667,-9.326833333333335
0.5070833333333333,-9.305166666666667
0.5075,-9.281666666666668
0.5079166666666667,-9.265833333333333
0.5083333333333333,-9.270999999999999
0.50875,-9.272333333333334
0.5091666666666667,-9.293333333333335
0.5095833333333334,-9.320833333333333
0.51,-9.346166666666667
0.5104166666666666,-9.3605
0.5108333333333334,-9.374833333333333
0.51125,-9.396833333333333
0.5116666666666667,-9.405166666666666
0.5120833333333333,-9.4155
0.5125,-9.411333333333333
0.5129166666666667,-9.406833333333333
0.5133333333333333,-9.386999999999999
0.51375,-9.365499999999999
0.5141666666666667,-9.344166666666666
0.5145833333333333,-9.301833333333333
0.515,-9.275333333333334
0.5154166666666666,-9.258000000000001
0.5158333333333334,-9.256
0.51625,-9.266333333333334
0.5166666666666667,-9.284999999999998
0.5170833333333333,-9.310333333333332
0.5175,-9.333499999999999
0.5179166666666667,-9.349333333333332
0.5183333333333333,-9.362666666666668
0.51875,-9.368666666666668
0.5191666666666667,-9.366166666666667
0.5195833333333333,-9.360000000000001
0.52,-9.350999999999999
0.5204166666666666,-9.344
0.5208333333333334,-9.329
0.52125,-9.315333333333333
0.5216666666666666,-9.311166666666667
0.5220833333333333,-9.320833333333333
0.5225,-9.347833333333332
0.5229166666666667,-9.397666666666666
0.5233333333333333,-9.457166666666666
0.52375,-9.519333333333334
0.5241666666666667,-9.578833333333334
0.5245833333333333,-9.638666666666666
0.525,-9.702
0.5254166666666666,-9.770833333333334
0.5258333333333334,-9.865166666666665
0.52625,-9.969999999999999
0.5266666666666666,-10.0795
0.5270833333333333,-10.193333333333333
0.5275,-10.306666666666667
0.5279166666666667,-10.415666666666667
0.5283333333333333,-10.5115
0.52875,-10.604166666666666
0.5291666666666667,-10.6975
0.5295833333333333,-10.792499999999999
0.53,-10.904499999999999
0.5304166666666666,-11.020333333333332
0.5308333333333334,-11.1395
0.53125,-11.257166666666665
0.5316666666666666,-11.372
0.5320833333333334,-11.482
0.5325,-11.573666666666668
0.5329166666666667,-11.659833333333333
0.5333333333333333,-11.732999999999999
0.53375,-11.792333333333334
0.5341666666666667,-11.847
0.5345833333333333,-11.895166666666666
0.535,-11.938333333333333
0.5354166666666667,-11.967999999999998
0.5358333333333334,-11.988833333333334
0.53625,-11.999666666666668
0.5366666666666666,-11.987833333333333
0.5370833333333334,-11.964999999999998
0.5375,-11.921999999999999
0.5379166666666667,-11.868333333333334
0.5383333333333333,-11.8085
0.53875,-11.741
0.5391666666666667,-11.666166666666667
0.5395833333333333,-11.581333333333333
0.54,-11.483333333333334
0.5404166666666667,-11.373333333333333
0.5408333333333334,-11.254833333333332
0.54125,-11.117666666666665
0.5416666666666666,-10.973333333333334
0.5420833333333334,-10.818333333333333
0.5425,-10.646333333333333
0.5429166666666667,-10.466000000000001
0.5433333333333333,-10.271500000000001
0.54375,-10.068833333333332
0.5441666666666667,-9.866
0.5445833333333333,-9.649833333333333
0.545,-9.422
0.5454166666666667,-9.182833333333335
0.5458333333333333,-8.919
0.54625,-8.661
0.5466666666666666,-8.406333333333334
0.5470833333333334,-8.157833333333334
0.5475,-7.933833333333335
0.5479166666666667,-7.698833333333333
0.5483333333333333,-7.465
0.54875,-7.220666666666666
0.5491666666666667,-6.957
0.5495833333333333,-6.695833333333333
0.55,-6.4385
0.5504166666666667,-6.201833333333333
0.5508333333333333,-5.987666666666667
0.55125,-5.787833333333334
0.5516666666666666,-5.605833333333333
0.5520833333333334,-5.4355
0.5525,-5.277166666666667
0.5529166666666666,-5.134499999999999
0.5533333333333333,-5.005166666666667
0.55375,-4.8845
0.5541666666666667,-4.770499999999999
0.5545833333333333,-4.663
0.555,-4.552833333333333
0.5554166666666667,-4.457833333333333
0.5558333333333333,-4.374666666666667
0.55625,-4.318833333333333
0.5566666666666666,-4.297
0.5570833333333334,-4.301166666666666
0.5575,-4.3295
0.5579166666666666,-4.356166666666667
0.5583333333333333,-4.3933333333333335
0.55875,-4.4235
0.5591666666666667,-4.4485
0.5595833333333333,-4.485499999999999
0.56,-4.524166666666667
0.5604166666666667,-4.587666666666666
0.5608333333333333,-4.670000000000001
0.56125,-4.771333333333334
0.5616666666666666,-4.875
0.5620833333333334,-4.9615
0.5625,-5.060666666666666
0.5629166666666666,-5.1611666666666665
0.5633333333333334,-5.280833333333333
0.56375,-5.435666666666666
0.5641666666666667,-5.598166666666667
0.5645833333333333,-5.771833333333333
0.565,-5.94
0.5654166666666667,-6.0825
0.5658333333333333,-6.203
0.56625,-6.295333333333333
0.5666666666666667,-6.383500000000001
0.5670833333333334,-6.482499999999999
0.5675,-6.577833333333333
0.5679166666666666,-6.6855
0.5683333333333334,-6.791666666666667
0.56875,-6.8870000000000005
0.5691666666666667,-6.997
0.5695833333333333,-7.1113333333333335
0.57,-7.2284999999999995
0.5704166666666667,-7.358666666666667
0.5708333333333333,-7.488166666666667
0.57125,-7.621166666666666
0.5716666666666667,-7.748833333333333
0.5720833333333334,-7.8614999999999995
0.5725,-7.977499999999999
0.5729166666666666,-8.082166666666668
0.5733333333333334,-8.183666666666666
0.57375,-8.289333333333333
0.5741666666666667,-8.378333333333334
0.5745833333333333,-8.454333333333333
0.575,-8.516166666666667
0.5754166666666667,-8.573333333333332
0.5758333333333333,-8.624166666666666
0.57625,-8.672
0.5766666666666667,-8.723999999999998
0.5770833333333333,-8.781833333333333
0.5775,-8.858666666666666
0.5779166666666666,-8.9385
0.5783333333333334,-9.026833333333334
0.57875,-9.103
0.5791666666666667,-9.171333333333333
0.5795833333333333,-9.252166666666666
0.58,-9.321833333333334
0.5804166666666667,-9.384833333333333
0.5808333333333333,-9.441666666666665
0.58125,-9.501
0.5816666666666667,-9.549333333333333
0.5820833333333333,-9.576166666666666
0.5825,-9.5745
0.5829166666666666,-9.553833333333333
0.5833333333333334,-9.536499999999998
0.58375,-9.5265
0.5841666666666666,-9.537166666666666
0.5845833333333333,-9.56
0.585,-9.6045
0.5854166666666667,-9.676333333333332
0.5858333333333333,-9.744333333333335
0.58625,-9.797166666666667
0.5866666666666667,-9.831499999999998
0.5870833333333333,-9.846499999999999
0.5875,-9.867166666666666
0.5879166666666666,-9.8755
0.5883333333333334,-9.876666666666667
0.58875,-9.886333333333335
0.5891666666666666,-9.883
0.5895833333333333,-9.884166666666667
0.59,-9.873666666666667
0.5904166666666667,-9.852333333333332
0.5908333333333333,-9.842833333333333
0.59125,-9.836833333333333
0.5916666666666667,-9.859833333333333
0.5920833333333333,-9.89
0.5925,-9.920166666666667
0.5929166666666666,-9.955166666666669
0.5933333333333334,-9.974666666666666
0.59375,-9.990166666666667
0.5941666666666666,-9.982000000000001
0.5945833333333334,-9.9615
0.595,-9.932166666666665
0.5954166666666667,-9.891166666666667
0.5958333333333333,-9.8605
0.59625,-9.827
0.5966666666666667,-9.796333333333335
0.5970833333333333,-9.766666666666666
0.5975,-9.7435
0.5979166666666667,-9.735666666666665
0.5983333333333334,-9.729833333333334
0.59875,-9.720333333333333
0.5991666666666666,-9.7075
0.5995833333333334,-9.690333333333333
0.6,-9.666500000000001
0.6004166666666667,-9.652
0.6008333333333333,-9.631666666666666
0.60125,-9.605333333333334
0.6016666666666667,-9.601
0.6020833333333333,-9.606333333333334
0.6025,-9.6245
0.6029166666666667,-9.648666666666665
0.6033333333333334,-9.669166666666667
0.60375,-9.69
0.6041666666666666,-9.704833333333333
0.6045833333333334,-9.706000000000001
0.605,-9.696
0.6054166666666667,-9.664333333333333
0.6058333333333333,-9.637666666666666
0.60625,-9.633000000000001
0.6066666666666667,-9.6275
0.6070833333333333,-9.6305
0.6075,-9.6165
0.6079166666666667,-9.595166666666666
0.6083333333333333,-9.563833333333333
0.60875,-9.523666666666665
0.6091666666666666,-9.489333333333335
0.6095833333333334,-9.443166666666668
0.61,-9.415666666666667
0.6104166666666667,-9.397666666666666
0.6108333333333333,-9.388666666666667
0.61125,-9.381333333333334
0.6116666666666667,-9.375666666666667
0.6120833333333333,-9.379166666666666
0.6125,-9.388
0.6129166666666667,-9.400666666666668
0.6133333333333333,-9.397499999999999
0.61375,-9.390333333333333
0.6141666666666666,-9.369666666666667
0.6145833333333334,-9.358833333333331
0.615,-9.3485
0.6154166666666666,-9.337833333333334
0.6158333333333333,-9.346166666666667
0.61625,-9.353333333333333
0.6166666666666667,-9.366999999999999
0.6170833333333333,-9.3785
0.6175,-9.384500000000001
0.6179166666666667,-9.379166666666665
0.6183333333333333,-9.373833333333332
0.61875,-9.358833333333331
0.6191666666666666,-9.329833333333333
0.6195833333333334,-9.301333333333334
0.62,-9.269833333333333
0.6204166666666666,-9.248333333333335
0.6208333333333333,-9.216499999999998
0.62125,-9.187
0.6216666666666667,-9.1685
0.6220833333333333,-9.151166666666667
0.6225,-9.151000000000002
0.6229166666666667,-9.1585
0.6233333333333333,-9.174833333333334
0.62375,-9.195833333333333
0.6241666666666666,-9.218166666666667
0.6245833333333334,-9.227500000000001
0.625,-9.222499999999998
0.6254166666666666,-9.201333333333332
0.6258333333333334,-9.168166666666666
0.62625,-9.1335
0.6266666666666667,-9.099499999999999
0.6270833333333333,-9.080666666666668
0.6275,-9.066999999999998
0.6279166666666667,-9.060333333333332
0.6283333333333333,-9.057166666666667
0.62875,-9.056
0.6291666666666667,-9.0595
0.6295833333333334,-9.058333333333332
0.63,-9.057333333333332
0.6304166666666666,-9.050666666666666
0.6308333333333334,-9.044500000000001
0.63125,-9.043999999999999
0.6316666666666667,-9.039333333333333
0.6320833333333333,-9.035
0.6325,-9.020833333333334
0.6329166666666667,-9.008333333333333
0.6333333333333333,-9.002166666666668
0.63375,-8.993666666666668
0.6341666666666667,-8.9815
0.6345833333333334,-8.962833333333332
0.635,-8.944999999999999
0.6354166666666666,-8.934666666666667
0.6358333333333334,-8.929666666666666
0.63625,-8.933833333333332
0.6366666666666667,-8.9465
0.6370833333333333,-8.959499999999998
0.6375,-8.971833333333334
0.6379166666666667,-8.971333333333334
0.6383333333333333,-8.965666666666666
0.63875,-8.949833333333332
0.6391666666666667,-8.931833333333332
0.6395833333333333,-8.923166666666665
0.64,-8.9185
0.6404166666666666,-8.926333333333334
0.6408333333333334,-8.935
0.64125,-8.949833333333332
0.6416666666666667,-8.951333333333332
0.6420833333333333,-8.949
0.6425,-8.952499999999999
0.6429166666666667,-8.946
0.6433333333333333,-8.942833333333333
0.64375,-8.938333333333334
0.6441666666666667,-8.952333333333334
0.6445833333333333,-8.978833333333334
0.645,-9.009333333333332
0.6454166666666666,-9.045666666666667
0.6458333333333334,-9.060666666666668
0.64625,-9.053166666666666
0.6466666666666666,-9.024666666666667
0.6470833333333333,-8.982
0.6475,-8.934
0.6479166666666667,-8.905999999999999
0.6483333333333333,-8.899500000000002
0.64875,-8.904666666666666
0.6491666666666667,-8.915
0.6495833333333333,-8.906833333333333
0.65,-8.8855
0.6504166666666666,-8.859833333333333
0.6508333333333334,-8.831166666666666
0.65125,-8.820666666666666
0.6516666666666666,-8.826333333333332
0.6520833333333333,-8.8475
0.6525,-8.8875
0.6529166666666667,-8.912166666666666
0.6533333333333333,-8.921
0.65375,-8.915166666666666
0.6541666666666667,-8.898499999999999
0.6545833333333333,-8.889666666666667
0.655,-8.884166666666667
0.6554166666666666,-8.894333333333334
0.6558333333333334,-8.9125
0.65625,-8.935333333333334
0.6566666666666666,-8.953166666666666
0.6570833333333334,-8.9575
0.6575,-8.946333333333333
0.6579166666666667,-8.915166666666666
0.6583333333333333,-8.894
0.65875,-8.866833333333334
0.6591666666666667,-8.848166666666666
0.6595833333333333,-8.846
0.66,-8.852333333333334
0.6604166666666667,-8.8705
0.6608333333333334,-8.882333333333333
0.66125,-8.890833333333333
0.6616666666666666,-8.887666666666668
0.6620833333333334,-8.877
0.6625,-8.863333333333333
0.6629166666666667,-8.853833333333334
0.6633333333333333,-8.845666666666666
0.66375,-8.844833333333334
0.6641666666666667,-8.871
0.6645833333333333,-8.894166666666667
0.665,-8.9145
0.6654166666666667,-8.924666666666667
0.6658333333333334,-8.9175
0.66625,-8.908999999999999
0.6666666666666666,-8.890500000000001
0.6670833333333334,-8.870833333333332
0.6675,-8.862333333333334
0.6679166666666667,-8.863333333333335
0.6683333333333333,-8.8675
0.66875,-8.868333333333332
0.6691666666666667,-8.861666666666666
0.6695833333333333,-8.8735
0.67,-8.896500000000001
0.6704166666666667,-8.929166666666667
0.6708333333333333,-8.971666666666666
0.67125,-9.003833333333333
0.6716666666666666,-9.024333333333333
0.6720833333333334,-9.014333333333333
0.6725,-8.973166666666666
0.6729166666666667,-8.911666666666667
0.6733333333333333,-8.8585
0.67375,-8.823
0.6741666666666667,-8.811666666666667
0.6745833333333333,-8.825666666666669
0.675,-8.844166666666666
0.6754166666666667,-8.865666666666668
0.6758333333333333,-8.867833333333335
0.67625,-8.855833333333333
0.6766666666666666,-8.834833333333334
0.6770833333333334,-8.802666666666667
0.6775,-8.782000000000002
0.6779166666666666,-8.773000000000001
0.6783333333333333,-8.777833333333334
0.67875,-8.792333333333334
0.6791666666666667,-8.803666666666667
0.6795833333333333,-8.799166666666666
0.68,-8.779499999999999
0.6804166666666667,-8.753833333333333
0.6808333333333333,-8.728499999999999
0.68125,-8.714166666666667
0.6816666666666666,-8.7075
0.6820833333333334,-8.723666666666668
0.6825,-8.748666666666667
0.6829166666666666,-8.769833333333333
0.6833333333333333,-8.797333333333334
0.68375,-8.8075
0.6841666666666667,-8.805
0.6845833333333333,-8.790166666666666
0.685,-8.765166666666667
0.6854166666666667,-8.7455
0.6858333333333333,-8.728666666666667
0.68625,-8.731166666666667
0.6866666666666666,-8.756166666666667
0.6870833333333334,-8.787333333333335
0.6875,-8.826166666666666
0.6879166666666666,-8.859166666666667
0.6883333333333334,-8.863166666666666
0.68875,-8.857
0.6891666666666667,-8.835166666666666
0.6895833333333333,-8.814333333333334
0.69,-8.803833333333332
0.6904166666666667,-8.789333333333333
0.6908333333333333,-8.792499999999999
0.69125,-8.790999999999999
0.6916666666666667,-8.777666666666667
0.6920833333333334,-8.770166666666666
0.6925,-8.754833333333332
0.6929166666666666,-8.730166666666667
0.6933333333333334,-8.723666666666666
0.69375,-8.716166666666666
0.6941666666666667,-8.718166666666667
0.6945833333333333,-8.726333333333335
0.695,-8.729333333333335
0.6954166666666667,-8.746333333333332
0.6958333333333333,-8.746333333333334
0.69625,-8.754833333333332
0.6966666666666667,-8.7725
0.6970833333333334,-8.7815
0.6975,-8.808
0.6979166666666666,-8.828999999999999
0.6983333333333334,-8.848166666666666
0.69875,-8.867166666666668
0.6991666666666667,-8.874666666666668
0.6995833333333333,-8.872333333333332
0.7,-8.850499999999998
0.7004166666666667,-8.827
0.7008333333333333,-8.804666666666668
0.70125,-8.779666666666666
0.7016666666666667,-8.747833333333332
0.7020833333333333,-8.728666666666667
0.7025,-8.717666666666668
0.7029166666666666,-8.723333333333334
0.7033333333333334,-8.761166666666666
0.70375,-8.797666666666666
0.7041666666666667,-8.841
0.7045833333333333,-8.866666666666665
0.705,-8.879666666666665
0.7054166666666667,-8.877666666666668
0.7058333333333333,-8.836666666666666
0.70625,-8.798666666666668
0.7066666666666667,-8.756166666666665
0.7070833333333333,-8.720833333333333
0.7075,-8.704166666666666
0.7079166666666666,-8.699833333333332
0.7083333333333334,-8.704666666666666
0.70875,-8.709666666666665
0.7091666666666666,-8.721166666666667
0.7095833333333333,-8.736666666666666
0.71,-8.750833333333333
0.7104166666666667,-8.7635
0.7108333333333333,-8.777666666666667
0.71125,-8.793000000000001
0.7116666666666667,-8.804
0.7120833333333333,-8.804166666666667
0.7125,-8.795
0.7129166666666666,-8.770833333333334
0.7133333333333334,-8.7475
0.71375,-8.733333333333334
0.7141666666666666,-8.731499999999999
0.7145833333333333,-8.746
0.715,-8.768500000000001
0.7154166666666667,-8.789666666666667
0.7158333333333333,-8.796833333333334
0.71625,-8.782333333333334
0.7166666666666667,-8.760333333333334
0.7170833333333333,-8.749166666666667
0.7175,-8.749666666666668
0.7179166666666666,-8.767333333333333
0.7183333333333334,-8.795666666666667
0.71875,-8.825333333333333
0.7191666666666666,-8.863166666666666
0.7195833333333334,-8.887666666666666
0.72,-8.896666666666667
0.7204166666666667,-8.8985
0.7208333333333333,-8.891833333333333
0.72125,-8.892666666666667
0.7216666666666667,-8.879
0.7220833333333333,-8.857000000000001
0.7225,-8.830333333333334
0.7229166666666667,-8.803166666666668
0.7233333333333334,-8.7985
0.72375,-8.801666666666666
0.7241666666666666,-8.8095
0.7245833333333334,-8.827
0.725,-8.844499999999998
0.7254166666666667,-8.8495
0.7258333333333333,-8.8385
0.72625,-8.815833333333332
0.7266666666666667,-8.798833333333333
0.7270833333333333,-8.789333333333333
0.7275,-8.790833333333333
0.7279166666666667,-8.804499999999999
0.7283333333333334,-8.804333333333332
0.72875,-8.810666666666666
0.7291666666666666,-8.8225
0.7295833333333334,-8.822166666666668
0.73,-8.819666666666667
0.7304166666666667,-8.813833333333333
0.7308333333333333,-8.814166666666667
0.73125,-8.804333333333334
0.7316666666666667,-8.791333333333334
0.7320833333333333,-8.779833333333334
0.7325,-8.758
0.7329166666666667,-8.744166666666667
0.7333333333333333,-8.735
0.73375,-8.718
0.7341666666666666,-8.705833333333333
0.7345833333333334,-8.700833333333334
0.735,-8.700833333333334
0.7354166666666667,-8.710833333333333
0.7358333333333333,-8.725999999999999
0.73625,-8.7505
0.7366666666666667,-8.767499999999998
0.7370833333333333,-8.774
0.7375,-8.7855
0.7379166666666667,-8.795166666666667
0.7383333333333333,-8.803333333333333
0.73875,-8.819
0.7391666666666666,-8.835
0.7395833333333334,-8.839833333333333
0.74,-8.842
0.7404166666666666,-8.836833333333333
0.7408333333333333,-8.8215
0.74125,-8.8115
0.7416666666666667,-8.804499999999999
0.7420833333333333,-8.812
0.7425,-8.8225
0.7429166666666667,-8.820666666666666
0.7433333333333333,-8.818
0.74375,-8.807166666666667
0.7441666666666666,-8.790333333333335
0.7445833333333334,-8.7685
0.745,-8.747333333333334
0.7454166666666666,-8.731666666666667
0.7458333333333333,-8.719666666666667
0.74625,-8.713000000000001
0.7466666666666667,-8.720333333333334
0.7470833333333333,-8.744333333333335
0.7475,-8.773166666666667
0.7479166666666667,-8.813833333333333
0.7483333333333333,-8.851999999999999
0.74875,-8.8815
0.7491666666666666,-8.900833333333333
0.7495833333333334,-8.906166666666666
0.75,-8.9045
0.7504166666666666,-8.8815
0.7508333333333334,-8.857666666666667
0.75125,-8.834999999999999
0.7516666666666667,-8.8115
0.7520833333333333,-8.801666666666668
0.7525,-8.801333333333334
0.7529166666666667,-8.814166666666667
0.7533333333333333,-8.835166666666668
0.75375,-8.858666666666666
0.7541666666666667,-8.871166666666667
0.7545833333333334,-8.874333333333334
0.755,-8.862333333333334
0.7554166666666666,-8.841333333333333
0.7558333333333334,-8.8335
0.75625,-8.826666666666666
0.7566666666666667,-8.831666666666667
0.7570833333333333,-8.836333333333334
0.7575,-8.838999999999999
0.7579166666666667,-8.850666666666667
0.7583333333333333,-8.854333333333333
0.75875,-8.860333333333335
0.7591666666666667,-8.859666666666667
0.7595833333333334,-8.87
0.76,-8.883166666666666
0.7604166666666666,-8.8955
0.7608333333333334,-8.907666666666666
0.76125,-8.902666666666667
0.7616666666666667,-8.897833333333333
0.7620833333333333,-8.879166666666668
0.7625,-8.857
0.7629166666666667,-8.834666666666665
0.7633333333333333,-8.809833333333334
0.76375,-8.809
0.7641666666666667,-8.817666666666666
0.7645833333333333,-8.820833333333335
0.765,-8.8255
0.7654166666666666,-8.823333333333332
0.7658333333333334,-8.820500000000001
0.76625,-8.803833333333333
0.7666666666666667,-8.785333333333334
0.7670833333333333,-8.775500000000001
0.7675,-8.764333333333333
0.7679166666666667,-8.750166666666667
0.7683333333333333,-8.7365
0.76875,-8.714
0.7691666666666667,-8.6895
0.7695833333333333,-8.68
0.77,-8.674666666666667
0.7704166666666666,-8.683
0.7708333333333334,-8.692666666666666
0.77125,-8.708499999999999
0.7716666666666666,-8.712833333333334
0.7720833333333333,-8.700833333333334
0.7725,-8.698166666666665
0.7729166666666667,-8.687666666666667
0.7733333333333333,-8.6835
0.77375,-8.678166666666668
0.7741666666666667,-8.678833333333335
0.7745833333333333,-8.680333333333335
0.775,-8.6805
0.7754166666666666,-8.689
0.7758333333333334,-8.688333333333333
0.77625,-8.704833333333333
0.7766666666666666,-8.7215
0.7770833333333333,-8.737833333333333
0.7775,-8.748833333333334
0.7779166666666667,-8.752166666666666
0.7783333333333333,-8.761666666666667
0.77875,-8.761166666666666
0.7791666666666667,-8.762500000000001
0.7795833333333333,-8.774000000000001
0.78,-8.784166666666668
0.7804166666666666,-8.793333333333335
0.7808333333333334,-8.802000000000001
0.78125,-8.804666666666668
0.7816666666666666,-8.804166666666667
0.7820833333333334,-8.801499999999999
0.7825,-8.797333333333334
0.7829166666666667,-8.785166666666667
0.7833333333333333,-8.777
0.78375,-8.762500000000001
0.7841666666666667,-8.744166666666667
0.7845833333333333,-8.732333333333331
0.785,-8.723500000000001
0.7854166666666667,-8.728333333333333
0.7858333333333334,-8.722666666666667
0.78625,-8.710333333333333
0.7866666666666666,-8.7015
0.7870833333333334,-8.688666666666666
0.7875,-8.689833333333334
0.7879166666666667,-8.699333333333334
0.7883333333333333,-8.719166666666666
0.78875,-8.755
0.7891666666666667,-8.793
0.7895833333333333,-8.821166666666667
0.79,-8.835666666666667
0.7904166666666667,-8.842666666666666
0.7908333333333334,-8.840333333333334
0.79125,-8.843333333333334
0.7916666666666666,-8.853666666666667
0.7920833333333334,-8.860333333333333
0.7925,-8.872666666666666
0.7929166666666667,-8.881666666666666
0.7933333333333333,-8.8935
0.79375,-8.895000000000001
0.7941666666666667,-8.890333333333333
0.7945833333333333,-8.883999999999999
0.795,-8.8635
0.7954166666666667,-8.860666666666667
0.7958333333333333,-8.864333333333333
0.79625,-8.879166666666668
0.7966666666666666,-8.892833333333334
0.7970833333333334,-8.900166666666669
0.7975,-8.917666666666667
0.7979166666666667,-8.922166666666667
0.7983333333333333,-8.929
0.79875,-8.933166666666667
0.7991666666666667,-8.932666666666668
0.7995833333333333,-8.932833333333333
0.8,-8.931666666666667
0.8004166666666667,-8.921999999999999
0.8008333333333333,-8.9
0.80125,-8.874833333333333
0.8016666666666666,-8.850666666666667
0.8020833333333334,-8.843333333333334
0.8025,-8.839833333333333
0.8029166666666666,-8.851666666666667
0.8033333333333333,-8.878666666666666
0.80375,-8.9095
0.8041666666666667,-8.944166666666666
0.8045833333333333,-8.958499999999999
0.805,-8.960166666666668
0.8054166666666667,-8.956166666666666
0.8058333333333333,-8.940666666666667
0.80625,-8.936
0.8066666666666666,-8.936333333333332
0.8070833333333334,-8.936
0.8075,-8.948500000000001
0.8079166666666666,-8.946833333333334
0.8083333333333333,-8.946666666666667
0.80875,-8.9275
0.8091666666666667,-8.907166666666667
0.8095833333333333,-8.897333333333334
0.81,-8.8745
0.8104166666666667,-8.8675
0.8108333333333333,-8.861500000000001
0.81125,-8.873833333333332
0.8116666666666666,-8.8965
0.8120833333333334,-8.924166666666666
0.8125,-8.955333333333334
0.8129166666666666,-8.976166666666666
0.8133333333333334,-8.989666666666666
0.81375,-8.992666666666667
0.8141666666666667,-8.979000000000001
0.8145833333333333,-8.962833333333334
0.815,-8.961166666666669
0.8154166666666667,-8.956833333333334
0.8158333333333333,-8.967
0.81625,-8.9705
0.8166666666666667,-8.964666666666666
0.8170833333333334,-8.958
0.8175,-8.934500000000002
0.8179166666666666,-8.927833333333334
0.8183333333333334,-8.924333333333331
0.81875,-8.926166666666667
0.8191666666666667,-8.947999999999999
0.8195833333333333,-8.965666666666667
0.82,-8.987166666666667
0.8204166666666667,-9.006166666666667
0.8208333333333333,-9.017666666666669
0.82125,-9.018
0.8216666666666667,-9.008333333333333
0.8220833333333334,-9.001333333333333
0.8225,-8.994000000000002
0.8229166666666666,-8.986666666666666
0.8233333333333334,-8.977166666666667
0.82375,-8.9805
0.8241666666666667,-8.988333333333332
0.8245833333333333,-8.984166666666667
0.825,-8.984499999999999
0.8254166666666667,-8.978833333333332
0.8258333333333333,-8.9595
0.82625,-8.941333333333333
0.8266666666666667,-8.917500000000002
0.8270833333333333,-8.908833333333334
0.8275,-8.912333333333335
0.8279166666666666,-8.916166666666667
0.8283333333333334,-8.920833333333334
0.82875,-8.911666666666667
0.8291666666666667,-8.9075
0.8295833333333333,-8.917166666666667
0.83,-8.929
0.8304166666666667,-8.937333333333335
0.8308333333333333,-8.948833333333333
0.83125,-8.954333333333333
0.8316666666666667,-8.958666666666666
0.8320833333333333,-8.944999999999999
0.8325,-8.925666666666666
0.8329166666666666,-8.917
0.8333333333333334,-8.903333333333334
0.83375,-8.9055
0.8341666666666666,-8.901333333333334
0.8345833333333333,-8.900833333333333
0.835,-8.9105
0.8354166666666667,-8.907166666666667
0.8358333333333333,-8.912333333333335
0.83625,-8.9105
0.8366666666666667,-8.904
0.8370833333333333,-8.900666666666666
0.8375,-8.885166666666668
0.8379166666666666,-8.870833333333332
0.8383333333333334,-8.869
0.83875,-8.879
0.8391666666666666,-8.899500000000002
0.8395833333333333,-8.915666666666667
0.84,-8.918666666666667
0.8404166666666667,-8.927666666666665
0.8408333333333333,-8.931333333333333
0.84125,-8.932
0.8416666666666667,-8.930166666666667
0.8420833333333333,-8.919166666666667
0.8425,-8.913166666666667
0.8429166666666666,-8.902333333333333
0.8433333333333334,-8.894333333333334
0.84375,-8.895333333333333
0.8441666666666666,-8.890666666666666
0.8445833333333334,-8.892333333333333
0.845,-8.886000000000001
0.8454166666666667,-8.870666666666667
0.8458333333333333,-8.851666666666667
0.84625,-8.832499999999998
0.8466666666666667,-8.830833333333333
0.8470833333333333,-8.844999999999999
0.8475,-8.874166666666667
0.8479166666666667,-8.905833333333334
0.8483333333333334,-8.939166666666667
0.84875,-8.956333333333333
0.8491666666666666,-8.966833333333334
0.8495833333333334,-8.969666666666667
0.85,-8.951666666666666
0.8504166666666667,-8.9315
0.8508333333333333,-8.905666666666667
0.85125,-8.879166666666666
0.8516666666666667,-8.8695
0.8520833333333333,-8.870333333333333
0.8525,-8.886666666666667
0.8529166666666667,-8.909666666666666
0.8533333333333334,-8.924
0.85375,-8.937833333333334
0.8541666666666666,-8.935500000000001
0.8545833333333334,-8.931000000000001
0.855,-8.938833333333333
0.8554166666666667,-8.952333333333334
0.8558333333333333,-8.975
0.85625,-9.004166666666666
0.8566666666666667,-9.019833333333333
0.8570833333333333,-9.027500000000002
0.8575,-9.026666666666666
0.8579166666666667,-9.021833333333333
0.8583333333333333,-9.0275
0.85875,-9.029333333333334
0.8591666666666666,-9.039666666666667
0.8595833333333334,-9.051833333333335
0.86,-9.052666666666667
0.8604166666666667,-9.051
0.8608333333333333,-9.033
0.86125,-9.007833333333332
0.8616666666666667,-8.991666666666665
0.8620833333333333,-8.9805
0.8625,-8.985
0.8629166666666667,-8.992166666666668
0.8633333333333333,-8.995
0.86375,-8.995166666666668
0.8641666666666666,-8.990666666666668
0.8645833333333334,-8.981833333333332
0.865,-8.971833333333334
0.8654166666666666,-8.967666666666666
0.8658333333333333,-8.963
0.86625,-8.967333333333334
0.8666666666666667,-8.972666666666667
0.8670833333333333,-8.972666666666667
0.8675,-8.9705
0.8679166666666667,-8.962666666666667
0.8683333333333333,-8.947666666666665
0.86875,-8.932166666666667
0.8691666666666666,-8.919333333333332
0.8695833333333334,-8.906833333333333
0.87,-8.895833333333334
0.8704166666666666,-8.887166666666667
0.8708333333333333,-8.888166666666665
0.87125,-8.896833333333333
0.8716666666666667,-8.9055
0.8720833333333333,-8.908000000000001
0.8725,-8.902333333333333
0.8729166666666667,-8.8865
0.8733333333333333,-8.876833333333332
0.87375,-8.870333333333333
0.8741666666666666,-8.864333333333335
0.8745833333333334,-8.874
0.875,-8.900166666666665
0.8754166666666666,-8.937833333333332
0.8758333333333334,-8.971333333333334
0.87625,-8.990666666666668
0.8766666666666667,-8.982666666666667
0.8770833333333333,-8.956666666666665
0.8775,-8.933666666666667
0.8779166666666667,-8.917166666666667
0.8783333333333333,-8.911333333333333
0.87875,-8.919166666666667
0.8791666666666667,-8.942
0.8795833333333334,-8.968666666666666
0.88,-8.977666666666666
0.8804166666666666,-8.966499999999998
0.8808333333333334,-8.945666666666666
0.88125,-8.919166666666667
0.8816666666666667,-8.904666666666667
0.8820833333333333,-8.899333333333333
0.8825,-8.9015
0.8829166666666667,-8.912
0.8833333333333333,-8.937666666666665
0.88375,-8.975333333333333
0.8841666666666667,-9.004666666666667
0.8845833333333334,-9.034833333333333
0.885,-9.057833333333335
0.8854166666666666,-9.080666666666668
0.8858333333333334,-9.101
0.88625,-9.106
0.8866666666666667,-9.103499999999999
0.8870833333333333,-9.086833333333333
0.8875,-9.0635
0.8879166666666667,-9.039166666666667
0.8883333333333333,-9.023833333333334
0.88875,-9.008166666666666
0.8891666666666667,-9.009166666666667
0.8895833333333333,-9.024333333333333
0.89,-9.046
0.8904166666666666,-9.085500000000001
0.8908333333333334,-9.117666666666667
0.89125,-9.14
0.8916666666666667,-9.140166666666667
0.8920833333333333,-9.110333333333335
0.8925,-9.0635
0.8929166666666667,-9.01
0.8933333333333333,-8.956833333333334
0.89375,-8.930333333333333
0.8941666666666667,-8.923833333333333
0.8945833333333333,-8.9335
0.895,-8.952666666666667
0.8954166666666666,-8.960166666666666
0.8958333333333334,-8.956333333333333
0.89625,-8.932666666666668
0.8966666666666666,-8.914833333333334
0.8970833333333333,-8.897499999999999
0.8975,-8.889
0.8979166666666667,-8.891666666666666
0.8983333333333333,-8.899666666666667
0.89875,-8.922166666666667
0.8991666666666667,-8.936
0.8995833333333333,-8.960166666666668
0.9,-8.980666666666666
0.9004166666666666,-8.989
0.9008333333333334,-8.991666666666665
0.90125,-8.983833333333331
0.9016666666666666,-8.971833333333334
0.9020833333333333,-8.959166666666667
0.9025,-8.958666666666666
0.9029166666666667,-8.955333333333334
0.9033333333333333,-8.954833333333333
0.90375,-8.9545
0.9041666666666667,-8.946666666666667
0.9045833333333333,-8.943666666666667
0.905,-8.934833333333335
0.9054166666666666,-8.932666666666668
0.9058333333333334,-8.927333333333335
0.90625,-8.913666666666666
0.9066666666666666,-8.912833333333333
0.9070833333333334,-8.897
0.9075,-8.878833333333333
0.9079166666666667,-8.871166666666666
0.9083333333333333,-8.875833333333334
0.90875,-8.901333333333332
0.9091666666666667,-8.952
0.9095833333333333,-9.019833333333333
0.91,-9.080833333333333
0.9104166666666667,-9.125666666666667
0.9108333333333334,-9.152166666666668
0.91125,-9.159666666666666
0.9116666666666666,-9.134666666666666
0.9120833333333334,-9.094833333333334
0.9125,-9.0495
0.9129166666666667,-9.0
0.9133333333333333,-8.969
0.91375,-8.950833333333334
0.9141666666666667,-8.9435
0.9145833333333333,-8.943166666666668
0.915,-8.9505
0.9154166666666667,-8.969833333333334
0.9158333333333334,-8.985333333333333
0.91625,-9.006166666666667
0.9166666666666666,-9.024666666666667
0.9170833333333334,-9.037666666666667
0.9175,-9.055
0.9179166666666667,-9.065833333333334
0.9183333333333333,-9.072833333333334
0.91875,-9.069833333333333
0.9191666666666667,-9.068166666666668
0.9195833333333333,-9.067833333333333
0.92,-9.064333333333332
0.9204166666666667,-9.065
0.9208333333333333,-9.064833333333333
0.92125,-9.06
0.9216666666666666,-9.040166666666666
0.9220833333333334,-9.022666666666666
0.9225,-9.006166666666667
0.9229166666666667,-8.985999999999999
0.9233333333333333,-8.980833333333333
0.92375,-8.978333333333333
0.9241666666666667,-8.979666666666667
0.9245833333333333,-8.983666666666666
0.925,-8.993666666666668
0.9254166666666667,-9.0105
0.9258333333333333,-9.002666666666668
0.92625,-8.995833333333332
0.9266666666666666,-8.9895
0.9270833333333334,-8.9865
0.9275,-8.986833333333331
0.9279166666666666,-8.977166666666667
0.9283333333333333,-8.9765
0.92875,-8.973166666666666
0.9291666666666667,-8.983666666666666
0.9295833333333333,-8.9955
0.93,-8.989
0.9304166666666667,-8.981333333333334
0.9308333333333333,-8.9695
0.93125,-8.966333333333333
0.9316666666666666,-8.968833333333334
0.9320833333333334,-8.965166666666667
0.9325,-8.978666666666667
0.9329166666666666,-8.990333333333334
0.9333333333333333,-8.997833333333334
0.93375,-9.003333333333332
0.9341666666666667,-8.99
0.9345833333333333,-8.979000000000001
0.935,-8.978499999999999
0.9354166666666667,-8.984166666666667
0.9358333333333333,-8.990666666666668
0.93625,-8.989833333333333
0.9366666666666666,-8.979833333333334
0.9370833333333334,-8.96
0.9375,-8.936166666666667
0.9379166666666666,-8.924333333333333
0.9383333333333334,-8.918833333333334
0.93875,-8.911666666666667
0.9391666666666667,-8.914333333333333
0.9395833333333333,-8.921666666666667
0.94,-8.925833333333335
0.9404166666666667,-8.936
0.9408333333333333,-8.936666666666667
0.94125,-8.9355
0.9416666666666667,-8.9375
0.9420833333333334,-8.948500000000001
0.9425,-8.968499999999999
0.9429166666666666,-8.982000000000001
0.9433333333333334,-9.0
0.94375,-9.014333333333333
0.9441666666666667,-9.016166666666667
0.9445833333333333,-9.003833333333334
0.945,-8.978333333333333
0.9454166666666667,-8.950166666666668
0.9458333333333333,-8.935166666666667
0.94625,-8.9345
0.9466666666666667,-8.948166666666667
0.9470833333333334,-8.971333333333334
0.9475,-8.985166666666666
0.9479166666666666,-8.994666666666667
0.9483333333333334,-8.998666666666665
0.94875,-8.994166666666667
0.9491666666666667,-8.993
0.9495833333333333,-8.990666666666666
0.95,-8.989166666666668
0.9504166666666667,-8.987166666666667
0.9508333333333333,-8.988833333333334
0.95125,-8.997833333333332
0.9516666666666667,-9.005666666666668
0.9520833333333333,-9.012166666666667
0.9525,-9.014166666666666
0.9529166666666666,-9.014166666666666
0.9533333333333334,-9.012500000000001
0.95375,-9.004166666666668
0.9541666666666667,-8.998833333333332
0.9545833333333333,-8.996500000000001
0.955,-9.010333333333334
0.9554166666666667,-9.028
0.9558333333333333,-9.0325
0.95625,-9.045333333333334
0.9566666666666667,-9.047333333333333
0.9570833333333333,-9.050333333333334
0.9575,-9.061666666666666
0.9579166666666666,-9.071333333333333
0.9583333333333334,-9.079833333333333
0.95875,-9.077833333333333
0.9591666666666666,-9.068
0.9595833333333333,-9.040666666666667
0.96,-9.012333333333332
0.9604166666666667,-9.0085
0.9608333333333333,-9.030333333333333
0.96125,-9.061
0.9616666666666667,-9.096333333333334
0.9620833333333333,-9.122166666666667
0.9625,-9.125333333333332
0.9629166666666666,-9.0965
0.9633333333333334,-9.050666666666666
0.96375,-8.999
0.9641666666666666,-8.951166666666667
0.9645833333333333,-8.924833333333334
0.965,-8.907333333333334
0.9654166666666667,-8.898
0.9658333333333333,-8.892000000000001
0.96625,-8.902166666666666
0.9666666666666667,-8.924666666666667
0.9670833333333333,-8.960833333333333
0.9675,-9.009166666666667
0.9679166666666666,-9.052666666666665
0.9683333333333334,-9.087666666666665
0.96875,-9.102166666666667
0.9691666666666666,-9.093666666666666
0.9695833333333334,-9.07
0.97,-9.037166666666666
0.9704166666666667,-9.001
0.9708333333333333,-8.984666666666667
0.97125,-8.979
0.9716666666666667,-8.983166666666667
0.9720833333333333,-9.007166666666665
0.9725,-9.029
0.9729166666666667,-9.050833333333332
0.9733333333333334,-9.0605
0.97375,-9.0495
0.9741666666666666,-9.033666666666667
0.9745833333333334,-9.001666666666667
0.975,-8.976333333333333
0.9754166666666667,-8.9675
0.9758333333333333,-8.961666666666666
0.97625,-8.977500000000001
0.9766666666666667,-8.994
0.9770833333333333,-9.0025
0.9775,-9.005333333333335
0.9779166666666667,-8.994666666666665
0.9783333333333334,-8.974833333333333
0.97875,-8.955166666666665
0.9791666666666666,-8.952
0.9795833333333334,-8.958666666666666
0.98,-8.967833333333333
0.9804166666666667,-8.974
0.9808333333333333,-8.970166666666666
0.98125,-8.977166666666667
0.9816666666666667,-8.983833333333335
0.9820833333333333,-8.994333333333334
0.9825,-9.012166666666666
0.9829166666666667,-9.026666666666666
0.9833333333333333,-9.051
0.98375,-9.060666666666668
0.9841666666666666,-9.059666666666667
0.9845833333333334,-9.058166666666667
0.985,-9.042333333333332
0.9854166666666667,-9.0325
0.9858333333333333,-9.032666666666666
0.98625,-9.027500000000002
0.9866666666666667,-9.035166666666667
0.9870833333333333,-9.037833333333333
0.9875,-9.029833333333334
0.9879166666666667,-9.025666666666666
0.9883333333333333,-9.014833333333334
0.98875,-9.007666666666667
0.9891666666666666,-9.002
0.9895833333333334,-8.990333333333332
0.99,-8.993166666666667
0.9904166666666666,-9.005166666666666
0.9908333333333333,-9.021666666666667
0.99125,-9.046333333333335
0.9916666666666667,-9.054166666666667
0.9920833333333333,-9.064666666666668
0.9925,-9.076
0.9929166666666667,-9.078666666666665
0.9933333333333333,-9.079666666666666
0.99375,-9.078666666666667
0.9941666666666666,-9.076333333333332
0.9945833333333334,-9.078
0.995,-9.0785
0.9954166666666666,-9.079166666666667
0.9958333333333333,-9.088000000000001
0.99625,-9.093333333333334
0.9966666666666667,-9.112666666666668
0.9970833333333333,-9.133333333333333
0.9975,-9.130833333333333
0.9979166666666667,-9.125
0.9983333333333333,-9.109499999999999
0.99875,-9.0915
0.9991666666666666,-9.085166666666666
0.9995833333333334,-9.084333333333333
1.0,-9.11
1.0004166666666667,-9.137166666666666
1.0008333333333332,-9.161666666666667
1.00125,-9.172500000000001
1.0016666666666667,-9.1675
1.0020833333333334,-9.152833333333334
1.0025,-9.14
1.0029166666666667,-9.127333333333333
1.0033333333333334,-9.101666666666665
1.00375,-9.0865
1.0041666666666667,-9.0645
1.0045833333333334,-9.057
1.005,-9.050500000000001
1.0054166666666666,-9.048833333333333
1.0058333333333334,-9.068833333333332
1.00625,-9.087
1.0066666666666666,-9.1145
1.0070833333333333,-9.128833333333333
1.0075,-9.139333333333333
1.0079166666666666,-9.150833333333333
1.0083333333333333,-9.158500000000002
1.00875,-9.169333333333332
1.0091666666666668,-9.168166666666666
1.0095833333333333,-9.164666666666667
1.01,-9.157166666666667
1.0104166666666667,-9.156
1.0108333333333333,-9.163166666666667
1.01125,-9.174333333333335
1.0116666666666667,-9.189166666666667
1.0120833333333332,-9.2005
1.0125,-9.206833333333334
1.0129166666666667,-9.197000000000001
1.0133333333333334,-9.182833333333333
1.01375,-9.163666666666666
1.0141666666666667,-9.143500000000001
1.0145833333333334,-9.127666666666668
1.015,-9.109833333333334
1.0154166666666666,-9.098
1.0158333333333334,-9.093
1.01625,-9.086
1.0166666666666666,-9.088833333333334
1.0170833333333333,-9.092500000000001
1.0175,-9.097666666666667
1.0179166666666666,-9.1105
1.0183333333333333,-9.101333333333335
1.01875,-9.107833333333334
1.0191666666666668,-9.106666666666667
1.0195833333333333,-9.099166666666667
1.02,-9.102166666666667
1.0204166666666667,-9.078000000000001
1.0208333333333333,-9.058166666666667
1.02125,-9.0215
1.0216666666666667,-8.982500000000002
1.0220833333333332,-8.959999999999999
1.0225,-8.942166666666665
1.0229166666666667,-8.947166666666668
1.0233333333333334,-8.966833333333334
1.02375,-8.987
1.0241666666666667,-9.0055
1.0245833333333334,-9.018333333333333
1.025,-9.034333333333334
1.0254166666666666,-9.052833333333334
1.0258333333333334,-9.056833333333334
1.02625,-9.068666666666667
1.0266666666666666,-9.0665
1.0270833333333333,-9.046
1.0275,-9.015500000000001
1.0279166666666666,-8.971833333333334
1.0283333333333333,-8.939833333333334
1.02875,-8.905333333333333
1.0291666666666666,-8.8905
1.0295833333333333,-8.895000000000001
1.03,-8.897
1.0304166666666668,-8.912666666666667
1.0308333333333333,-8.926
1.03125,-8.937666666666667
1.0316666666666667,-8.953666666666669
1.0320833333333332,-8.975666666666667
1.0325,-9.001833333333332
1.0329166666666667,-9.017666666666665
1.0333333333333334,-9.0225
1.03375,-9.019666666666666
1.0341666666666667,-9.018166666666668
1.0345833333333334,-9.005833333333333
1.035,-8.996333333333332
1.0354166666666667,-8.9925
1.0358333333333334,-8.989
1.03625,-9.007
1.0366666666666666,-9.021500000000001
1.0370833333333334,-9.046833333333334
1.0375,-9.079166666666667
1.0379166666666666,-9.107999999999999
1.0383333333333333,-9.145000000000001
1.03875,-9.163833333333333
1.0391666666666666,-9.172666666666666
1.0395833333333333,-9.173666666666666
1.04,-9.161666666666667
1.0404166666666668,-9.141833333333333
1.0408333333333333,-9.104666666666667
1.04125,-9.057333333333334
1.0416666666666667,-9.014999999999999
1.0420833333333333,-8.970833333333333
1.0425,-8.950833333333334
1.0429166666666667,-8.945
1.0433333333333332,-8.958666666666666
1.04375,-8.999666666666668
1.0441666666666667,-9.045499999999999
1.0445833333333334,-9.101833333333333
1.045,-9.135
1.0454166666666667,-9.161166666666666
1.0458333333333334,-9.177666666666667
1.04625,-9.176333333333334
1.0466666666666666,-9.168666666666667
1.0470833333333334,-9.140500000000001
1.0475,-9.113333333333333
1.0479166666666666,-9.096333333333334
1.0483333333333333,-9.102166666666667
1.04875,-9.118833333333333
1.0491666666666666,-9.138833333333334
1.0495833333333333,-9.153166666666666
1.05,-9.1625
1.0504166666666668,-9.1725
1.0508333333333333,-9.167666666666667
1.05125,-9.169666666666666
1.0516666666666667,-9.172166666666667
1.0520833333333333,-9.184333333333333
1.0525,-9.188333333333333
1.0529166666666667,-9.171
1.0533333333333332,-9.141666666666667
1.05375,-9.1045
1.0541666666666667,-9.079
1.0545833333333334,-9.071833333333332
1.055,-9.09
1.0554166666666667,-9.115833333333333
1.0558333333333334,-9.155333333333333
1.05625,-9.177666666666667
1.0566666666666666,-9.179166666666667
1.0570833333333334,-9.164833333333334
1.0575,-9.134333333333332
1.0579166666666666,-9.114166666666668
1.0583333333333333,-9.090833333333334
1.05875,-9.080833333333333
1.0591666666666666,-9.083333333333332
1.0595833333333333,-9.089166666666667
1.06,-9.107333333333335
1.0604166666666666,-9.105666666666666
1.0608333333333333,-9.099833333333333
1.06125,-9.100833333333332
1.0616666666666668,-9.094166666666666
1.0620833333333333,-9.079333333333333
1.0625,-9.041333333333334
1.0629166666666667,-9.0075
1.0633333333333332,-8.983166666666667
1.06375,-8.975999999999999
1.0641666666666667,-8.991666666666667
1.0645833333333334,-9.022499999999999
1.065,-9.062333333333333
1.0654166666666667,-9.108
1.0658333333333334,-9.146666666666667
1.06625,-9.147499999999999
1.0666666666666667,-9.136166666666666
1.0670833333333334,-9.104666666666667
1.0675,-9.083166666666665
1.0679166666666666,-9.082166666666668
1.0683333333333334,-9.092166666666667
1.06875,-9.114666666666666
1.0691666666666666,-9.125833333333334
1.0695833333333333,-9.126
1.07,-9.094166666666666
1.0704166666666666,-9.057333333333334
1.0708333333333333,-9.013833333333332
1.07125,-8.979
1.0716666666666668,-8.9655
1.0720833333333333,-8.965833333333332
1.0725,-8.995666666666667
1.0729166666666667,-9.009666666666668
1.0733333333333333,-9.018166666666666
1.07375,-9.032166666666667
1.0741666666666667,-9.021666666666668
1.0745833333333332,-9.029333333333334
1.075,-9.0435
1.0754166666666667,-9.057166666666667
1.0758333333333334,-9.082166666666668
1.07625,-9.091666666666667
1.0766666666666667,-9.101333333333335
1.0770833333333334,-9.101833333333333
1.0775,-9.097333333333333
1.0779166666666666,-9.095
1.0783333333333334,-9.085333333333333
1.07875,-9.0695
1.0791666666666666,-9.064666666666668
1.0795833333333333,-9.0595
1.08,-9.058666666666667
1.0804166666666666,-9.059833333333332
1.0808333333333333,-9.065166666666668
1.08125,-9.083166666666667
1.0816666666666668,-9.091
1.0820833333333333,-9.102833333333333
1.0825,-9.105666666666666
1.0829166666666667,-9.106666666666667
1.0833333333333333,-9.109
1.08375,-9.101333333333333
1.0841666666666667,-9.094999999999999
1.0845833333333332,-9.0825
1.085,-9.078333333333333
1.0854166666666667,-9.079166666666666
1.0858333333333334,-9.073833333333333
1.08625,-9.08
1.0866666666666667,-9.094333333333333
1.0870833333333334,-9.115
1.0875,-9.130666666666668
1.0879166666666666,-9.139833333333334
1.0883333333333334,-9.149000000000001
1.08875,-9.1435
1.0891666666666666,-9.140333333333333
1.0895833333333333,-9.1295
1.09,-9.120666666666667
1.0904166666666666,-9.118666666666666
1.0908333333333333,-9.1165
1.09125,-9.131666666666668
1.0916666666666666,-9.137
1.0920833333333333,-9.150666666666666
1.0925,-9.159833333333333
1.0929166666666668,-9.156999999999998
1.0933333333333333,-9.15
1.09375,-9.130666666666665
1.0941666666666667,-9.125666666666666
1.0945833333333332,-9.121666666666668
1.095,-9.124
1.0954166666666667,-9.1385
1.0958333333333334,-9.159166666666666
1.09625,-9.18
1.0966666666666667,-9.187
1.0970833333333334,-9.180000000000001
1.0975,-9.151499999999999
1.0979166666666667,-9.122
1.0983333333333334,-9.108833333333335
1.09875,-9.107166666666666
1.0991666666666666,-9.133333333333333
1.0995833333333334,-9.167833333333334
1.1,-9.211166666666667
1.1004166666666666,-9.248
1.1008333333333333,-9.262666666666668
1.10125,-9.262666666666666
1.1016666666666666,-9.243833333333333
1.1020833333333333,-9.220666666666666
1.1025,-9.190833333333332
1.1029166666666668,-9.172333333333333
1.1033333333333333,-9.165166666666666
1.10375,-9.175833333333335
1.1041666666666667,-9.192166666666667
1.1045833333333333,-9.198833333333333
1.105,-9.203833333333334
1.1054166666666667,-9.191
1.1058333333333332,-9.170666666666667
1.10625,-9.147166666666665
1.1066666666666667,-9.1225
1.1070833333333334,-9.104833333333334
1.1075,-9.106833333333332
1.1079166666666667,-9.113333333333335
1.1083333333333334,-9.122166666666667
1.10875,-9.123333333333335
1.1091666666666666,-9.119166666666667
1.1095833333333334,-9.1255
1.11,-9.127666666666666
1.1104166666666666,-9.136666666666668
1.1108333333333333,-9.140666666666666
1.11125,-9.137166666666666
1.1116666666666666,-9.124333333333333
1.1120833333333333,-9.117166666666668
1.1125,-9.121833333333333
1.1129166666666668,-9.141
1.1133333333333333,-9.174333333333333
1.11375,-9.215
1.1141666666666667,-9.246166666666667
1.1145833333333333,-9.265
1.115,-9.258666666666665
1.1154166666666667,-9.214833333333333
1.1158333333333332,-9.157
1.11625,-9.087666666666665
1.1166666666666667,-9.045
1.1170833333333334,-9.026833333333334
1.1175,-9.0275
1.1179166666666667,-9.045666666666667
1.1183333333333334,-9.0665
1.11875,-9.096666666666666
1.1191666666666666,-9.122
1.1195833333333334,-9.137666666666666
1.12,-9.151
1.1204166666666666,-9.147333333333334
1.1208333333333333,-9.142833333333334
1.12125,-9.138833333333332
1.1216666666666666,-9.129833333333332
1.1220833333333333,-9.122166666666667
1.1225,-9.1025
1.1229166666666666,-9.086833333333333
1.1233333333333333,-9.066333333333334
1.12375,-9.0455
1.1241666666666668,-9.039333333333333
1.1245833333333333,-9.03
1.125,-9.038333333333332
1.1254166666666667,-9.066333333333334
1.1258333333333332,-9.091666666666667
1.12625,-9.118166666666667
1.1266666666666667,-9.127833333333335
1.1270833333333334,-9.1295
1.1275,-9.127666666666665
1.1279166666666667,-9.109666666666667
1.1283333333333334,-9.104666666666668
1.12875,-9.099833333333333
1.1291666666666667,-9.106666666666667
1.1295833333333334,-9.118500000000001
1.13,-9.121833333333333
1.1304166666666666,-9.1215
1.1308333333333334,-9.111166666666666
1.13125,-9.1115
1.1316666666666666,-9.094999999999999
1.1320833333333333,-9.082500000000001
1.1325,-9.084499999999998
1.1329166666666666,-9.099
1.1333333333333333,-9.133666666666668
1.13375,-9.159833333333333
1.1341666666666668,-9.1865
1.1345833333333333,-9.205166666666667
1.135,-9.213666666666667
1.1354166666666667,-9.232999999999999
1.1358333333333333,-9.236166666666668
1.13625,-9.225
1.1366666666666667,-9.209166666666667
1.1370833333333332,-9.185333333333332
1.1375,-9.166166666666667
1.1379166666666667,-9.155833333333334
1.1383333333333334,-9.151166666666667
1.13875,-9.161166666666666
1.1391666666666667,-9.180666666666667
1.1395833333333334,-9.204500000000001
1.14,-9.226
1.1404166666666666,-9.226666666666667
1.1408333333333334,-9.214666666666668
1.14125,-9.193166666666668
1.1416666666666666,-9.180333333333333
1.1420833333333333,-9.174666666666667
1.1425,-9.177166666666666
1.1429166666666666,-9.190666666666667
1.1433333333333333,-9.214666666666666
1.14375,-9.244000000000002
1.1441666666666668,-9.264000000000001
1.1445833333333333,-9.272833333333333
1.145,-9.264666666666669
1.1454166666666667,-9.241166666666667
1.1458333333333333,-9.218666666666666
1.14625,-9.186833333333333
1.1466666666666667,-9.149666666666667
1.1470833333333332,-9.115499999999999
1.1475,-9.088666666666667
1.1479166666666667,-9.083333333333334
1.1483333333333334,-9.094666666666667
1.14875,-9.124166666666667
1.1491666666666667,-9.163333333333334
1.1495833333333334,-9.197000000000001
1.15,-9.223666666666668
1.1504166666666666,-9.239166666666668
1.1508333333333334,-9.230500000000001
1.15125,-9.216833333333334
1.1516666666666666,-9.2005
1.1520833333333333,-9.190833333333332
1.1525,-9.195166666666667
1.1529166666666666,-9.199
1.1533333333333333,-9.213166666666666
1.15375,-9.216166666666666
1.1541666666666666,-9.21
1.1545833333333333,-9.194333333333333
1.155,-9.164499999999999
1.1554166666666668,-9.138499999999999
1.1558333333333333,-9.1165
1.15625,-9.1135
1.1566666666666667,-9.116
1.1570833333333332,-9.128333333333332
1.1575,-9.1485
1.1579166666666667,-9.157
1.1583333333333334,-9.162833333333333
1.15875,-9.159333333333334
1.1591666666666667,-9.157666666666666
1.1595833333333334,-9.158833333333334
1.16,-9.158666666666667
1.1604166666666667,-9.161166666666666
1.1608333333333334,-9.155666666666667
1.16125,-9.147833333333333
1.1616666666666666,-9.1425
1.1620833333333334,-9.123666666666667
1.1625,-9.108833333333333
1.1629166666666666,-9.100500000000002
1.1633333333333333,-9.096666666666666
1.16375,-9.111833333333335
1.1641666666666666,-9.122333333333332
1.1645833333333333,-9.137833333333333
1.165,-9.152166666666666
1.1654166666666668,-9.158333333333333
1.1658333333333333,-9.1745
1.16625,-9.171833333333332
1.1666666666666667,-9.173166666666667
1.1670833333333333,-9.181833333333332
1.1675,-9.186333333333332
1.1679166666666667,-9.203000000000001
1.1683333333333332,-9.2035
1.16875,-9.194833333333333
1.1691666666666667,-9.183666666666666
1.1695833333333334,-9.1745
1.17,-9.168000000000001
1.1704166666666667,-9.155666666666667
1.1708333333333334,-9.148333333333332
1.17125,-9.1395
1.1716666666666666,-9.121166666666667
1.1720833333333334,-9.103833333333332
1.1725,-9.075833333333334
1.1729166666666666,-9.049666666666665
1.1733333333333333,-9.038
1.17375,-9.044333333333332
1.1741666666666666,-9.073500000000001
1.1745833333333333,-9.100999999999999
1.175,-9.137500000000001
1.1754166666666668,-9.168833333333334
1.1758333333333333,-9.173333333333334
1.17625,-9.161500000000002
1.1766666666666667,-9.135
1.1770833333333333,-9.101833333333333
1.1775,-9.081833333333334
1.1779166666666667,-9.07
1.1783333333333332,-9.079333333333333
1.17875,-9.103666666666667
1.1791666666666667,-9.133333333333333
1.1795833333333334,-9.169166666666667
1.18,-9.187666666666667
1.1804166666666667,-9.205333333333334
1.1808333333333334,-9.222499999999998
1.18125,-9.237666666666668
1.1816666666666666,-9.260666666666665
1.1820833333333334,-9.265666666666666
1.1825,-9.2725
1.1829166666666666,-9.2795
1.1833333333333333,-9.275
1.18375,-9.268500000000001
1.1841666666666666,-9.249833333333333
1.1845833333333333,-9.237499999999999
1.185,-9.223666666666666
1.1854166666666666,-9.206999999999999
1.1858333333333333,-9.1845
1.18625,-9.1665
1.1866666666666668,-9.1595
1.1870833333333333,-9.1585
1.1875,-9.164333333333333
1.1879166666666667,-9.158
1.1883333333333332,-9.159999999999998
1.18875,-9.158166666666666
1.1891666666666667,-9.159333333333334
1.1895833333333334,-9.168166666666666
1.19,-9.171833333333334
1.1904166666666667,-9.186166666666667
1.1908333333333334,-9.198833333333333
1.19125,-9.212166666666667
1.1916666666666667,-9.215666666666666
1.1920833333333334,-9.208166666666665
1.1925,-9.208499999999999
1.1929166666666666,-9.201666666666666
1.1933333333333334,-9.193666666666667
1.19375,-9.189
1.1941666666666666,-9.174999999999999
1.1945833333333333,-9.1685
1.195,-9.156999999999998
1.1954166666666666,-9.137333333333332
1.1958333333333333,-9.1205
1.19625,-9.101833333333333
1.1966666666666668,-9.094000000000001
1.1970833333333333,-9.096000000000002
1.1975,-9.097333333333333
1.1979166666666667,-9.106166666666667
1.1983333333333333,-9.118333333333334
1.19875,-9.118
1.1991666666666667,-9.097666666666667
1.1995833333333332,-9.052333333333332
1.2,-9.009833333333333
1.2004166666666667,-8.976
1.2008333333333334,-8.9585
1.20125,-8.965666666666667
1.2016666666666667,-8.984666666666667
1.2020833333333334,-9.0185
1.2025,-9.050833333333335
1.2029166666666666,-9.081166666666666
1.2033333333333334,-9.084833333333334
1.20375,-9.086500000000001
1.2041666666666666,-9.092166666666666
1.2045833333333333,-9.094333333333333
1.205,-9.1055
1.2054166666666666,-9.117666666666667
1.2058333333333333,-9.156333333333334
1.20625,-9.180833333333334
1.2066666666666668,-9.205166666666667
1.2070833333333333,-9.214166666666666
1.2075,-9.197166666666666
1.2079166666666667,-9.191
1.2083333333333333,-9.177333333333332
1.20875,-9.17
1.2091666666666667,-9.165666666666667
1.2095833333333332,-9.167833333333334
1.21,-9.171166666666666
1.2104166666666667,-9.170166666666667
1.2108333333333334,-9.157166666666667
1.21125,-9.135833333333332
1.2116666666666667,-9.1175
1.2120833333333334,-9.1085
1.2125,-9.124666666666668
1.2129166666666666,-9.144833333333333
1.2133333333333334,-9.167499999999999
1.21375,-9.197666666666665
1.2141666666666666,-9.213499999999998
1.2145833333333333,-9.225333333333333
1.215,-9.233833333333333
1.2154166666666666,-9.227166666666667
1.2158333333333333,-9.2215
1.21625,-9.2175
1.2166666666666666,-9.226999999999999
1.2170833333333333,-9.247166666666667
1.2175,-9.2685
1.2179166666666668,-9.296333333333335
1.2183333333333333,-9.333666666666666
1.21875,-9.3775
1.2191666666666667,-9.411333333333333
1.2195833333333332,-9.440166666666665
1.22,-9.448333333333332
1.2204166666666667,-9.460833333333333
1.2208333333333334,-9.4665
1.22125,-9.460833333333333
1.2216666666666667,-9.474
1.2220833333333334,-9.4845
1.2225,-9.516333333333334
1.2229166666666667,-9.553833333333332
1.2233333333333334,-9.583833333333333
1.22375,-9.610833333333334
1.2241666666666666,-9.631666666666666
1.2245833333333334,-9.658499999999998
1.225,-9.684
1.2254166666666666,-9.7085
1.2258333333333333,-9.7375
1.22625,-9.776833333333334
1.2266666666666666,-9.815666666666667
1.2270833333333333,-9.846833333333334
1.2275,-9.874
1.2279166666666668,-9.887666666666666
1.2283333333333333,-9.910166666666667
1.22875,-9.9375
1.2291666666666667,-9.9765
1.2295833333333333,-10.038166666666667
1.23,-10.094
1.2304166666666667,-10.1575
1.2308333333333332,-10.207666666666666
1.23125,-10.249666666666668
1.2316666666666667,-10.287
1.2320833333333334,-10.325333333333335
1.2325,-10.379666666666667
1.2329166666666667,-10.4385
1.2333333333333334,-10.503833333333334
1.23375,-10.560666666666668
1.2341666666666666,-10.61
1.2345833333333334,-10.639333333333333
1.235,-10.663333333333334
1.2354166666666666,-10.6755
1.2358333333333333,-10.693833333333332
1.23625,-10.722000000000001
1.2366666666666666,-10.746833333333333
1.2370833333333333,-10.778666666666666
1.2375,-10.796333333333335
1.2379166666666668,-10.828166666666666
1.2383333333333333,-10.866999999999999
1.23875,-10.932166666666667
1.2391666666666667,-11.001833333333332
1.2395833333333333,-11.058
1.24,-11.113833333333332
1.2404166666666667,-11.139833333333334
1.2408333333333332,-11.157499999999999
1.24125,-11.164666666666667
1.2416666666666667,-11.184
1.2420833333333334,-11.234833333333333
1.2425,-11.319333333333333
1.2429166666666667,-11.431666666666667
1.2433333333333334,-11.536500000000002
1.24375,-11.626
1.2441666666666666,-11.705333333333334
1.2445833333333334,-11.767833333333334
1.245,-11.819
1.2454166666666666,-11.844499999999998
1.2458333333333333,-11.86
1.24625,-11.871499999999997
1.2466666666666666,-11.874166666666667
1.2470833333333333,-11.888666666666666
1.2475,-11.905499999999998
1.2479166666666666,-11.9505
1.2483333333333333,-12.013833333333332
1.24875,-12.088999999999999
1.2491666666666668,-12.170333333333332
1.2495833333333333,-12.234333333333334
1.25,-12.296166666666666
1.2504166666666667,-12.356833333333332
1.2508333333333332,-12.433666666666667
1.25125,-12.508499999999998
1.2516666666666667,-12.589166666666666
1.2520833333333334,-12.683
1.2525,-12.754833333333332
1.2529166666666667,-12.823166666666665
1.2533333333333334,-12.884166666666667
1.25375,-12.936
1.2541666666666667,-12.985333333333331
1.2545833333333334,-13.041333333333334
1.255,-13.107833333333334
1.2554166666666666,-13.173666666666668
1.2558333333333334,-13.247666666666666
1.25625,-13.327333333333334
1.2566666666666666,-13.410333333333332
1.2570833333333333,-13.485999999999999
1.2575,-13.558666666666667
1.2579166666666666,-13.623166666666668
1.2583333333333333,-13.663000000000002
1.25875,-13.700166666666668
1.2591666666666668,-13.734500000000002
1.2595833333333333,-13.773166666666667
1.26,-13.8245
1.2604166666666667,-13.882666666666667
1.2608333333333333,-13.954333333333333
1.26125,-14.024166666666666
1.2616666666666667,-14.097333333333333
1.2620833333333332,-14.171999999999999
1.2625,-14.2325
1.2629166666666667,-14.305333333333332
1.2633333333333334,-14.373166666666668
1.26375,-14.447833333333334
1.2641666666666667,-14.530666666666667
1.2645833333333334,-14.592833333333333
1.265,-14.670499999999999
1.2654166666666666,-14.740833333333333
1.2658333333333334,-14.8135
1.26625,-14.891
1.2666666666666666,-14.960166666666666
1.2670833333333333,-15.042499999999999
1.2675,-15.116999999999999
1.2679166666666666,-15.1835
1.2683333333333333,-15.249
1.26875,-15.3085
1.2691666666666668,-15.368666666666668
1.2695833333333333,-15.444666666666668
1.27,-15.533833333333334
1.2704166666666667,-15.622333333333332
1.2708333333333333,-15.711500000000001
1.27125,-15.797666666666666
1.2716666666666667,-15.871166666666667
1.2720833333333332,-15.931333333333333
1.2725,-15.974666666666666
1.2729166666666667,-16.024666666666665
1.2733333333333334,-16.088833333333337
1.27375,-16.165166666666664
1.2741666666666667,-16.2535
1.2745833333333334,-16.350499999999997
1.275,-16.446166666666667
1.2754166666666666,-16.538166666666665
1.2758333333333334,-16.635499999999997
1.27625,-16.724166666666665
1.2766666666666666,-16.82316666666667
1.2770833333333333,-16.918000000000003
1.2775,-17.01816666666667
1.2779166666666666,-17.12783333333333
1.2783333333333333,-17.207666666666665
1.27875,-17.280833333333334
1.2791666666666666,-17.348333333333333
1.2795833333333333,-17.4015
1.28,-17.44966666666667
1.2804166666666668,-17.486166666666666
1.2808333333333333,-17.516666666666666
1.28125,-17.543499999999998
1.2816666666666667,-17.575
1.2820833333333332,-17.607
1.2825,-17.64616666666667
1.2829166666666667,-17.68916666666667
1.2833333333333334,-17.74566666666667
1.28375,-17.826666666666664
1.2841666666666667,-17.89016666666667
1.2845833333333334,-17.9405
1.285,-17.9725
1.2854166666666667,-17.991500000000002
1.2858333333333334,-18.022333333333332
1.28625,-18.044833333333333
1.2866666666666666,-18.068666666666665
1.2870833333333334,-18.090500000000002
1.2875,-18.113
1.2879166666666666,-18.136
1.2883333333333333,-18.139833333333332
1.28875,-18.138333333333335
1.2891666666666666,-18.1305
1.2895833333333333,-18.141499999999997
1.29,-18.168166666666668
1.2904166666666668,-18.2075
1.2908333333333333,-18.251833333333334
1.29125,-18.285833333333333
1.2916666666666667,-18.327166666666667
1.2920833333333333,-18.351166666666668
1.2925,-18.3625
1.2929166666666667,-18.366833333333332
1.2933333333333332,-18.36916666666667
1.29375,-18.3725
1.2941666666666667,-18.373
1.2945833333333334,-18.379499999999997
1.295,-18.392166666666665
1.2954166666666667,-18.412833333333335
1.2958333333333334,-18.435666666666666
1.29625,-18.458333333333332
1.2966666666666666,-18.47566666666667
1.2970833333333334,-18.483166666666666
1.2975,-18.482
1.2979166666666666,-18.4725
1.2983333333333333,-18.457166666666666
1.29875,-18.4425
1.2991666666666666,-18.42833333333333
1.2995833333333333,-18.42233333333333
1.3,-18.412666666666667
1.3004166666666668,-18.389
1.3008333333333333,-18.363
1.30125,-18.32466666666667
1.3016666666666667,-18.287166666666668
1.3020833333333333,-18.256
1.3025,-18.233166666666666
1.3029166666666667,-18.223
1.3033333333333332,-18.206666666666667
1.30375,-18.1875
1.3041666666666667,-18.162666666666667
1.3045833333333334,-18.11916666666667
1.305,-18.076333333333334
1.3054166666666667,-18.040000000000003
1.3058333333333334,-18.00583333333333
1.30625,-17.993
1.3066666666666666,-17.994666666666664
1.3070833333333334,-18.009
1.3075,-18.02116666666667
1.3079166666666666,-18.01033333333333
1.3083333333333333,-17.986166666666666
1.30875,-17.945
1.3091666666666666,-17.895
1.3095833333333333,-17.855333333333334
1.31,-17.819666666666667
1.3104166666666666,-17.794
1.3108333333333333,-17.7685
1.31125,-17.733833333333333
1.3116666666666668,-17.695833333333336
1.3120833333333333,-17.648833333333332
1.3125,-17.609666666666666
1.3129166666666667,-17.575166666666668
1.3133333333333332,-17.554
1.31375,-17.53633333333333
1.3141666666666667,-17.5195
1.3145833333333334,-17.503333333333334
1.315,-17.46833333333333
1.3154166666666667,-17.434
1.3158333333333334,-17.403999999999996
1.31625,-17.382500000000004
1.3166666666666667,-17.361833333333333
1.3170833333333334,-17.336166666666667
1.3175,-17.310166666666664
1.3179166666666666,-17.269666666666666
1.3183333333333334,-17.230999999999998
1.31875,-17.191166666666668
1.3191666666666666,-17.1585
1.3195833333333333,-17.140666666666664
1.32,-17.117500000000003
1.3204166666666666,-17.098
1.3208333333333333,-17.054833333333335
1.32125,-17.005666666666666
1.3216666666666668,-16.9575
1.3220833333333333,-16.903
1.3225,-16.868833333333335
1.3229166666666667,-16.830333333333332
1.3233333333333333,-16.796166666666668
1.32375,-16.761
1.3241666666666667,-16.705666666666662
1.3245833333333332,-16.641333333333332
1.325,-16.5715
1.3254166666666667,-16.511666666666667
1.3258333333333334,-16.47
1.32625,-16.4395
1.3266666666666667,-16.421
1.3270833333333334,-16.407333333333337
1.3275,-16.373333333333335
1.3279166666666666,-16.3335
1.3283333333333334,-16.293333333333333
1.32875,-16.242500000000003
1.3291666666666666,-16.195166666666665
1.3295833333333333,-16.143
1.33,-16.088666666666665
1.3304166666666666,-16.035
1.3308333333333333,-15.982833333333332
1.33125,-15.957166666666666
1.3316666666666668,-15.9475
1.3320833333333333,-15.940166666666668
1.3325,-15.942666666666668
1.3329166666666667,-15.935666666666664
1.3333333333333333,-15.906833333333333
1.33375,-15.860833333333332
1.3341666666666667,-15.807666666666664
1.3345833333333332,-15.746166666666667
1.335,-15.693833333333336
1.3354166666666667,-15.667166666666667
1.3358333333333334,-15.663166666666667
1.33625,-15.667
1.3366666666666667,-15.645333333333333
1.3370833333333334,-15.626333333333335
1.3375,-15.5955
1.3379166666666666,-15.547000000000002
1.3383333333333334,-15.505
1.33875,-15.455166666666665
1.3391666666666666,-15.427999999999999
1.3395833333333333,-15.421666666666667
1.34,-15.439166666666665
1.3404166666666666,-15.471333333333334
1.3408333333333333,-15.484333333333334
1.34125,-15.483666666666666
1.3416666666666666,-15.460833333333333
1.3420833333333333,-15.415
1.3425,-15.363999999999999
1.3429166666666668,-15.3165
1.3433333333333333,-15.279833333333334
1.34375,-15.261666666666665
1.3441666666666667,-15.253333333333332
1.3445833333333332,-15.239166666666668
1.345,-15.209666666666665
1.3454166666666667,-15.161999999999999
1.3458333333333334,-15.1
1.34625,-15.034500000000001
1.3466666666666667,-14.978666666666669
1.3470833333333334,-14.937333333333333
1.3475,-14.915999999999999
1.3479166666666667,-14.909
1.3483333333333334,-14.916333333333334
1.34875,-14.934666666666667
1.3491666666666666,-14.934833333333335
1.3495833333333334,-14.926166666666667
1.35,-14.904499999999999
1.3504166666666666,-14.867666666666665
1.3508333333333333,-14.838666666666667
1.35125,-14.8025
1.3516666666666666,-14.7675
1.3520833333333333,-14.733166666666667
1.3525,-14.685666666666668
1.3529166666666668,-14.645166666666668
1.3533333333333333,-14.596499999999999
1.35375,-14.543833333333334
1.3541666666666667,-14.5035
1.3545833333333333,-14.482
1.355,-14.473500000000001
1.3554166666666667,-14.483333333333334
1.3558333333333332,-14.483333333333334
1.35625,-14.470166666666666
1.3566666666666667,-14.457833333333333
1.3570833333333334,-14.421833333333334
1.3575,-14.387333333333332
1.3579166666666667,-14.343833333333334
1.3583333333333334,-14.305666666666667
1.35875,-14.272333333333334
1.3591666666666666,-14.234166666666667
1.3595833333333334,-14.204833333333333
1.36,-14.184833333333332
1.3604166666666666,-14.173166666666667
1.3608333333333333,-14.1855
1.36125,-14.216
1.3616666666666666,-14.238
1.3620833333333333,-14.254
1.3625,-14.2475
1.3629166666666668,-14.2155
1.3633333333333333,-14.158999999999999
1.36375,-14.083
1.3641666666666667,-14.003833333333333
1.3645833333333333,-13.933
1.365,-13.880666666666668
1.3654166666666667,-13.844833333333334
1.3658333333333332,-13.832
1.36625,-13.850499999999998
1.3666666666666667,-13.882833333333332
1.3670833333333334,-13.9335
1.3675,-13.972333333333333
1.3679166666666667,-13.993
1.3683333333333334,-13.995
1.36875,-13.958333333333334
1.3691666666666666,-13.9195
1.3695833333333334,-13.870333333333333
1.37,-13.831000000000001
1.3704166666666666,-13.813333333333333
1.3708333333333333,-13.797166666666667
1.37125,-13.798833333333333
1.3716666666666666,-13.8135
1.3720833333333333,-13.827333333333334
1.3725,-13.834000000000001
1.3729166666666666,-13.825333333333333
1.3733333333333333,-13.799666666666667
1.37375,-13.776499999999999
1.3741666666666668,-13.758333333333333
1.3745833333333333,-13.742833333333335
1.375,-13.7395
1.3754166666666667,-13.731333333333334
1.3758333333333332,-13.724333333333334
1.37625,-13.708166666666665
1.3766666666666667,-13.667499999999999
1.3770833333333334,-13.6275
1.3775,-13.583166666666665
1.3779166666666667,-13.54016666666667
1.3783333333333334,-13.513166666666669
1.37875,-13.508000000000001
1.3791666666666667,-13.529833333333334
1.3795833333333334,-13.552333333333335
1.38,-13.570500000000001
1.3804166666666666,-13.588500000000002
1.3808333333333334,-13.592166666666666
1.38125,-13.577833333333333
1.3816666666666666,-13.5445
1.3820833333333333,-13.503666666666666
1.3825,-13.46
1.3829166666666666,-13.425666666666666
1.3833333333333333,-13.409
1.38375,-13.391833333333333
1.3841666666666668,-13.382333333333333
1.3845833333333333,-13.384166666666667
1.385,-13.393166666666668
1.3854166666666667,-13.397166666666665
1.3858333333333333,-13.391666666666666
1.38625,-13.383666666666668
1.3866666666666667,-13.356
1.3870833333333332,-13.319166666666668
1.3875,-13.287333333333335
1.3879166666666667,-13.266666666666666
1.3883333333333334,-13.261333333333333
1.38875,-13.268666666666668
1.3891666666666667,-13.283333333333331
1.3895833333333334,-13.293833333333334
1.39,-13.288166666666667
1.3904166666666666,-13.265
1.3908333333333334,-13.220166666666666
1.39125,-13.160499999999999
1.3916666666666666,-13.118
1.3920833333333333,-13.089999999999998
1.3925,-13.077833333333333
1.3929166666666666,-13.0835
1.3933333333333333,-13.096666666666666
1.39375,-13.123166666666668
1.3941666666666668,-13.141666666666666
1.3945833333333333,-13.151166666666667
1.395,-13.145166666666668
1.3954166666666667,-13.123166666666668
1.3958333333333333,-13.107500000000002
1.39625,-13.085333333333333
1.3966666666666667,-13.0665
1.3970833333333332,-13.0565
1.3975,-13.0535
1.3979166666666667,-13.0615
1.3983333333333334,-13.075166666666668
1.39875,-13.088666666666667
1.3991666666666667,-13.099333333333332
1.3995833333333334,-13.108333333333334
1.4,-13.113999999999999
1.4004166666666666,-13.124333333333333
1.4008333333333334,-13.106666666666667
1.40125,-13.082333333333333
1.4016666666666666,-13.048833333333334
1.4020833333333333,-12.9975
1.4025,-12.9675
1.4029166666666666,-12.953666666666665
1.4033333333333333,-12.968166666666667
1.40375,-12.999166666666667
1.4041666666666666,-13.038666666666666
1.4045833333333333,-13.075166666666666
1.405,-13.094666666666667
1.4054166666666668,-13.087333333333333
1.4058333333333333,-13.0565
1.40625,-13.010333333333335
1.4066666666666667,-12.963
1.4070833333333332,-12.925333333333333
1.4075,-12.889166666666666
1.4079166666666667,-12.8725
1.4083333333333334,-12.872333333333335
1.40875,-12.873499999999998
1.4091666666666667,-12.877
1.4095833333333334,-12.877833333333333
1.41,-12.866333333333335
1.4104166666666667,-12.854999999999999
1.4108333333333334,-12.838000000000001
1.41125,-12.824
1.4116666666666666,-12.813833333333333
1.4120833333333334,-12.803833333333332
1.4125,-12.8105
1.4129166666666666,-12.813833333333335
1.4133333333333333,-12.824166666666665
1.41375,-12.835166666666666
1.4141666666666666,-12.845833333333333
1.4145833333333333,-12.8575
1.415,-12.869333333333335
1.4154166666666668,-12.882833333333332
1.4158333333333333,-12.890333333333336
1.41625,-12.904833333333334
1.4166666666666667,-12.899500000000002
1.4170833333333333,-12.896
1.4175,-12.891
1.4179166666666667,-12.876
1.4183333333333332,-12.8715
1.41875,-12.864833333333335
1.4191666666666667,-12.865333333333334
1.4195833333333334,-12.862333333333334
1.42,-12.853499999999999
1.4204166666666667,-12.846166666666667
1.4208333333333334,-12.818
1.42125,-12.782166666666667
1.4216666666666666,-12.757166666666668
1.4220833333333334,-12.741166666666667
1.4225,-12.746833333333335
1.4229166666666666,-12.755333333333333
1.4233333333333333,-12.774166666666666
1.42375,-12.795666666666667
1.4241666666666666,-12.806333333333335
1.4245833333333333,-12.809833333333335
1.425,-12.789000000000001
1.4254166666666668,-12.768333333333333
1.4258333333333333,-12.762833333333333
1.42625,-12.761833333333334
1.4266666666666667,-12.764833333333334
1.4270833333333333,-12.761333333333333
1.4275,-12.7535
1.4279166666666667,-12.757
1.4283333333333332,-12.750166666666667
1.42875,-12.740833333333333
1.4291666666666667,-12.742833333333332
1.4295833333333334,-12.748333333333333
1.43,-12.757666666666665
1.4304166666666667,-12.747833333333332
1.4308333333333334,-12.711333333333334
1.43125,-12.668333333333331
1.4316666666666666,-12.620166666666668
1.4320833333333334,-12.586166666666665
1.4325,-12.579500000000001
1.4329166666666666,-12.583166666666665
1.4333333333333333,-12.614833333333335
1.43375,-12.658166666666666
1.4341666666666666,-12.686
1.4345833333333333,-12.700166666666666
1.435,-12.684166666666664
1.4354166666666666,-12.652666666666667
1.4358333333333333,-12.620666666666667
1.43625,-12.586666666666666
1.4366666666666668,-12.565833333333332
1.4370833333333333,-12.564333333333336
1.4375,-12.563666666666668
1.4379166666666667,-12.569
1.4383333333333332,-12.575666666666669
1.43875,-12.573166666666665
1.4391666666666667,-12.575833333333334
1.4395833333333334,-12.559
1.44,-12.538833333333335
1.4404166666666667,-12.526666666666666
1.4408333333333334,-12.515166666666666
1.44125,-12.529499999999999
1.4416666666666667,-12.542666666666667
1.4420833333333334,-12.554499999999999
1.4425,-12.565166666666668
1.4429166666666666,-12.554
1.4433333333333334,-12.533833333333334
1.44375,-12.502666666666668
1.4441666666666666,-12.468833333333334
1.4445833333333333,-12.457
1.445,-12.463333333333333
1.4454166666666666,-12.494833333333332
1.4458333333333333,-12.534
1.44625,-12.560666666666668
1.4466666666666668,-12.577
1.4470833333333333,-12.569
1.4475,-12.548166666666667
1.4479166666666667,-12.524500000000002
1.4483333333333333,-12.5005
1.44875,-12.472833333333334
1.4491666666666667,-12.446333333333333
1.4495833333333332,-12.424999999999999
1.45,-12.408333333333333
1.4504166666666667,-12.395333333333333
1.4508333333333334,-12.383499999999998
1.45125,-12.389666666666665
1.4516666666666667,-12.4005
1.4520833333333334,-12.423666666666668
1.4525,-12.452833333333336
1.4529166666666666,-12.473166666666666
1.4533333333333334,-12.489333333333335
1.45375,-12.488999999999999
1.4541666666666666,-12.488666666666667
1.4545833333333333,-12.479833333333334
1.455,-12.467666666666666
1.4554166666666666,-12.46
1.4558333333333333,-12.449833333333332
1.45625,-12.446333333333333
1.4566666666666668,-12.441166666666666
1.4570833333333333,-12.433333333333332
1.4575,-12.428166666666668
1.4579166666666667,-12.417166666666665
1.4583333333333333,-12.406833333333333
1.45875,-12.410666666666666
1.4591666666666667,-12.419166666666667
1.4595833333333332,-12.432666666666668
1.46,-12.448166666666665
1.4604166666666667,-12.4595
1.4608333333333334,-12.473999999999998
1.46125,-12.479
1.4616666666666667,-12.477333333333334
1.4620833333333334,-12.467333333333334
1.4625,-12.438
1.4629166666666666,-12.406333333333334
1.4633333333333334,-12.371833333333333
1.46375,-12.342999999999998
1.4641666666666666,-12.3125
1.4645833333333333,-12.293333333333331
1.465,-12.2785
1.4654166666666666,-12.260333333333334
1.4658333333333333,-12.2485
1.46625,-12.237833333333334
1.4666666666666666,-12.241666666666667
1.4670833333333333,-12.2555
1.4675,-12.276499999999999
1.4679166666666668,-12.302833333333332
1.4683333333333333,-12.316333333333333
1.46875,-12.311333333333332
1.4691666666666667,-12.296
1.4695833333333332,-12.274666666666667
1.47,-12.257166666666668
1.4704166666666667,-12.2495
1.4708333333333334,-12.255166666666668
1.47125,-12.2675
1.4716666666666667,-12.2935
1.4720833333333334,-12.318666666666667
1.4725,-12.339666666666666
1.4729166666666667,-12.353166666666667
1.4733333333333334,-12.357166666666666
1.47375,-12.353166666666667
1.4741666666666666,-12.3345
1.4745833333333334,-12.312333333333333
1.475,-12.293166666666666
1.4754166666666666,-12.288333333333334
1.4758333333333333,-12.286666666666667
1.47625,-12.286666666666667
1.4766666666666666,-12.286500000000002
1.4770833333333333,-12.287833333333333
1.4775,-12.302166666666666
1.4779166666666668,-12.314666666666668
1.4783333333333333,-12.329666666666666
1.47875,-12.337666666666665
1.4791666666666667,-12.329333333333333
1.4795833333333333,-12.308
1.48,-12.268333333333333
1.4804166666666667,-12.226999999999999
1.4808333333333332,-12.196166666666668
1.48125,-12.187
1.4816666666666667,-12.202
1.4820833333333334,-12.235333333333335
1.4825,-12.267166666666666
1.4829166666666667,-12.2915
1.4833333333333334,-12.303333333333333
1.48375,-12.294666666666666
1.4841666666666666,-12.278333333333334
1.4845833333333334,-12.2505
1.485,-12.217333333333334
1.4854166666666666,-12.191666666666668
1.4858333333333333,-12.164833333333334
1.48625,-12.152333333333333
1.4866666666666666,-12.14
1.4870833333333333,-12.129666666666667
1.4875,-12.129833333333332
1.4879166666666668,-12.123166666666668
1.4883333333333333,-12.124833333333333
1.48875,-12.126833333333332
1.4891666666666667,-12.132
1.4895833333333333,-12.131
1.49,-12.129166666666668
1.4904166666666667,-12.1195
1.4908333333333332,-12.096333333333334
1.49125,-12.079666666666666
1.4916666666666667,-12.0665
1.4920833333333334,-12.060666666666668
1.4925,-12.0595
1.4929166666666667,-12.062166666666668
1.4933333333333334,-12.065166666666668
1.49375,-12.069666666666668
1.4941666666666666,-12.073166666666667
1.4945833333333334,-12.0745
1.495,-12.073999999999998
1.4954166666666666,-12.076833333333333
1.4958333333333333,-12.083999999999998
1.49625,-12.097333333333333
1.4966666666666666,-12.109
1.4970833333333333,-12.122
1.4975,-12.140166666666666
1.4979166666666666,-12.154166666666667
1.4983333333333333,-12.17
1.49875,-12.171666666666667
1.4991666666666668,-12.159833333333333
1.4995833333333333,-12.149833333333333
1.5,-12.124666666666668
1.5004166666666667,-12.09966666666667
1.5008333333333332,-12.077166666666665
1.50125,-12.054166666666667
1.5016666666666667,-12.046
1.5020833333333334,-12.036499999999998
1.5025,-12.038499999999999
1.5029166666666667,-12.042499999999999
1.5033333333333334,-12.047833333333335
1.50375,-12.058
1.5041666666666667,-12.062666666666667
1.5045833333333334,-12.068666666666667
1.505,-12.060666666666668
1.5054166666666666,-12.055166666666667
1.5058333333333334,-12.052333333333332
1.50625,-12.042666666666667
1.5066666666666666,-12.051166666666667
1.5070833333333333,-12.049999999999999
1.5075,-12.057
1.5079166666666666,-12.066166666666668
1.5083333333333333,-12.0645
1.50875,-12.073
1.5091666666666668,-12.066
1.5095833333333333,-12.062166666666668
1.51,-12.062333333333333
1.5104166666666667,-12.0655
1.5108333333333333,-12.068333333333333
1.51125,-12.073666666666666
1.5116666666666667,-12.073
1.5120833333333332,-12.064666666666666
1.5125,-12.056000000000003
1.5129166666666667,-12.035333333333334
1.5133333333333334,-12.0285
1.51375,-12.019666666666666
1.5141666666666667,-12.014833333333334
1.5145833333333334,-12.025833333333333
1.515,-12.026333333333334
1.5154166666666666,-12.025833333333333
1.5158333333333334,-12.013333333333334
1.51625,-11.985166666666666
1.5166666666666666,-11.965166666666667
1.5170833333333333,-11.943333333333333
1.5175,-11.946666666666667
1.5179166666666666,-11.963833333333332
1.5183333333333333,-11.982166666666666
1.51875,-12.006333333333332
1.5191666666666668,-12.019
1.5195833333333333,-12.030333333333333
1.52,-12.017166666666668
1.5204166666666667,-11.999333333333334
1.5208333333333333,-11.982
1.52125,-11.972166666666666
1.5216666666666667,-11.975666666666667
1.5220833333333332,-11.979666666666667
1.5225,-12.001666666666665
1.5229166666666667,-12.015666666666668
1.5233333333333334,-12.024000000000001
1.52375,-12.026333333333334
1.5241666666666667,-12.005833333333333
1.5245833333333334,-11.977500000000001
1.525,-11.943333333333333
1.5254166666666666,-11.929166666666667
1.5258333333333334,-11.918666666666667
1.52625,-11.910666666666666
1.5266666666666666,-11.923833333333334
1.5270833333333333,-11.929
1.5275,-11.930166666666665
1.5279166666666666,-11.913000000000002
1.5283333333333333,-11.9015
1.52875,-11.896
1.5291666666666666,-11.889666666666665
1.5295833333333333,-11.907833333333334
1.53,-11.9255
1.5304166666666668,-11.948333333333332
1.5308333333333333,-11.9795
1.53125,-12.015666666666666
1.5316666666666667,-12.033666666666667
1.5320833333333332,-12.035166666666667
1.5325,-12.023499999999999
1.5329166666666667,-11.993666666666664
1.5333333333333334,-11.9625
1.53375,-11.918000000000001
1.5341666666666667,-11.890500000000001
1.5345833333333334,-11.881166666666667
1.535,-11.895000000000001
1.5354166666666667,-11.937166666666668
1.5358333333333334,-11.967500000000001
1.53625,-11.9925
1.5366666666666666,-11.9945
1.5370833333333334,-11.96566666666667
1.5375,-11.933166666666667
1.5379166666666666,-11.885666666666665
1.5383333333333333,-11.839666666666666
1.53875,-11.8105
1.5391666666666666,-11.7965
1.5395833333333333,-11.799166666666666
1.54,-11.802
1.5404166666666668,-11.806166666666668
1.5408333333333333,-11.8095
1.54125,-11.800333333333334
1.5416666666666667,-11.804499999999999
1.5420833333333333,-11.820500000000001
1.5425,-11.838666666666667
1.5429166666666667,-11.87
1.5433333333333332,-11.900166666666665
1.54375,-11.917
1.5441666666666667,-11.92
1.5445833333333334,-11.908999999999999
1.545,-11.883000000000001
1.5454166666666667,-11.850333333333333
1.5458333333333334,-11.826333333333332
1.54625,-11.816666666666668
1.5466666666666666,-11.811
1.5470833333333334,-11.812166666666668
1.5475,-11.807666666666668
1.5479166666666666,-11.804
1.5483333333333333,-11.7995
1.54875,-11.8025
1.5491666666666666,-11.807666666666668
1.5495833333333333,-11.813833333333333
1.55,-11.838666666666667
1.5504166666666668,-11.859166666666667
1.5508333333333333,-11.884166666666667
1.55125,-11.900166666666665
1.5516666666666667,-11.904833333333334
1.5520833333333333,-11.898833333333334
1.5525,-11.886666666666665
1.5529166666666667,-11.879
1.5533333333333332,-11.851333333333335
1.55375,-11.826833333333333
1.5541666666666667,-11.805
1.5545833333333334,-11.782166666666667
1.555,-11.769833333333333
1.5554166666666667,-11.7505
1.5558333333333334,-11.745166666666668
1.55625,-11.750166666666667
1.5566666666666666,-11.770666666666665
1.5570833333333334,-11.809833333333335
1.5575,-11.829833333333335
1.5579166666666666,-11.839333333333334
1.5583333333333333,-11.8405
1.55875,-11.840666666666666
1.5591666666666666,-11.834000000000001
1.5595833333333333,-11.82
1.56,-11.808666666666667
1.5604166666666666,-11.795499999999999
1.5608333333333333,-11.783499999999998
1.56125,-11.753666666666666
1.5616666666666668,-11.718833333333334
1.5620833333333333,-11.6805
1.5625,-11.657000000000002
1.5629166666666667,-11.656999999999998
1.5633333333333332,-11.669166666666667
1.56375,-11.695333333333332
1.5641666666666667,-11.723666666666668
1.5645833333333334,-11.751166666666668
1.565,-11.770000000000001
1.5654166666666667,-11.775333333333334
1.5658333333333334,-11.775666666666666
1.56625,-11.759333333333332
1.5666666666666667,-11.743
1.5670833333333334,-11.731166666666667
1.5675,-11.705166666666665
1.5679166666666666,-11.688666666666665
1.5683333333333334,-11.666833333333335
1.56875,-11.656666666666666
1.5691666666666666,-11.656833333333333
1.5695833333333333,-11.668000000000001
1.57,-11.704500000000001
1.5704166666666666,-11.729666666666667
1.5708333333333333,-11.7485
1.57125,-11.7605
1.5716666666666668,-11.741
1.5720833333333333,-11.708999999999998
1.5725,-11.6715
1.5729166666666667,-11.635333333333335
1.5733333333333333,-11.617833333333335
1.57375,-11.609500000000002
1.5741666666666667,-11.6185
1.5745833333333332,-11.631333333333332
1.575,-11.645833333333334
1.5754166666666667,-11.663000000000002
1.5758333333333334,-11.665333333333335
1.57625,-11.656
1.5766666666666667,-11.637666666666668
1.5770833333333334,-11.615166666666667
1.5775,-11.591166666666666
1.5779166666666666,-11.574333333333334
1.5783333333333334,-11.567166666666665
1.57875,-11.571833333333336
1.5791666666666666,-11.594333333333333
1.5795833333333333,-11.622333333333335
1.58,-11.641166666666669
1.5804166666666666,-11.654000000000002
1.5808333333333333,-11.6665
1.58125,-11.676166666666667
1.5816666666666668,-11.675333333333334
1.5820833333333333,-11.668166666666666
1.5825,-11.6595
1.5829166666666667,-11.643499999999998
1.5833333333333333,-11.615499999999999
1.58375,-11.586500000000001
1.5841666666666667,-11.549666666666667
1.5845833333333332,-11.5255
1.585,-11.511166666666666
1.5854166666666667,-11.502333333333333
1.5858333333333334,-11.513833333333332
1.58625,-11.539000000000001
1.5866666666666667,-11.583833333333333
1.5870833333333334,-11.6225
1.5875,-11.657166666666667
1.5879166666666666,-11.692166666666667
1.5883333333333334,-11.713500000000002
1.58875,-11.7205
1.5891666666666666,-11.701166666666667
1.5895833333333333,-11.668833333333334
1.59,-11.649000000000001
1.5904166666666666,-11.647666666666666
1.5908333333333333,-11.669333333333332
1.59125,-11.692666666666668
1.5916666666666666,-11.715666666666666
1.5920833333333333,-11.741333333333332
1.5925,-11.757833333333332
1.5929166666666668,-11.767333333333333
1.5933333333333333,-11.762666666666666
1.59375,-11.752666666666665
1.5941666666666667,-11.745
1.5945833333333332,-11.740166666666667
1.595,-11.735166666666666
1.5954166666666667,-11.727666666666666
1.5958333333333334,-11.730166666666667
1.59625,-11.740166666666667
1.5966666666666667,-11.760333333333334
1.5970833333333334,-11.779666666666666
1.5975,-11.787666666666667
1.5979166666666667,-11.783333333333333
1.5983333333333334,-11.771666666666667
1.59875,-11.764333333333333
1.5991666666666666,-11.756333333333332
1.5995833333333334,-11.745166666666668
1.6,-11.733333333333334
1.6004166666666666,-11.729166666666666
1.6008333333333333,-11.716499999999998
1.60125,-11.696833333333332
1.6016666666666666,-11.675333333333334
1.6020833333333333,-11.6535
1.6025,-11.6385
1.6029166666666668,-11.632833333333332
1.6033333333333333,-11.6325
1.60375,-11.637
1.6041666666666667,-11.656
1.6045833333333333,-11.675666666666666
1.605,-11.693166666666668
1.6054166666666667,-11.7095
1.6058333333333332,-11.713500000000002
1.60625,-11.716166666666666
1.6066666666666667,-11.714166666666666
1.6070833333333334,-11.708666666666668
1.6075,-11.695166666666665
1.6079166666666667,-11.673
1.6083333333333334,-11.652166666666666
1.60875,-11.6235
1.6091666666666666,-11.600666666666667
1.6095833333333334,-11.591999999999999
1.61,-11.6085
1.6104166666666666,-11.634166666666667
1.6108333333333333,-11.671666666666667
1.61125,-11.716166666666666
1.6116666666666666,-11.741999999999999
1.6120833333333333,-11.762666666666666
1.6125,-11.751833333333332
1.6129166666666668,-11.710833333333333
1.6133333333333333,-11.658166666666666
1.61375,-11.598666666666666
1.6141666666666667,-11.558
1.6145833333333333,-11.542833333333332
1.615,-11.554166666666665
1.6154166666666667,-11.594500000000002
1.6158333333333332,-11.636166666666666
1.61625,-11.677333333333335
1.6166666666666667,-11.703166666666666
1.6170833333333334,-11.7025
1.6175,-11.703333333333333
1.6179166666666667,-11.697666666666668
1.6183333333333334,-11.6895
1.61875,-11.684
1.6191666666666666,-11.682666666666668
1.6195833333333334,-11.678833333333332
1.62,-11.674000000000001
1.6204166666666666,-11.672833333333335
1.6208333333333333,-11.682666666666668
1.62125,-11.704833333333333
1.6216666666666666,-11.731833333333334
1.6220833333333333,-11.750833333333333
1.6225,-11.748
1.6229166666666666,-11.737333333333334
1.6233333333333333,-11.713166666666666
1.62375,-11.679499999999999
1.6241666666666668,-11.657666666666666
1.6245833333333333,-11.646833333333333
1.625,-11.647333333333336
1.6254166666666667,-11.651666666666666
1.6258333333333332,-11.644499999999999
1.62625,-11.627166666666668
1.6266666666666667,-11.598999999999998
1.6270833333333334,-11.575166666666666
1.6275,-11.570166666666665
1.6279166666666667,-11.567333333333332
1.6283333333333334,-11.591000000000001
1.62875,-11.631833333333333
1.6291666666666667,-11.669833333333335
1.6295833333333334,-11.7085
1.63,-11.728166666666667
1.6304166666666666,-11.74
1.6308333333333334,-11.737499999999999
1.63125,-11.722
1.6316666666666666,-11.700333333333333
1.6320833333333333,-11.669333333333332
1.6325,-11.643333333333333
1.6329166666666666,-11.609499999999999
1.6333333333333333,-11.585999999999999
1.63375,-11.579
1.6341666666666668,-11.569
1.6345833333333333,-11.576500000000001
1.635,-11.580333333333334
1.6354166666666667,-11.590333333333334
1.6358333333333333,-11.597333333333333
1.63625,-11.604999999999999
1.6366666666666667,-11.627166666666668
1.6370833333333332,-11.637833333333333
1.6375,-11.655833333333334
1.6379166666666667,-11.676666666666668
1.6383333333333334,-11.6885
1.63875,-11.697833333333334
1.6391666666666667,-11.708
1.6395833333333334,-11.715666666666666
1.64,-11.723833333333333
1.6404166666666666,-11.733333333333334
1.6408333333333334,-11.753833333333333
1.64125,-11.762166666666667
1.6416666666666666,-11.772499999999999
1.6420833333333333,-11.783999999999999
1.6425,-11.783333333333333
1.6429166666666666,-11.780166666666666
1.6433333333333333,-11.763166666666669
1.64375,-11.745166666666668
1.6441666666666668,-11.719
1.6445833333333333,-11.698666666666668
1.645,-11.678666666666667
1.6454166666666667,-11.6655
1.6458333333333333,-11.662166666666666
1.64625,-11.661499999999998
1.6466666666666667,-11.6505
1.6470833333333332,-11.632166666666668
1.6475,-11.607166666666666
1.6479166666666667,-11.594166666666666
1.6483333333333334,-11.607666666666667
1.64875,-11.617833333333332
1.6491666666666667,-11.648833333333334
1.6495833333333334,-11.677
1.65,-11.706666666666665
1.6504166666666666,-11.724166666666667
1.6508333333333334,-11.709666666666665
1.65125,-11.6885
1.6516666666666666,-11.6565
1.6520833333333333,-11.635
1.6525,-11.625666666666666
1.6529166666666666,-11.609
1.6533333333333333,-11.605833333333331
1.65375,-11.618
1.6541666666666666,-11.627
1.6545833333333333,-11.642666666666665
1.655,-11.646166666666666
1.6554166666666668,-11.634
1.6558333333333333,-11.621
1.65625,-11.598166666666666
1.6566666666666667,-11.579500000000001
1.6570833333333332,-11.5495
1.6575,-11.521333333333333
1.6579166666666667,-11.512333333333332
1.6583333333333334,-11.503666666666666
1.65875,-11.513666666666666
1.6591666666666667,-11.525833333333333
1.6595833333333334,-11.541833333333335
1.66,-11.561333333333332
1.6604166666666667,-11.5815
1.6608333333333334,-11.601999999999999
1.66125,-11.596666666666666
1.6616666666666666,-11.598666666666666
1.6620833333333334,-11.592666666666666
1.6625,-11.592166666666666
1.6629166666666666,-11.604666666666667
1.6633333333333333,-11.602666666666666
1.66375,-11.601666666666667
1.6641666666666666,-11.587333333333333
1.6645833333333333,-11.575000000000001
1.665,-11.568166666666668
1.6654166666666668,-11.547333333333334
1.6658333333333333,-11.528333333333334
1.66625,-11.517666666666665
1.6666666666666667,-11.504666666666667
1.6670833333333333,-11.511666666666665
1.6675,-11.528666666666666
1.6679166666666667,-11.552
1.6683333333333332,-11.573333333333332
1.66875,-11.582666666666666
1.6691666666666667,-11.590000000000002
1.6695833333333334,-11.580833333333333
1.67,-11.56
1.6704166666666667,-11.536166666666666
1.6708333333333334,-11.514666666666665
1.67125,-11.505666666666665
1.6716666666666666,-11.510666666666667
1.6720833333333334,-11.518166666666668
1.6725,-11.529166666666667
1.6729166666666666,-11.5415
1.6733333333333333,-11.564666666666666
1.67375,-11.589666666666668
1.6741666666666666,-11.607166666666666
1.6745833333333333,-11.612333333333332
1.675,-11.6025
1.6754166666666668,-11.589333333333334
1.6758333333333333,-11.575833333333334
1.67625,-11.5615
1.6766666666666667,-11.539833333333334
1.6770833333333333,-11.520499999999998
1.6775,-11.498666666666667
1.6779166666666667,-11.472999999999999
1.6783333333333332,-11.4585
1.67875,-11.453666666666669
1.6791666666666667,-11.460833333333333
1.6795833333333334,-11.481333333333334
1.68,-11.502666666666668
1.6804166666666667,-11.524833333333333
1.6808333333333334,-11.528166666666666
1.68125,-11.527499999999998
1.6816666666666666,-11.530166666666668
1.6820833333333334,-11.516666666666667
1.6825,-11.517166666666666
1.6829166666666666,-11.519
1.6833333333333333,-11.512833333333333
1.68375,-11.508833333333333
1.6841666666666666,-11.501833333333332
1.6845833333333333,-11.503
1.685,-11.510333333333334
1.6854166666666666,-11.517000000000001
1.6858333333333333,-11.539666666666667
1.68625,-11.5475
1.6866666666666668,-11.549166666666665
1.6870833333333333,-11.552166666666666
1.6875,-11.531333333333334
1.6879166666666667,-11.510666666666665
1.6883333333333332,-11.485333333333331
1.68875,-11.479666666666667
1.6891666666666667,-11.485
1.6895833333333334,-11.498166666666668
1.69,-11.517666666666665
1.6904166666666667,-11.535333333333332
1.6908333333333334,-11.561166666666667
1.69125,-11.575499999999998
1.6916666666666667,-11.598999999999998
1.6920833333333334,-11.615
1.6925,-11.630666666666668
1.6929166666666666,-11.648833333333334
1.6933333333333334,-11.641166666666669
1.69375,-11.619333333333335
1.6941666666666666,-11.567166666666665
1.6945833333333333,-11.508833333333333
1.695,-11.444666666666668
1.6954166666666666,-11.385
1.6958333333333333,-11.339833333333333
1.69625,-11.297166666666667
1.6966666666666668,-11.281166666666666
1.6970833333333333,-11.271
1.6975,-11.281666666666666
1.6979166666666667,-11.312166666666668
1.6983333333333333,-11.345166666666666
1.69875,-11.3895
1.6991666666666667,-11.413333333333332
1.6995833333333332,-11.424833333333334
1.7,-11.432333333333332
1.7004166666666667,-11.424666666666667
1.7008333333333334,-11.423666666666668
1.70125,-11.427
1.7016666666666667,-11.4315
1.7020833333333334,-11.451500000000001
1.7025,-11.471833333333334
1.7029166666666666,-11.477833333333331
1.7033333333333334,-11.481166666666667
1.70375,-11.474833333333335
1.7041666666666666,-11.466333333333333
1.7045833333333333,-11.456666666666665
1.705,-11.4375
1.7054166666666666,-11.419333333333332
1.7058333333333333,-11.404833333333334
1.70625,-11.404499999999999
1.7066666666666668,-11.417666666666667
1.7070833333333333,-11.435
1.7075,-11.452
1.7079166666666667,-11.465833333333334
1.7083333333333333,-11.469333333333333
1.70875,-11.4565
1.7091666666666667,-11.438833333333333
1.7095833333333332,-11.4125
1.71,-11.391666666666666
1.7104166666666667,-11.381666666666666
1.7108333333333334,-11.379666666666667
1.71125,-11.3885
1.7116666666666667,-11.398833333333334
1.7120833333333334,-11.4165
1.7125,-11.419833333333335
1.7129166666666666,-11.4245
1.7133333333333334,-11.436666666666667
1.71375,-11.459166666666667
1.7141666666666666,-11.498
1.7145833333333333,-11.533166666666668
1.715,-11.572166666666666
1.7154166666666666,-11.592333333333334
1.7158333333333333,-11.580499999999999
1.71625,-11.543166666666666
1.7166666666666666,-11.478
1.7170833333333333,-11.417000000000002
1.7175,-11.366833333333334
1.7179166666666668,-11.348166666666666
1.7183333333333333,-11.350166666666667
1.71875,-11.356
1.7191666666666667,-11.3755
1.7195833333333332,-11.387833333333333
1.72,-11.398666666666665
1.7204166666666667,-11.392166666666668
1.7208333333333334,-11.389166666666668
1.72125,-11.394166666666669
1.7216666666666667,-11.392166666666666
1.7220833333333334,-11.404833333333334
1.7225,-11.410666666666666
1.7229166666666667,-11.412833333333333
1.7233333333333334,-11.418166666666666
1.72375,-11.420333333333332
1.7241666666666666,-11.428333333333333
1.7245833333333334,-11.426666666666668
1.725,-11.432166666666667
1.7254166666666666,-11.4325
1.7258333333333333,-11.427166666666666
1.72625,-11.433833333333334
1.7266666666666666,-11.434666666666667
1.7270833333333333,-11.426833333333335
1.7275,-11.415000000000001
1.7279166666666668,-11.409666666666666
1.7283333333333333,-11.403666666666666
1.72875,-11.406833333333333
1.7291666666666667,-11.417333333333334
1.7295833333333333,-11.425833333333332
1.73,-11.423833333333333
1.7304166666666667,-11.423666666666668
1.7308333333333332,-11.416666666666666
1.73125,-11.396166666666668
1.7316666666666667,-11.3785
1.7320833333333334,-11.350499999999998
1.7325,-11.324333333333334
1.7329166666666667,-11.286833333333334
1.7333333333333334,-11.243333333333334
1.73375,-11.203666666666665
1.7341666666666666,-11.167333333333334
1.7345833333333334,-11.1625
1.735,-11.175833333333335
1.7354166666666666,-11.211166666666665
1.7358333333333333,-11.267833333333334
1.73625,-11.316166666666668
1.7366666666666666,-11.354
1.7370833333333333,-11.3715
1.7375,-11.366
1.7379166666666668,-11.3485
1.7383333333333333,-11.326666666666668
1.73875,-11.310666666666668
1.7391666666666667,-11.298
1.7395833333333333,-11.282000000000002
1.74,-11.290333333333335
1.7404166666666667,-11.294833333333335
1.7408333333333332,-11.292500000000002
1.74125,-11.293666666666667
1.7416666666666667,-11.279000000000002
1.7420833333333334,-11.280500000000002
1.7425,-11.2815
1.7429166666666667,-11.289499999999999
1.7433333333333334,-11.305833333333334
1.74375,-11.315166666666665
1.7441666666666666,-11.336666666666668
1.7445833333333334,-11.354166666666666
1.745,-11.352666666666666
1.7454166666666666,-11.350499999999998
1.7458333333333333,-11.332166666666666
1.74625,-11.306333333333333
1.7466666666666666,-11.2965
1.7470833333333333,-11.279666666666666
1.7475,-11.282833333333334
1.7479166666666666,-11.298333333333332
1.7483333333333333,-11.3185
1.74875,-11.341833333333332
1.7491666666666668,-11.347500000000002
1.7495833333333333,-11.343166666666667
1.75,-11.333666666666666
1.7504166666666667,-11.332833333333333
1.7508333333333332,-11.338999999999999
1.75125,-11.360333333333331
1.7516666666666667,-11.38
1.7520833333333334,-11.396166666666666
1.7525,-11.411166666666668
1.7529166666666667,-11.404000000000002
1.7533333333333334,-11.391499999999999
1.75375,-11.361166666666668
1.7541666666666667,-11.3395
1.7545833333333334,-11.337166666666667
1.755,-11.336833333333333
1.7554166666666666,-11.351666666666667
1.7558333333333334,-11.360666666666667
1.75625,-11.37
1.7566666666666666,-11.377
1.7570833333333333,-11.372
1.7575,-11.366166666666667
1.7579166666666666,-11.340833333333334
1.7583333333333333,-11.320833333333335
1.75875,-11.310666666666668
1.7591666666666668,-11.299333333333331
1.7595833333333333,-11.3095
1.76,-11.31
1.7604166666666667,-11.317333333333332
1.7608333333333333,-11.324833333333332
1.76125,-11.319
1.7616666666666667,-11.317833333333333
1.7620833333333332,-11.305333333333332
1.7625,-11.307833333333335
1.7629166666666667,-11.312666666666667
1.7633333333333334,-11.32
1.76375,-11.326500000000001
1.7641666666666667,-11.324333333333334
1.7645833333333334,-11.329500000000001
1.765,-11.3345
1.7654166666666666,-11.344500000000002
1.7658333333333334,-11.351666666666667
1.76625,-11.355833333333335
1.7666666666666666,-11.357833333333334
1.7670833333333333,-11.3555
1.7675,-11.347666666666667
1.7679166666666666,-11.328833333333334
1.7683333333333333,-11.305166666666667
1.76875,-11.293999999999999
1.7691666666666668,-11.292166666666667
1.7695833333333333,-11.288499999999999
1.77,-11.293833333333334
1.7704166666666667,-11.2945
1.7708333333333333,-11.296000000000001
1.77125,-11.311333333333332
1.7716666666666667,-11.339333333333334
1.7720833333333332,-11.362333333333332
1.7725,-11.377333333333333
1.7729166666666667,-11.379833333333332
1.7733333333333334,-11.368833333333335
1.77375,-11.352333333333332
1.7741666666666667,-11.321666666666667
1.7745833333333334,-11.296
1.775,-11.263166666666669
1.7754166666666666,-11.248166666666668
1.7758333333333334,-11.248833333333332
1.77625,-11.250166666666667
1.7766666666666666,-11.264166666666668
1.7770833333333333,-11.268666666666666
1.7775,-11.280500000000002
1.7779166666666666,-11.296333333333331
1.7783333333333333,-11.314333333333332
1.77875,-11.337666666666669
1.7791666666666666,-11.3375
1.7795833333333333,-11.339666666666666
1.78,-11.334833333333334
1.7804166666666668,-11.327
1.7808333333333333,-11.335833333333333
1.78125,-11.351666666666667
1.7816666666666667,-11.39
1.7820833333333332,-11.439666666666666
1.7825,-11.4865
1.7829166666666667,-11.504333333333333
1.7833333333333334,-11.480833333333335
1.78375,-11.421333333333331
1.7841666666666667,-11.352833333333335
1.7845833333333334,-11.296333333333331
1.785,-11.261666666666665
1.7854166666666667,-11.258166666666668
1.7858333333333334,-11.272
1.78625,-11.296
1.7866666666666666,-11.3195
1.7870833333333334,-11.326
1.7875,-11.321166666666665
1.7879166666666666,-11.314166666666667
1.7883333333333333,-11.301166666666667
1.78875,-11.298499999999999
1.7891666666666666,-11.302666666666667
1.7895833333333333,-11.305833333333334
1.79,-11.305666666666667
1.7904166666666668,-11.292
1.7908333333333333,-11.277166666666666
1.79125,-11.256666666666666
1.7916666666666667,-11.225333333333333
1.7920833333333333,-11.202166666666669
1.7925,-11.179333333333332
1.7929166666666667,-11.161499999999998
1.7933333333333332,-11.162666666666667
1.79375,-11.1625
1.7941666666666667,-11.149666666666667
1.7945833333333334,-11.135833333333332
1.795,-11.116
1.7954166666666667,-11.101833333333333
1.7958333333333334,-11.091666666666667
1.79625,-11.0815
1.7966666666666666,-11.083833333333333
1.7970833333333334,-11.086500000000001
1.7975,-11.096666666666666
1.7979166666666666,-11.108666666666666
1.7983333333333333,-11.112833333333333
1.79875,-11.106833333333334
1.7991666666666666,-11.094666666666667
1.7995833333333333,-11.076
1.8,-11.044833333333335
1.8004166666666668,-11.010666666666667
1.8008333333333333,-10.969999999999999
1.80125,-10.933
1.8016666666666667,-10.899833333333333
1.8020833333333333,-10.866666666666665
1.8025,-10.834833333333334
1.8029166666666667,-10.793166666666666
1.8033333333333332,-10.753666666666668
1.80375,-10.718333333333334
1.8041666666666667,-10.687
1.8045833333333334,-10.650833333333333
1.805,-10.610333333333333
1.8054166666666667,-10.575833333333334
1.8058333333333334,-10.546666666666667
1.80625,-10.5285
1.8066666666666666,-10.501166666666666
1.8070833333333334,-10.469833333333334
1.8075,-10.436666666666667
1.8079166666666666,-10.412833333333333
1.8083333333333333,-10.388166666666665
1.80875,-10.354
1.8091666666666666,-10.325166666666666
1.8095833333333333,-10.291500000000001
1.81,-10.266
1.8104166666666666,-10.244166666666667
1.8108333333333333,-10.212333333333333
1.81125,-10.177666666666667
1.8116666666666668,-10.1395
1.8120833333333333,-10.109666666666667
1.8125,-10.085666666666667
1.8129166666666667,-10.063333333333333
1.8133333333333332,-10.057833333333333
1.81375,-10.048833333333334
1.8141666666666667,-10.043833333333334
1.8145833333333334,-10.022166666666667
1.815,-9.984666666666667
1.8154166666666667,-9.919833333333335
1.8158333333333334,-9.834999999999999
1.81625,-9.759
1.8166666666666667,-9.672500000000001
1.8170833333333334,-9.616333333333332
1.8175,-9.570166666666667
1.8179166666666666,-9.5345
1.8183333333333334,-9.510666666666667
1.81875,-9.467333333333334
1.8191666666666666,-9.415166666666666
1.8195833333333333,-9.3405
1.82,-9.260166666666667
1.8204166666666666,-9.198666666666666
1.8208333333333333,-9.144499999999999
1.82125,-9.101666666666667
1.8216666666666668,-9.068
1.8220833333333333,-9.035333333333334
1.8225,-9.0055
1.8229166666666667,-8.961
1.8233333333333333,-8.908333333333333
1.82375,-8.842833333333333
1.8241666666666667,-8.768833333333333
1.8245833333333332,-8.698666666666666
1.825,-8.632
1.8254166666666667,-8.567833333333333
1.8258333333333334,-8.4995
1.82625,-8.445833333333335
1.8266666666666667,-8.399166666666666
1.8270833333333334,-8.353666666666667
1.8275,-8.3145
1.8279166666666666,-8.269333333333334
1.8283333333333334,-8.228
1.82875,-8.180166666666667
1.8291666666666666,-8.132
1.8295833333333333,-8.087
1.83,-8.021666666666667
1.8304166666666666,-7.956333333333333
1.8308333333333333,-7.889499999999999
1.83125,-7.820166666666668
1.8316666666666668,-7.7508333333333335
1.8320833333333333,-7.684
1.8325,-7.624
1.8329166666666667,-7.558333333333334
1.8333333333333333,-7.5021666666666675
1.83375,-7.445666666666667
1.8341666666666667,-7.386833333333333
1.8345833333333332,-7.3261666666666665
1.835,-7.259166666666666
1.8354166666666667,-7.204166666666667
1.8358333333333334,-7.1481666666666674
1.83625,-7.089666666666667
1.8366666666666667,-7.041833333333333
1.8370833333333334,-6.987666666666667
1.8375,-6.9366666666666665
1.8379166666666666,-6.886833333333333
1.8383333333333334,-6.822333333333333
1.83875,-6.759333333333333
1.8391666666666666,-6.685833333333334
1.8395833333333333,-6.624
1.84,-6.570666666666668
1.8404166666666666,-6.528333333333333
1.8408333333333333,-6.499666666666666
1.84125,-6.466333333333334
1.8416666666666666,-6.443666666666666
1.8420833333333333,-6.405666666666666
1.8425,-6.364666666666667
1.8429166666666668,-6.31
1.8433333333333333,-6.233833333333334
1.84375,-6.169666666666667
1.8441666666666667,-6.106000000000001
1.8445833333333332,-6.0485
1.845,-6.010666666666666
1.8454166666666667,-5.972833333333334
1.8458333333333334,-5.950833333333333
1.84625,-5.935
1.8466666666666667,-5.896666666666667
1.8470833333333334,-5.844
1.8475,-5.754166666666666
1.8479166666666667,-5.646166666666666
1.8483333333333334,-5.5335
1.84875,-5.406166666666667
1.8491666666666666,-5.280166666666666
1.8495833333333334,-5.1593333333333335
1.85,-5.054166666666666
1.8504166666666666,-4.9585
1.8508333333333333,-4.876
1.85125,-4.809333333333333
1.8516666666666666,-4.7535
1.8520833333333333,-4.709833333333333
1.8525,-4.664333333333333
1.8529166666666668,-4.61
1.8533333333333333,-4.532666666666667
1.85375,-4.4375
1.8541666666666667,-4.344
1.8545833333333333,-4.2508333333333335
1.855,-4.1635
1.8554166666666667,-4.095166666666667
1.8558333333333332,-4.0335
1.85625,-3.9715000000000003
1.8566666666666667,-3.904833333333334
1.8570833333333334,-3.8181666666666665
1.8575,-3.7175
1.8579166666666667,-3.621166666666667
1.8583333333333334,-3.5356666666666663
1.85875,-3.4614999999999996
1.8591666666666666,-3.4051666666666667
1.8595833333333334,-3.3435
1.86,-3.2841666666666662
1.8604166666666666,-3.2148333333333334
1.8608333333333333,-3.1205
1.86125,-3.0335
1.8616666666666666,-2.9431666666666665
1.8620833333333333,-2.8708333333333336
1.8625,-2.8161666666666663
1.8629166666666668,-2.7648333333333333
1.8633333333333333,-2.7281666666666666
1.86375,-2.6865
1.8641666666666667,-2.641833333333333
1.8645833333333333,-2.6071666666666666
1.865,-2.5676666666666663
1.8654166666666667,-2.527833333333333
1.8658333333333332,-2.5025
1.86625,-2.4625
1.8666666666666667,-2.4203333333333332
1.8670833333333334,-2.381666666666667
1.8675,-2.328666666666667
1.8679166666666667,-2.2781666666666665
1.8683333333333334,-2.2078333333333333
1.86875,-2.1428333333333334
1.8691666666666666,-2.0816666666666666
1.8695833333333334,-2.0155
1.87,-1.9645000000000001
1.8704166666666666,-1.9093333333333333
1.8708333333333333,-1.8691666666666666
1.87125,-1.845
1.8716666666666666,-1.8351666666666666
1.8720833333333333,-1.8463333333333332
1.8725,-1.8579999999999999
1.8729166666666666,-1.867
1.8733333333333333,-1.8671666666666666
1.87375,-1.8548333333333333
1.8741666666666668,-1.829
1.8745833333333333,-1.7816666666666665
1.875,-1.737
1.8754166666666667,-1.6988333333333332
1.8758333333333332,-1.6651666666666667
1.87625,-1.6481666666666666
1.8766666666666667,-1.6331666666666667
1.8770833333333334,-1.625333333333333
1.8775,-1.6221666666666668
1.8779166666666667,-1.6276666666666666
1.8783333333333334,-1.6285
1.87875,-1.6161666666666668
1.8791666666666667,-1.6130000000000002
1.8795833333333334,-1.6186666666666667
1.88,-1.6355000000000002
1.8804166666666666,-1.6546666666666667
1.8808333333333334,-1.6695
1.88125,-1.6803333333333332
1.8816666666666666,-1.6725
1.8820833333333333,-1.657
1.8825,-1.6311666666666664
1.8829166666666666,-1.601
1.8833333333333333,-1.5958333333333332
1.88375,-1.6095
1.8841666666666668,-1.6275000000000002
1.8845833333333333,-1.6303333333333334
1.885,-1.615
1.8854166666666667,-1.5836666666666666
1.8858333333333333,-1.547
1.88625,-1.514
1.8866666666666667,-1.494
1.8870833333333332,-1.4885000000000002
1.8875,-1.4931666666666665
1.8879166666666667,-1.5093333333333332
1.8883333333333334,-1.5195
1.88875,-1.5119999999999998
1.8891666666666667,-1.4913333333333334
1.8895833333333334,-1.4598333333333333
1.89,-1.423
1.8904166666666666,-1.3836666666666666
1.8908333333333334,-1.345
1.89125,-1.3068333333333333
1.8916666666666666,-1.2691666666666666
1.8920833333333333,-1.2391666666666665
1.8925,-1.2036666666666667
1.8929166666666666,-1.1621666666666666
1.8933333333333333,-1.1115000000000002
1.89375,-1.0561666666666667
1.8941666666666668,-1.0073333333333334
1.8945833333333333,-0.9576666666666668
1.895,-0.9194999999999999
1.8954166666666667,-0.888
1.8958333333333333,-0.8566666666666666
1.89625,-0.8306666666666667
1.8966666666666667,-0.795
1.8970833333333332,-0.7454999999999999
1.8975,-0.6783333333333333
1.8979166666666667,-0.5973333333333334
1.8983333333333334,-0.5243333333333334
1.89875,-0.45649999999999996
1.8991666666666667,-0.4001666666666667
1.8995833333333334,-0.3535
1.9,-0.31516666666666665
1.9004166666666666,-0.2776666666666667
1.9008333333333334,-0.2343333333333333
1.90125,-0.18800000000000003
1.9016666666666666,-0.128
1.9020833333333333,-0.057499999999999996
1.9025,0.00783333333333334
1.9029166666666666,0.06499999999999999
1.9033333333333333,0.131
1.90375,0.19616666666666668
1.9041666666666666,0.2615
1.9045833333333333,0.3295
1.905,0.39466666666666667
1.9054166666666668,0.4563333333333333
1.9058333333333333,0.515
1.90625,0.5735
1.9066666666666667,0.6349999999999999
1.9070833333333332,0.7120000000000001
1.9075,0.8005
1.9079166666666667,0.8998333333333334
1.9083333333333334,0.9966666666666667
1.90875,1.078
1.9091666666666667,1.1505
1.9095833333333334,1.1941666666666666
1.91,1.2218333333333333
1.9104166666666667,1.2496666666666665
1.9108333333333334,1.2748333333333333
1.91125,1.3268333333333333
1.9116666666666666,1.3806666666666665
1.9120833333333334,1.4195
1.9125,1.4606666666666666
1.9129166666666666,1.4936666666666667
1.9133333333333333,1.5251666666666666
1.91375,1.5658333333333332
1.9141666666666666,1.6025
1.9145833333333333,1.6506666666666667
1.915,1.7136666666666667
1.9154166666666668,1.777
1.9158333333333333,1.8369999999999997
1.91625,1.8841666666666665
1.9166666666666667,1.9176666666666666
1.9170833333333333,1.9355
1.9175,1.9324999999999999
1.9179166666666667,1.920333333333333
1.9183333333333332,1.92
1.91875,1.9208333333333334
1.9191666666666667,1.938
1.9195833333333334,1.9814999999999998
1.92,2.0201666666666664
1.9204166666666667,2.0716666666666668
1.9208333333333334,2.106666666666667
1.92125,2.1246666666666667
1.9216666666666666,2.139
1.9220833333333334,2.140833333333333
1.9225,2.157833333333333
1.9229166666666666,2.162166666666667
1.9233333333333333,2.172166666666667
1.92375,2.196
1.9241666666666666,2.224
1.9245833333333333,2.2486666666666664
1.925,2.2591666666666668
1.9254166666666668,2.2575
1.9258333333333333,2.2353333333333336
1.92625,2.2046666666666668
1.9266666666666667,2.17
1.9270833333333333,2.138666666666667
1.9275,2.123333333333333
1.9279166666666667,2.1331666666666664
1.9283333333333332,2.1595
1.92875,2.1933333333333334
1.9291666666666667,2.2273333333333336
1.9295833333333334,2.2546666666666666
1.93,2.264
1.9304166666666667,2.2603333333333335
1.9308333333333334,2.2541666666666664
1.93125,2.2343333333333333
1.9316666666666666,2.2185
1.9320833333333334,2.2129999999999996
1.9325,2.2148333333333334
1.9329166666666666,2.218833333333333
1.9333333333333333,2.2211666666666665
1.93375,2.213833333333333
1.9341666666666666,2.1953333333333336
1.9345833333333333,2.169833333333333
1.935,2.1381666666666668
1.9354166666666666,2.106333333333333
1.9358333333333333,2.0805000000000002
1.93625,2.0671666666666666
1.9366666666666668,2.0575
1.9370833333333333,2.045
1.9375,2.0215
1.9379166666666667,1.9903333333333333
1.9383333333333332,1.9590000000000003
1.93875,1.9269999999999998
1.9391666666666667,1.886
1.9395833333333334,1.8451666666666668
1.94,1.8133333333333332
1.9404166666666667,1.797
1.9408333333333334,1.7928333333333335
1.94125,1.7883333333333333
1.9416666666666667,1.7911666666666666
1.9420833333333334,1.788
1.9425,1.7833333333333332
1.9429166666666666,1.7701666666666667
1.9433333333333334,1.7345
1.94375,1.6925
1.9441666666666666,1.655333333333333
1.9445833333333333,1.6289999999999998
1.945,1.5991666666666668
1.9454166666666666,1.5608333333333333
1.9458333333333333,1.5221666666666664
1.94625,1.4801666666666666
1.9466666666666668,1.4383333333333332
1.9470833333333333,1.3976666666666668
1.9475,1.3564999999999998
1.9479166666666667,1.3153333333333332
1.9483333333333333,1.2765
1.94875,1.2403333333333333
1.9491666666666667,1.209
1.9495833333333332,1.1821666666666666
1.95,1.1601666666666668
1.9504166666666667,1.1378333333333333
1.9508333333333334,1.1203333333333332
1.95125,1.1166666666666665
1.9516666666666667,1.1108333333333333
1.9520833333333334,1.1123333333333332
1.9525,1.1101666666666665
1.9529166666666666,1.0958333333333334
1.9533333333333334,1.0841666666666667
1.95375,1.0516666666666667
1.9541666666666666,1.01
1.9545833333333333,0.9518333333333334
1.955,0.8885
1.9554166666666666,0.85
1.9558333333333333,0.8061666666666666
1.95625,0.7821666666666666
1.9566666666666668,0.7616666666666667
1.9570833333333333,0.7360000000000001
1.9575,0.7181666666666665
1.9579166666666667,0.6928333333333333
1.9583333333333333,0.6606666666666667
1.95875,0.62
1.9591666666666667,0.5765
1.9595833333333332,0.5333333333333333
1.96,0.5003333333333333
1.9604166666666667,0.46399999999999997
1.9608333333333334,0.4355
1.96125,0.4146666666666667
1.9616666666666667,0.39033333333333325
1.9620833333333334,0.38000000000000006
1.9625,0.36966666666666664
1.9629166666666666,0.3591666666666667
1.9633333333333334,0.3575
1.96375,0.3538333333333334
1.9641666666666666,0.3511666666666667
1.9645833333333333,0.33816666666666667
1.965,0.30450000000000005
1.9654166666666666,0.25966666666666666
1.9658333333333333,0.19583333333333333
1.96625,0.12216666666666666
1.9666666666666666,0.05466666666666666
1.9670833333333333,-0.017499999999999988
1.9675,-0.06933333333333332
1.9679166666666668,-0.1115
1.9683333333333333,-0.15
1.96875,-0.17433333333333334
1.9691666666666667,-0.21166666666666667
1.9695833333333332,-0.2265
1.97,-0.24350000000000002
1.9704166666666667,-0.2561666666666667
1.9708333333333334,-0.24983333333333332
1.97125,-0.25383333333333336
1.9716666666666667,-0.24
1.9720833333333334,-0.24833333333333332
1.9725,-0.2641666666666667
1.9729166666666667,-0.2871666666666667
1.9733333333333334,-0.3348333333333333
1.97375,-0.36933333333333335
1.9741666666666666,-0.4163333333333334
1.9745833333333334,-0.45083333333333336
1.975,-0.4661666666666666
1.9754166666666666,-0.4755
1.9758333333333333,-0.4693333333333333
1.97625,-0.4828333333333333
1.9766666666666666,-0.4991666666666667
1.9770833333333333,-0.5158333333333333
1.9775,-0.5443333333333333
1.9779166666666668,-0.5661666666666667
1.9783333333333333,-0.594
1.97875,-0.6161666666666666
1.9791666666666667,-0.6433333333333333
1.9795833333333333,-0.6825000000000001
1.98,-0.7244999999999999
1.9804166666666667,-0.7885
1.9808333333333332,-0.8436666666666667
1.98125,-0.8963333333333333
1.9816666666666667,-0.9378333333333333
1.9820833333333334,-0.9621666666666666
1.9825,-0.9961666666666665
1.9829166666666667,-1.0065
1.9833333333333334,-1.0105
1.98375,-1.0123333333333333
1.9841666666666666,-1.0023333333333333
1.9845833333333334,-1.0093333333333334
1.985,-1.0153333333333332
1.9854166666666666,-1.029
1.9858333333333333,-1.0599999999999998
1.98625,-1.0946666666666667
1.9866666666666666,-1.1516666666666666
1.9870833333333333,-1.2111666666666667
1.9875,-1.2663333333333335
1.9879166666666668,-1.3331666666666668
1.9883333333333333,-1.3925
1.98875,-1.4349999999999998
1.9891666666666667,-1.4475
1.9895833333333333,-1.4280000000000002
1.99,-1.4014999999999997
1.9904166666666667,-1.3765
1.9908333333333332,-1.3678333333333335
1.99125,-1.3721666666666668
1.9916666666666667,-1.3838333333333335
1.9920833333333334,-1.3973333333333333
1.9925,-1.4055
1.9929166666666667,-1.4095000000000002
1.9933333333333334,-1.406
1.99375,-1.4126666666666665
1.9941666666666666,-1.4273333333333333
1.9945833333333334,-1.4543333333333335
1.995,-1.4851666666666665
1.9954166666666666,-1.5071666666666665
1.9958333333333333,-1.5331666666666663
1.99625,-1.5585000000000002
1.9966666666666666,-1.592666666666667
1.9970833333333333,-1.6376666666666668
1.9975,-1.6755000000000002
1.9979166666666666,-1.7048333333333334
1.9983333333333333,-1.7166666666666666
1.99875,-1.712
1.9991666666666668,-1.7013333333333334
1.9995833333333333,-1.6893333333333331
2.0,-1.6851666666666667
2.0004166666666667,-1.6928333333333334
2.0008333333333335,-1.7078333333333333
2.00125,-1.7309999999999999
2.0016666666666665,-1.7495
2.002083333333333,-1.7521666666666667
2.0025,-1.7563333333333333
2.0029166666666667,-1.7443333333333333
2.0033333333333334,-1.732
2.00375,-1.7168333333333334
2.004166666666667,-1.7046666666666666
2.004583333333333,-1.7168333333333334
2.005,-1.7395000000000003
2.0054166666666666,-1.7761666666666667
2.0058333333333334,-1.8178333333333334
2.00625,-1.8431666666666666
2.006666666666667,-1.8596666666666666
2.0070833333333336,-1.8688333333333336
2.0075,-1.8608333333333331
2.0079166666666666,-1.8568333333333331
2.0083333333333333,-1.8488333333333333
2.00875,-1.8564999999999998
2.0091666666666668,-1.8756666666666666
2.0095833333333335,-1.8916666666666666
2.01,-1.913
2.0104166666666665,-1.9343333333333332
2.0108333333333333,-1.9558333333333333
2.01125,-1.9805000000000001
2.0116666666666667,-2.0146666666666664
2.0120833333333334,-2.048166666666667
2.0125,-2.089833333333333
2.0129166666666665,-2.1225
2.013333333333333,-2.1496666666666666
2.01375,-2.1713333333333336
2.0141666666666667,-2.173
2.0145833333333334,-2.174166666666667
2.015,-2.158166666666667
2.015416666666667,-2.1441666666666666
2.015833333333333,-2.1365000000000003
2.01625,-2.129
2.0166666666666666,-2.1328333333333336
2.0170833333333333,-2.1378333333333335
2.0175,-2.1565
2.017916666666667,-2.1755
2.0183333333333335,-2.181666666666667
2.01875,-2.1825
2.0191666666666666,-2.1830000000000003
2.0195833333333333,-2.1830000000000003
2.02,-2.196
2.0204166666666667,-2.2070000000000003
2.0208333333333335,-2.2123333333333335
2.02125,-2.2278333333333333
2.0216666666666665,-2.232666666666667
2.0220833333333332,-2.235333333333333
2.0225,-2.2143333333333333
2.0229166666666667,-2.1753333333333336
2.0233333333333334,-2.137
2.02375,-2.092833333333333
2.0241666666666664,-2.0645000000000002
2.024583333333333,-2.0495
2.025,-2.0563333333333333
2.0254166666666666,-2.0855
2.0258333333333334,-2.137166666666667
2.02625,-2.181166666666667
2.026666666666667,-2.207
2.027083333333333,-2.2071666666666667
2.0275,-2.1774999999999998
2.0279166666666666,-2.15
2.0283333333333333,-2.1189999999999998
2.02875,-2.108
2.029166666666667,-2.1141666666666667
2.0295833333333335,-2.127666666666667
2.03,-2.1566666666666667
2.0304166666666665,-2.18
2.0308333333333333,-2.1876666666666664
2.03125,-2.1918333333333333
2.0316666666666667,-2.1835
2.0320833333333335,-2.172333333333333
2.0325,-2.172166666666667
2.0329166666666665,-2.1761666666666666
2.033333333333333,-2.1876666666666664
2.03375,-2.196166666666667
2.0341666666666667,-2.202166666666667
2.0345833333333334,-2.2175
2.035,-2.2365
2.035416666666667,-2.258
2.035833333333333,-2.2886666666666664
2.03625,-2.3188333333333335
2.0366666666666666,-2.3601666666666667
2.0370833333333334,-2.400333333333333
2.0375,-2.4225
2.037916666666667,-2.4335000000000004
2.0383333333333336,-2.4418333333333333
2.03875,-2.4575
2.0391666666666666,-2.4938333333333333
2.0395833333333333,-2.5386666666666664
2.04,-2.5866666666666664
2.0404166666666668,-2.6475000000000004
2.0408333333333335,-2.7113333333333336
2.04125,-2.778166666666666
2.0416666666666665,-2.840666666666667
2.0420833333333333,-2.8974999999999995
2.0425,-2.9495
2.0429166666666667,-2.987833333333333
2.0433333333333334,-3.0175
2.04375,-3.051
2.0441666666666665,-3.084666666666667
2.044583333333333,-3.138833333333333
2.045,-3.2176666666666667
2.0454166666666667,-3.307
2.0458333333333334,-3.4106666666666663
2.04625,-3.5035000000000003
2.046666666666667,-3.5853333333333333
2.047083333333333,-3.6528333333333336
2.0475,-3.705
2.0479166666666666,-3.763333333333333
2.0483333333333333,-3.8226666666666667
2.04875,-3.887333333333333
2.049166666666667,-3.957166666666667
2.0495833333333335,-4.027833333333333
2.05,-4.105166666666666
2.0504166666666666,-4.180666666666666
2.0508333333333333,-4.257000000000001
2.05125,-4.332
2.0516666666666667,-4.405
2.0520833333333335,-4.473833333333333
2.0525,-4.548500000000001
2.0529166666666665,-4.634166666666667
2.0533333333333332,-4.709666666666666
2.05375,-4.7924999999999995
2.0541666666666667,-4.870333333333334
2.0545833333333334,-4.949000000000001
2.055,-5.037
2.0554166666666664,-5.123
2.055833333333333,-5.220833333333333
2.05625,-5.3261666666666665
2.0566666666666666,-5.432166666666666
2.0570833333333334,-5.544833333333334
2.0575,-5.633500000000001
2.057916666666667,-5.698166666666666
2.058333333333333,-5.755333333333333
2.05875,-5.794
2.0591666666666666,-5.849833333333333
2.0595833333333333,-5.907499999999999
2.06,-5.966833333333334
2.060416666666667,-6.0438333333333345
2.0608333333333335,-6.1048333333333344
2.06125,-6.156333333333333
2.0616666666666665,-6.197666666666667
2.0620833333333333,-6.225833333333333
2.0625,-6.271666666666666
2.0629166666666667,-6.323333333333333
2.0633333333333335,-6.39
2.06375,-6.463166666666666
2.0641666666666665,-6.516000000000001
2.064583333333333,-6.573333333333333
2.065,-6.620666666666668
2.0654166666666667,-6.6565
2.0658333333333334,-6.696333333333333
2.06625,-6.735833333333333
2.066666666666667,-6.7878333333333325
2.067083333333333,-6.833833333333334
2.0675,-6.881333333333333
2.0679166666666666,-6.931166666666667
2.0683333333333334,-6.9745
2.06875,-7.026666666666667
2.069166666666667,-7.0855
2.0695833333333336,-7.137833333333333
2.07,-7.177166666666667
2.0704166666666666,-7.209166666666667
2.0708333333333333,-7.232666666666667
2.07125,-7.251333333333334
2.0716666666666668,-7.259833333333333
2.0720833333333335,-7.276
2.0725,-7.3035
2.0729166666666665,-7.338666666666666
2.0733333333333333,-7.391333333333333
2.07375,-7.438666666666666
2.0741666666666667,-7.4905
2.0745833333333334,-7.5473333333333334
2.075,-7.594666666666666
2.0754166666666665,-7.6505
2.075833333333333,-7.699333333333333
2.07625,-7.7515
2.0766666666666667,-7.805666666666667
2.0770833333333334,-7.846666666666667
2.0775,-7.894333333333333
2.077916666666667,-7.922166666666667
2.078333333333333,-7.9435
2.07875,-7.973166666666667
2.0791666666666666,-7.992166666666667
2.0795833333333333,-8.016
2.08,-8.047166666666667
2.080416666666667,-8.073166666666667
2.0808333333333335,-8.103666666666667
2.08125,-8.131
2.0816666666666666,-8.157166666666667
2.0820833333333333,-8.185666666666666
2.0825,-8.192
2.0829166666666667,-8.198833333333333
2.0833333333333335,-8.201666666666666
2.08375,-8.195333333333334
2.0841666666666665,-8.2005
2.0845833333333332,-8.218333333333334
2.085,-8.257
2.0854166666666667,-8.316
2.0858333333333334,-8.377166666666666
2.08625,-8.427666666666667
2.0866666666666664,-8.4655
2.087083333333333,-8.483333333333333
2.0875,-8.4945
2.0879166666666666,-8.497333333333332
2.0883333333333334,-8.509666666666668
2.08875,-8.5285
2.089166666666667,-8.546000000000001
2.089583333333333,-8.570500000000001
2.09,-8.570833333333333
2.0904166666666666,-8.561666666666666
2.0908333333333333,-8.539666666666667
2.09125,-8.519833333333333
2.091666666666667,-8.519333333333334
2.0920833333333335,-8.521333333333333
2.0925,-8.549
2.0929166666666665,-8.570666666666666
2.0933333333333333,-8.592333333333334
2.09375,-8.626666666666667
2.0941666666666667,-8.639333333333333
2.0945833333333335,-8.658166666666668
2.095,-8.666833333333333
2.0954166666666665,-8.676666666666666
2.095833333333333,-8.692666666666666
2.09625,-8.697666666666667
2.0966666666666667,-8.718833333333334
2.0970833333333334,-8.734833333333333
2.0975,-8.764833333333334
2.097916666666667,-8.807
2.098333333333333,-8.835500000000001
2.09875,-8.869166666666667
2.0991666666666666,-8.887833333333333
2.0995833333333334,-8.905666666666667
2.1,-8.918666666666667
2.100416666666667,-8.914499999999999
2.1008333333333336,-8.917499999999999
2.10125,-8.901166666666667
2.1016666666666666,-8.886000000000001
2.1020833333333333,-8.868666666666666
2.1025,-8.843666666666666
2.1029166666666668,-8.836166666666669
2.1033333333333335,-8.842500000000001
2.10375,-8.859166666666667
2.1041666666666665,-8.881
2.1045833333333333,-8.9075
2.105,-8.927333333333333
2.1054166666666667,-8.945166666666665
2.1058333333333334,-8.944166666666666
2.10625,-8.939333333333334
2.1066666666666665,-8.9355
2.107083333333333,-8.936166666666665
2.1075,-8.956166666666666
2.1079166666666667,-8.978333333333333
2.1083333333333334,-9.011166666666666
2.10875,-9.045
2.109166666666667,-9.080833333333333
2.109583333333333,-9.098833333333333
2.11,-9.100333333333333
2.1104166666666666,-9.094666666666667
2.1108333333333333,-9.0835
2.11125,-9.082500000000001
2.111666666666667,-9.085500000000001
2.1120833333333335,-9.099166666666667
2.1125,-9.120333333333333
2.1129166666666666,-9.138833333333332
2.1133333333333333,-9.152166666666666
2.11375,-9.155999999999999
2.1141666666666667,-9.147
2.1145833333333335,-9.141166666666667
2.115,-9.129
2.1154166666666665,-9.115333333333334
2.1158333333333332,-9.112499999999999
2.11625,-9.121166666666667
2.1166666666666667,-9.143666666666666
2.1170833333333334,-9.176166666666667
2.1175,-9.213166666666666
2.1179166666666664,-9.245833333333332
2.118333333333333,-9.270000000000001
2.11875,-9.285666666666666
2.1191666666666666,-9.283500000000002
2.1195833333333334,-9.258333333333333
2.12,-9.233333333333334
2.120416666666667,-9.207999999999998
2.120833333333333,-9.194166666666666
2.12125,-9.194666666666667
2.1216666666666666,-9.201500000000001
2.1220833333333333,-9.216833333333334
2.1225,-9.228833333333334
2.122916666666667,-9.247333333333334
2.1233333333333335,-9.2495
2.12375,-9.239500000000001
2.1241666666666665,-9.225833333333334
2.1245833333333333,-9.218333333333334
2.125,-9.219
2.1254166666666667,-9.222166666666666
2.1258333333333335,-9.231833333333334
2.12625,-9.242666666666667
2.1266666666666665,-9.260666666666667
2.127083333333333,-9.290833333333333
2.1275,-9.317333333333332
2.1279166666666667,-9.331999999999999
2.1283333333333334,-9.339666666666666
2.12875,-9.3285
2.129166666666667,-9.312333333333333
2.129583333333333,-9.2825
2.13,-9.259166666666665
2.1304166666666666,-9.256833333333333
2.1308333333333334,-9.273833333333334
2.13125,-9.3085
2.131666666666667,-9.342333333333334
2.1320833333333336,-9.360999999999999
2.1325,-9.37
2.1329166666666666,-9.376
2.1333333333333333,-9.368833333333333
2.13375,-9.360666666666667
2.1341666666666668,-9.348166666666666
2.1345833333333335,-9.351333333333335
2.135,-9.357833333333332
2.1354166666666665,-9.361333333333333
2.1358333333333333,-9.363
2.13625,-9.360833333333334
2.1366666666666667,-9.386000000000001
2.1370833333333334,-9.415833333333333
2.1375,-9.445500000000001
2.1379166666666665,-9.460333333333333
2.138333333333333,-9.469166666666666
2.13875,-9.482333333333335
2.1391666666666667,-9.485
2.1395833333333334,-9.484666666666667
2.14,-9.458833333333335
2.140416666666667,-9.437
2.140833333333333,-9.429666666666666
2.14125,-9.43
2.1416666666666666,-9.457166666666666
2.1420833333333333,-9.485333333333331
2.1425,-9.531666666666668
2.142916666666667,-9.575000000000001
2.1433333333333335,-9.5905
2.14375,-9.590000000000002
2.1441666666666666,-9.548
2.1445833333333333,-9.495
2.145,-9.448333333333334
2.1454166666666667,-9.413166666666667
2.1458333333333335,-9.395166666666666
2.14625,-9.3875
2.1466666666666665,-9.389000000000001
2.1470833333333332,-9.393166666666668
2.1475,-9.411666666666667
2.1479166666666667,-9.429
2.1483333333333334,-9.448833333333333
2.14875,-9.469166666666666
2.1491666666666664,-9.4835
2.149583333333333,-9.496166666666667
2.15,-9.490166666666667
2.1504166666666666,-9.485666666666667
2.1508333333333334,-9.4795
2.15125,-9.480666666666666
2.151666666666667,-9.492833333333335
2.152083333333333,-9.512666666666666
2.1525,-9.542166666666667
2.1529166666666666,-9.5675
2.1533333333333333,-9.6
2.15375,-9.616833333333334
2.154166666666667,-9.613
2.1545833333333335,-9.6
2.155,-9.569166666666666
2.1554166666666665,-9.545666666666667
2.1558333333333333,-9.525166666666665
2.15625,-9.508333333333335
2.1566666666666667,-9.509833333333333
2.1570833333333335,-9.501666666666667
2.1575,-9.513
2.1579166666666665,-9.519666666666668
2.158333333333333,-9.524999999999999
2.15875,-9.531666666666666
2.1591666666666667,-9.5235
2.1595833333333334,-9.541666666666666
2.16,-9.547166666666667
2.160416666666667,-9.560166666666666
2.160833333333333,-9.572166666666666
2.16125,-9.5725
2.1616666666666666,-9.571333333333333
2.1620833333333334,-9.545
2.1625,-9.521333333333333
2.162916666666667,-9.4945
2.1633333333333336,-9.476833333333333
2.16375,-9.474666666666666
2.1641666666666666,-9.481333333333334
2.1645833333333333,-9.495166666666666
2.165,-9.513333333333334
2.1654166666666668,-9.552333333333332
2.1658333333333335,-9.583999999999998
2.16625,-9.6025
2.1666666666666665,-9.6125
2.1670833333333333,-9.615333333333332
2.1675,-9.622333333333332
2.1679166666666667,-9.6215
2.1683333333333334,-9.621166666666667
2.16875,-9.618833333333333
2.1691666666666665,-9.61
2.169583333333333,-9.603833333333334
2.17,-9.580499999999999
2.1704166666666667,-9.545333333333334
2.1708333333333334,-9.501666666666667
2.17125,-9.477833333333333
2.171666666666667,-9.490166666666667
2.172083333333333,-9.5205
2.1725,-9.565166666666668
2.1729166666666666,-9.6005
2.1733333333333333,-9.613666666666667
2.17375,-9.608666666666666
2.174166666666667,-9.587333333333333
2.1745833333333335,-9.556333333333335
2.175,-9.533333333333333
2.1754166666666666,-9.510333333333334
2.1758333333333333,-9.509500000000001
2.17625,-9.527166666666668
2.1766666666666667,-9.544166666666667
2.1770833333333335,-9.559333333333333
2.1775,-9.559333333333333
2.1779166666666665,-9.556666666666667
2.1783333333333332,-9.544333333333334
2.17875,-9.521
2.1791666666666667,-9.491833333333334
2.1795833333333334,-9.4665
2.18,-9.446666666666667
2.1804166666666664,-9.442166666666667
2.180833333333333,-9.46
2.18125,-9.471333333333334
2.1816666666666666,-9.486833333333333
2.1820833333333334,-9.493166666666667
2.1825,-9.489833333333333
2.182916666666667,-9.475333333333333
2.183333333333333,-9.448166666666665
2.18375,-9.440833333333332
2.1841666666666666,-9.445
2.1845833333333333,-9.461333333333334
2.185,-9.488333333333335
2.185416666666667,-9.506166666666665
2.1858333333333335,-9.513666666666666
2.18625,-9.514666666666665
2.1866666666666665,-9.497833333333332
2.1870833333333333,-9.481666666666667
2.1875,-9.4665
2.1879166666666667,-9.467
2.1883333333333335,-9.4935
2.18875,-9.5175
2.1891666666666665,-9.541666666666666
2.189583333333333,-9.553
2.19,-9.5565
2.1904166666666667,-9.561666666666667
2.1908333333333334,-9.5605
2.19125,-9.565666666666667
2.191666666666667,-9.577333333333334
2.192083333333333,-9.590333333333332
2.1925,-9.611833333333335
2.1929166666666666,-9.618833333333333
2.1933333333333334,-9.615499999999999
2.19375,-9.611833333333331
2.194166666666667,-9.594666666666667
2.1945833333333336,-9.590666666666666
2.195,-9.587666666666665
2.1954166666666666,-9.588166666666666
2.1958333333333333,-9.598999999999998
2.19625,-9.599166666666667
2.1966666666666668,-9.612333333333334
2.1970833333333335,-9.624
2.1975,-9.633666666666667
2.1979166666666665,-9.659666666666666
2.1983333333333333,-9.672333333333333
2.19875,-9.681166666666668
2.1991666666666667,-9.677166666666666
2.1995833333333334,-9.664833333333334
2.2,-9.651833333333334
2.2004166666666665,-9.6285
2.200833333333333,-9.607833333333334
2.20125,-9.573666666666668
2.2016666666666667,-9.538833333333335
2.2020833333333334,-9.502333333333334
2.2025,-9.476666666666667
2.202916666666667,-9.470166666666666
2.203333333333333,-9.485
2.20375,-9.528666666666666
2.2041666666666666,-9.578833333333334
2.2045833333333333,-9.629833333333332
2.205,-9.664666666666667
2.205416666666667,-9.679666666666668
2.2058333333333335,-9.6785
2.20625,-9.662
2.2066666666666666,-9.648666666666665
2.2070833333333333,-9.6415
2.2075,-9.642166666666668
2.2079166666666667,-9.656166666666666
2.2083333333333335,-9.670499999999999
2.20875,-9.681666666666667
2.2091666666666665,-9.6835
2.2095833333333332,-9.682833333333333
2.21,-9.663666666666666
2.2104166666666667,-9.628666666666666
2.2108333333333334,-9.609833333333333
2.21125,-9.603333333333333
2.2116666666666664,-9.613333333333333
2.212083333333333,-9.630333333333333
2.2125,-9.651166666666667
2.2129166666666666,-9.6655
2.2133333333333334,-9.660666666666666
2.21375,-9.646333333333333
2.214166666666667,-9.637166666666666
2.214583333333333,-9.623166666666668
2.215,-9.612833333333333
2.2154166666666666,-9.6225
2.2158333333333333,-9.617166666666668
2.21625,-9.616
2.216666666666667,-9.620333333333333
2.2170833333333335,-9.618833333333333
2.2175,-9.6225
2.2179166666666665,-9.614333333333333
2.2183333333333333,-9.616
2.21875,-9.617666666666667
2.2191666666666667,-9.608833333333333
2.2195833333333335,-9.595833333333333
2.22,-9.587000000000002
2.2204166666666665,-9.580666666666668
2.220833333333333,-9.577833333333333
2.22125,-9.580666666666668
2.2216666666666667,-9.571666666666667
2.2220833333333334,-9.568166666666665
2.2225,-9.562166666666666
2.222916666666667,-9.551166666666667
2.223333333333333,-9.546666666666667
2.22375,-9.542166666666667
2.2241666666666666,-9.548833333333333
2.2245833333333334,-9.564833333333334
2.225,-9.584999999999999
2.225416666666667,-9.599333333333334
2.2258333333333336,-9.611833333333335
2.22625,-9.616833333333334
2.2266666666666666,-9.611833333333333
2.2270833333333333,-9.611833333333331
2.2275,-9.607
2.2279166666666668,-9.61
2.2283333333333335,-9.611666666666666
2.22875,-9.609166666666667
2.2291666666666665,-9.605333333333334
2.2295833333333333,-9.581833333333334
2.23,-9.554666666666668
2.2304166666666667,-9.5325
2.2308333333333334,-9.512833333333333
2.23125,-9.520999999999999
2.2316666666666665,-9.539333333333333
2.232083333333333,-9.567666666666668
2.2325,-9.591833333333334
2.2329166666666667,-9.597333333333333
2.2333333333333334,-9.600499999999998
2.23375,-9.579333333333333
2.234166666666667,-9.560333333333332
2.234583333333333,-9.538833333333335
2.235,-9.516
2.2354166666666666,-9.505
2.2358333333333333,-9.4925
2.23625,-9.497000000000002
2.236666666666667,-9.507333333333333
2.2370833333333335,-9.517166666666668
2.2375,-9.538666666666666
2.2379166666666666,-9.561
2.2383333333333333,-9.581166666666666
2.23875,-9.583
2.2391666666666667,-9.568333333333333
2.2395833333333335,-9.542833333333334
2.24,-9.512500000000001
2.2404166666666665,-9.496666666666668
2.2408333333333332,-9.4875
2.24125,-9.496333333333334
2.2416666666666667,-9.517833333333334
2.2420833333333334,-9.550333333333333
2.2425,-9.577666666666667
2.2429166666666664,-9.579333333333333
2.243333333333333,-9.563333333333334
2.24375,-9.525333333333334
2.2441666666666666,-9.474833333333333
2.2445833333333334,-9.412333333333335
2.245,-9.363
2.245416666666667,-9.323
2.245833333333333,-9.309
2.24625,-9.3165
2.2466666666666666,-9.318666666666667
2.2470833333333333,-9.337666666666665
2.2475,-9.344000000000001
2.247916666666667,-9.360999999999999
2.2483333333333335,-9.372833333333334
2.24875,-9.377
2.2491666666666665,-9.399666666666667
2.2495833333333333,-9.412166666666666
2.25,-9.432833333333333
2.2504166666666667,-9.444833333333333
2.2508333333333335,-9.439166666666667
2.25125,-9.429666666666668
2.2516666666666665,-9.4215
2.252083333333333,-9.422166666666667
2.2525,-9.431166666666668
2.2529166666666667,-9.445833333333333
2.2533333333333334,-9.455833333333333
2.25375,-9.462333333333333
2.254166666666667,-9.458833333333333
2.254583333333333,-9.451500000000001
2.255,-9.444333333333335
2.2554166666666666,-9.431666666666667
2.2558333333333334,-9.431666666666667
2.25625,-9.450000000000001
2.256666666666667,-9.469666666666667
2.2570833333333336,-9.491999999999999
2.2575,-9.5085
2.2579166666666666,-9.506833333333335
2.2583333333333333,-9.506166666666667
2.25875,-9.491166666666667
2.2591666666666668,-9.475333333333333
2.2595833333333335,-9.456666666666667
2.26,-9.441166666666668
2.2604166666666665,-9.446833333333332
2.2608333333333333,-9.461500000000001
2.26125,-9.4935
2.2616666666666667,-9.524500000000002
2.2620833333333334,-9.5595
2.2625,-9.589
2.2629166666666665,-9.615833333333335
2.263333333333333,-9.630666666666666
2.26375,-9.62
2.2641666666666667,-9.603666666666667
2.2645833333333334,-9.575666666666667
2.265,-9.554166666666667
2.265416666666667,-9.538833333333331
2.265833333333333,-9.523333333333333
2.26625,-9.515833333333333
2.2666666666666666,-9.503833333333334
2.2670833333333333,-9.499833333333333
2.2675,-9.494333333333332
2.267916666666667,-9.483333333333334
2.2683333333333335,-9.476166666666666
2.26875,-9.467333333333334
2.2691666666666666,-9.461999999999998
2.2695833333333333,-9.446166666666667
2.27,-9.4165
2.2704166666666667,-9.385
2.2708333333333335,-9.354833333333334
2.27125,-9.329833333333333
2.2716666666666665,-9.321666666666667
2.2720833333333332,-9.3265
2.2725,-9.340333333333334
2.2729166666666667,-9.364166666666668
2.2733333333333334,-9.388
2.27375,-9.4035
2.2741666666666664,-9.409999999999998
2.274583333333333,-9.4105
2.275,-9.404499999999999
2.2754166666666666,-9.395166666666666
2.2758333333333334,-9.384666666666666
2.27625,-9.379166666666668
2.276666666666667,-9.383833333333333
2.277083333333333,-9.387166666666667
2.2775,-9.403500000000001
2.2779166666666666,-9.415666666666667
2.2783333333333333,-9.418333333333333
2.27875,-9.425666666666666
2.279166666666667,-9.413166666666667
2.2795833333333335,-9.402
2.28,-9.386333333333333
2.2804166666666665,-9.378
2.2808333333333333,-9.386166666666666
2.28125,-9.398333333333333
2.2816666666666667,-9.428833333333335
2.2820833333333335,-9.451
2.2825,-9.4585
2.2829166666666665,-9.4435
2.283333333333333,-9.413166666666667
2.28375,-9.381166666666667
2.2841666666666667,-9.3555
2.2845833333333334,-9.350166666666667
2.285,-9.355666666666666
2.285416666666667,-9.3685
2.285833333333333,-9.3845
2.28625,-9.389833333333334
2.2866666666666666,-9.373833333333334
2.2870833333333334,-9.3435
2.2875,-9.3085
2.287916666666667,-9.284333333333334
2.2883333333333336,-9.278833333333333
2.28875,-9.288833333333335
2.2891666666666666,-9.299833333333334
2.2895833333333333,-9.323333333333334
2.29,-9.353666666666667
2.2904166666666668,-9.378833333333333
2.2908333333333335,-9.404833333333334
2.29125,-9.415999999999999
2.2916666666666665,-9.424
2.2920833333333333,-9.429
2.2925,-9.418000000000001
2.2929166666666667,-9.412333333333335
2.2933333333333334,-9.400333333333334
2.29375,-9.3885
2.2941666666666665,-9.387333333333332
2.294583333333333,-9.375666666666666
2.295,-9.365
2.2954166666666667,-9.349833333333333
2.2958333333333334,-9.336333333333334
2.29625,-9.3285
2.296666666666667,-9.3265
2.297083333333333,-9.3275
2.2975,-9.331333333333333
2.2979166666666666,-9.330333333333334
2.2983333333333333,-9.316833333333333
2.29875,-9.3145
2.299166666666667,-9.308166666666667
2.2995833333333335,-9.309666666666667
2.3,-9.315333333333333
2.3004166666666666,-9.312166666666666
2.3008333333333333,-9.3065
2.30125,-9.2875
2.3016666666666667,-9.259166666666667
2.3020833333333335,-9.235
2.3025,-9.2205
2.3029166666666665,-9.2275
2.3033333333333332,-9.252833333333333
2.30375,-9.275500000000001
2.3041666666666667,-9.291166666666667
2.3045833333333334,-9.301
2.305,-9.306833333333334
2.3054166666666664,-9.310666666666668
2.305833333333333,-9.307333333333334
2.30625,-9.2995
2.3066666666666666,-9.298333333333334
2.3070833333333334,-9.292666666666666
2.3075,-9.278666666666666
2.307916666666667,-9.252666666666668
2.308333333333333,-9.2145
2.30875,-9.19
2.3091666666666666,-9.19
2.3095833333333333,-9.208333333333334
2.31,-9.242333333333333
2.310416666666667,-9.284166666666666
2.3108333333333335,-9.326166666666667
2.31125,-9.362833333333333
2.3116666666666665,-9.373
2.3120833333333333,-9.3705
2.3125,-9.354333333333331
2.3129166666666667,-9.331166666666666
2.3133333333333335,-9.323333333333332
2.31375,-9.316833333333333
2.3141666666666665,-9.325000000000001
2.314583333333333,-9.332
2.315,-9.337333333333332
2.3154166666666667,-9.350166666666667
2.3158333333333334,-9.350333333333333
2.31625,-9.347333333333333
2.316666666666667,-9.334166666666667
2.317083333333333,-9.308666666666667
2.3175,-9.2905
2.3179166666666666,-9.276833333333334
2.3183333333333334,-9.279666666666667
2.31875,-9.286166666666666
2.319166666666667,-9.2975
2.3195833333333336,-9.315333333333333
2.32,-9.3225
2.3204166666666666,-9.3265
2.3208333333333333,-9.324666666666667
2.32125,-9.308
2.3216666666666668,-9.284166666666666
2.3220833333333335,-9.258333333333335
2.3225,-9.237333333333332
2.3229166666666665,-9.227833333333335
2.3233333333333333,-9.223333333333334
2.32375,-9.245833333333334
2.3241666666666667,-9.274833333333333
2.3245833333333334,-9.312
2.325,-9.349666666666666
2.3254166666666665,-9.362500000000002
2.325833333333333,-9.372166666666667
2.32625,-9.361333333333333
2.3266666666666667,-9.355333333333332
2.3270833333333334,-9.340833333333334
2.3275,-9.313166666666667
2.327916666666667,-9.303833333333335
2.328333333333333,-9.294833333333333
2.32875,-9.288166666666667
2.3291666666666666,-9.279499999999999
2.3295833333333333,-9.270666666666667
2.33,-9.272
2.330416666666667,-9.276833333333334
2.3308333333333335,-9.286
2.33125,-9.300666666666666
2.3316666666666666,-9.299
2.3320833333333333,-9.290999999999999
2.3325,-9.285666666666666
2.3329166666666667,-9.264833333333334
2.3333333333333335,-9.239333333333333
2.33375,-9.206999999999999
2.3341666666666665,-9.178166666666668
2.3345833333333332,-9.158333333333333
2.335,-9.152333333333333
2.3354166666666667,-9.163000000000002
2.3358333333333334,-9.184499999999998
2.33625,-9.223666666666668
2.3366666666666664,-9.283500000000002
2.337083333333333,-9.349833333333335
2.3375,-9.396666666666668
2.3379166666666666,-9.421666666666667
2.3383333333333334,-9.4155
2.33875,-9.393500000000001
2.339166666666667,-9.357833333333334
2.339583333333333,-9.314
2.34,-9.2865
2.3404166666666666,-9.262
2.3408333333333333,-9.2515
2.34125,-9.235166666666666
2.341666666666667,-9.211666666666666
2.3420833333333335,-9.1915
2.3425,-9.155
2.3429166666666665,-9.134666666666666
2.3433333333333333,-9.129
2.34375,-9.136666666666665
2.3441666666666667,-9.172166666666667
2.3445833333333335,-9.2135
2.345,-9.2525
2.3454166666666665,-9.281166666666666
2.345833333333333,-9.302666666666667
2.34625,-9.319166666666668
2.3466666666666667,-9.324833333333332
2.3470833333333334,-9.324499999999999
2.3475,-9.3305
2.347916666666667,-9.3315
2.348333333333333,-9.315166666666666
2.34875,-9.302999999999999
2.3491666666666666,-9.285833333333334
2.3495833333333334,-9.267999999999999
2.35,-9.260833333333332
2.350416666666667,-9.257666666666667
2.3508333333333336,-9.257833333333332
2.35125,-9.258333333333335
2.3516666666666666,-9.263333333333334
2.3520833333333333,-9.279833333333332
2.3525,-9.291166666666667
2.3529166666666668,-9.302833333333332
2.3533333333333335,-9.321666666666667
2.35375,-9.321
2.3541666666666665,-9.315
2.3545833333333333,-9.292333333333334
2.355,-9.264000000000001
2.3554166666666667,-9.245333333333333
2.3558333333333334,-9.243333333333332
2.35625,-9.260833333333332
2.3566666666666665,-9.272666666666666
2.357083333333333,-9.279333333333334
2.3575,-9.2755
2.3579166666666667,-9.269333333333334
2.3583333333333334,-9.255666666666668
2.35875,-9.247333333333334
2.359166666666667,-9.256666666666666
2.359583333333333,-9.272166666666665
2.36,-9.296
2.3604166666666666,-9.313666666666666
2.3608333333333333,-9.322833333333334
2.36125,-9.328666666666665
2.361666666666667,-9.319999999999999
2.3620833333333335,-9.3175
2.3625,-9.321166666666665
2.3629166666666666,-9.319333333333333
2.3633333333333333,-9.323166666666665
2.36375,-9.307833333333333
2.3641666666666667,-9.293666666666667
2.3645833333333335,-9.279833333333334
2.365,-9.279666666666666
2.3654166666666665,-9.301
2.3658333333333332,-9.321666666666667
2.36625,-9.363999999999999
2.3666666666666667,-9.404833333333334
2.3670833333333334,-9.437833333333336
2.3675,-9.448
2.3679166666666664,-9.430333333333333
2.368333333333333,-9.399500000000002
2.36875,-9.366666666666665
2.3691666666666666,-9.340166666666667
2.3695833333333334,-9.320833333333333
2.37,-9.305333333333332
2.370416666666667,-9.284666666666666
2.370833333333333,-9.267666666666667
2.37125,-9.253833333333334
2.3716666666666666,-9.255
2.3720833333333333,-9.2735
2.3725,-9.307833333333333
2.372916666666667,-9.360999999999999
2.3733333333333335,-9.4065
2.37375,-9.428333333333333
2.3741666666666665,-9.420833333333334
2.3745833333333333,-9.391666666666666
2.375,-9.370666666666667
2.3754166666666667,-9.348666666666666
2.3758333333333335,-9.339
2.37625,-9.339833333333333
2.3766666666666665,-9.343333333333334
2.377083333333333,-9.347
2.3775,-9.334833333333332
2.3779166666666667,-9.322666666666668
2.3783333333333334,-9.311166666666667
2.37875,-9.3055
2.379166666666667,-9.302166666666666
2.379583333333333,-9.299166666666666
2.38,-9.284833333333333
2.3804166666666666,-9.271166666666666
2.3808333333333334,-9.259333333333332
2.38125,-9.248999999999999
2.381666666666667,-9.257
2.3820833333333336,-9.2675
2.3825,-9.288333333333334
2.3829166666666666,-9.304833333333333
2.3833333333333333,-9.316
2.38375,-9.339833333333333
2.3841666666666668,-9.356666666666667
2.3845833333333335,-9.364833333333335
2.385,-9.366166666666667
2.3854166666666665,-9.350499999999998
2.3858333333333333,-9.3345
2.38625,-9.295166666666667
2.3866666666666667,-9.242833333333333
2.3870833333333334,-9.206333333333333
2.3875,-9.179
2.3879166666666665,-9.1845
2.388333333333333,-9.207333333333333
2.38875,-9.240499999999999
2.3891666666666667,-9.272
2.3895833333333334,-9.29
2.39,-9.303666666666667
2.390416666666667,-9.305666666666665
2.390833333333333,-9.3065
2.39125,-9.308833333333334
2.3916666666666666,-9.320666666666666
2.3920833333333333,-9.336833333333333
2.3925,-9.349
2.392916666666667,-9.361166666666668
2.3933333333333335,-9.349000000000002
2.39375,-9.321666666666667
2.3941666666666666,-9.295333333333334
2.3945833333333333,-9.279833333333332
2.395,-9.278
2.3954166666666667,-9.275666666666666
2.3958333333333335,-9.28
2.39625,-9.288833333333333
2.3966666666666665,-9.297333333333333
2.3970833333333332,-9.319
2.3975,-9.338500000000002
2.3979166666666667,-9.361833333333333
2.3983333333333334,-9.369
2.39875,-9.366833333333334
2.3991666666666664,-9.364166666666668
2.399583333333333,-9.331
2.4,-9.303666666666667
2.4004166666666666,-9.262666666666666
2.4008333333333334,-9.231166666666667
2.40125,-9.212333333333333
2.401666666666667,-9.197333333333335
2.402083333333333,-9.196333333333333
2.4025,-9.187
2.4029166666666666,-9.187
2.4033333333333333,-9.192333333333334
2.40375,-9.209333333333332
2.404166666666667,-9.223999999999998
2.4045833333333335,-9.246
2.405,-9.261333333333333
2.4054166666666665,-9.2605
2.4058333333333333,-9.26
2.40625,-9.233666666666666
2.4066666666666667,-9.211333333333334
2.4070833333333335,-9.182666666666668
2.4075,-9.155833333333334
2.4079166666666665,-9.155000000000001
2.408333333333333,-9.159666666666668
2.40875,-9.1805
2.4091666666666667,-9.196166666666667
2.4095833333333334,-9.202
2.41,-9.207333333333333
2.410416666666667,-9.205166666666665
2.410833333333333,-9.200333333333333
2.41125,-9.207833333333333
2.4116666666666666,-9.22
2.4120833333333334,-9.241833333333332
2.4125,-9.260666666666667
2.412916666666667,-9.266666666666667
2.4133333333333336,-9.272833333333333
2.41375,-9.265833333333333
2.4141666666666666,-9.263333333333334
2.4145833333333333,-9.252333333333334
2.415,-9.243333333333334
2.4154166666666668,-9.244833333333332
2.4158333333333335,-9.241166666666667
2.41625,-9.237333333333334
2.4166666666666665,-9.225499999999998
2.4170833333333333,-9.213833333333334
2.4175,-9.209333333333333
2.4179166666666667,-9.203333333333333
2.4183333333333334,-9.212
2.41875,-9.227166666666667
2.4191666666666665,-9.2405
2.419583333333333,-9.2695
2.42,-9.294833333333333
2.4204166666666667,-9.318999999999999
2.4208333333333334,-9.336
2.42125,-9.3465
2.421666666666667,-9.3395
2.422083333333333,-9.318833333333334
2.4225,-9.296666666666667
2.4229166666666666,-9.270166666666666
2.4233333333333333,-9.254666666666665
2.42375,-9.246666666666668
2.424166666666667,-9.265166666666666
2.4245833333333335,-9.295
2.425,-9.325833333333334
2.4254166666666666,-9.354166666666666
2.4258333333333333,-9.363999999999999
2.42625,-9.356333333333332
2.4266666666666667,-9.336500000000001
2.4270833333333335,-9.3085
2.4275,-9.290166666666666
2.4279166666666665,-9.289833333333332
2.4283333333333332,-9.293666666666667
2.42875,-9.311666666666667
2.4291666666666667,-9.320833333333333
2.4295833333333334,-9.320333333333332
2.43,-9.315333333333333
2.4304166666666664,-9.2975
2.430833333333333,-9.292
2.43125,-9.286333333333333
2.4316666666666666,-9.287500000000001
2.4320833333333334,-9.298499999999999
2.4325,-9.291333333333334
2.432916666666667,-9.288166666666667
2.433333333333333,-9.287333333333333
2.43375,-9.282666666666668
2.4341666666666666,-9.278333333333332
2.4345833333333333,-9.266333333333334
2.435,-9.265500000000001
2.435416666666667,-9.2725
2.4358333333333335,-9.284
2.43625,-9.292166666666668
2.4366666666666665,-9.297666666666666
2.4370833333333333,-9.3005
2.4375,-9.3005
2.4379166666666667,-9.294666666666666
2.4383333333333335,-9.265166666666666
2.43875,-9.228333333333333
2.4391666666666665,-9.195333333333334
2.439583333333333,-9.180166666666667
2.44,-9.179666666666668
2.4404166666666667,-9.189166666666667
2.4408333333333334,-9.203333333333333
2.44125,-9.228166666666665
2.441666666666667,-9.251
2.442083333333333,-9.260166666666667
2.4425,-9.259
2.4429166666666666,-9.240166666666667
2.4433333333333334,-9.230166666666667
2.44375,-9.226166666666666
2.444166666666667,-9.246
2.4445833333333336,-9.285
2.445,-9.328666666666667
2.4454166666666666,-9.3705
2.4458333333333333,-9.389833333333334
2.44625,-9.387166666666667
2.4466666666666668,-9.353666666666667
2.4470833333333335,-9.316666666666666
2.4475,-9.279333333333334
2.4479166666666665,-9.246833333333333
2.4483333333333333,-9.237166666666667
2.44875,-9.242833333333333
2.4491666666666667,-9.257666666666667
2.4495833333333334,-9.263333333333334
2.45,-9.264833333333334
2.4504166666666665,-9.261000000000001
2.450833333333333,-9.257666666666665
2.45125,-9.2665
2.4516666666666667,-9.283666666666667
2.4520833333333334,-9.305333333333332
2.4525,-9.322166666666666
2.452916666666667,-9.332333333333333
2.453333333333333,-9.323166666666667
2.45375,-9.308333333333335
2.4541666666666666,-9.285833333333334
2.4545833333333333,-9.2615
2.455,-9.251166666666668
2.455416666666667,-9.254166666666666
2.4558333333333335,-9.267666666666667
2.45625,-9.276333333333332
2.4566666666666666,-9.2775
2.4570833333333333,-9.2615
2.4575,-9.233333333333333
2.4579166666666667,-9.207833333333333
2.4583333333333335,-9.193833333333332
2.45875,-9.190333333333333
2.4591666666666665,-9.205666666666666
2.4595833333333332,-9.230333333333334
2.46,-9.243
2.4604166666666667,-9.247
2.4608333333333334,-9.234166666666667
2.46125,-9.207166666666668
2.4616666666666664,-9.175166666666668
2.462083333333333,-9.158
2.4625,-9.156833333333333
2.4629166666666666,-9.170666666666667
2.4633333333333334,-9.186333333333332
2.46375,-9.200000000000001
2.464166666666667,-9.2115
2.464583333333333,-9.216833333333334
2.465,-9.2335
2.4654166666666666,-9.240499999999999
2.4658333333333333,-9.250166666666667
2.46625,-9.2695
2.466666666666667,-9.285499999999999
2.4670833333333335,-9.297166666666667
2.4675,-9.294666666666666
2.4679166666666665,-9.289
2.4683333333333333,-9.275166666666665
2.46875,-9.251833333333332
2.4691666666666667,-9.225499999999998
2.4695833333333335,-9.195333333333332
2.47,-9.180833333333334
2.4704166666666665,-9.1835
2.470833333333333,-9.201666666666666
2.47125,-9.228
2.4716666666666667,-9.259833333333335
2.4720833333333334,-9.2965
2.4725,-9.330166666666665
2.472916666666667,-9.349333333333334
2.473333333333333,-9.349499999999999
2.47375,-9.3385
2.4741666666666666,-9.313999999999998
2.4745833333333334,-9.293666666666667
2.475,-9.268333333333333
2.475416666666667,-9.2485
2.4758333333333336,-9.236166666666666
2.47625,-9.224333333333334
2.4766666666666666,-9.213
2.4770833333333333,-9.192166666666667
2.4775,-9.176666666666668
2.4779166666666668,-9.168833333333334
2.4783333333333335,-9.176333333333334
2.47875,-9.188833333333335
2.4791666666666665,-9.203999999999999
2.4795833333333333,-9.212333333333333
2.48,-9.212833333333334
2.4804166666666667,-9.205
2.4808333333333334,-9.182333333333334
2.48125,-9.174999999999999
2.4816666666666665,-9.164666666666667
2.482083333333333,-9.168333333333335
2.4825,-9.177166666666666
2.4829166666666667,-9.167166666666665
2.4833333333333334,-9.166166666666667
2.48375,-9.152333333333333
2.484166666666667,-9.144833333333333
2.484583333333333,-9.149333333333333
2.485,-9.144833333333333
2.4854166666666666,-9.151166666666667
2.4858333333333333,-9.149500000000002
2.48625,-9.138666666666667
2.486666666666667,-9.133166666666666
2.4870833333333335,-9.126166666666666
2.4875,-9.129833333333332
2.4879166666666666,-9.143833333333333
2.4883333333333333,-9.177333333333333
2.48875,-9.213166666666668
2.4891666666666667,-9.2495
2.4895833333333335,-9.279833333333334
2.49,-9.286166666666666
2.4904166666666665,-9.302000000000001
2.4908333333333332,-9.296666666666667
2.49125,-9.290999999999999
2.4916666666666667,-9.289833333333332
2.4920833333333334,-9.271499999999998
2.4925,-9.267166666666668
2.4929166666666664,-9.245333333333333
2.493333333333333,-9.226166666666666
2.49375,-9.215666666666667
2.4941666666666666,-9.201166666666666
2.4945833333333334,-9.202666666666667
2.495,-9.195833333333335
2.495416666666667,-9.184
2.495833333333333,-9.177999999999999
2.49625,-9.180833333333334
2.4966666666666666,-9.183166666666667
2.4970833333333333,-9.179499999999999
2.4975,-9.1845
2.497916666666667,-9.187
2.4983333333333335,-9.182333333333334
2.49875,-9.174999999999999
2.4991666666666665,-9.156166666666666
2.4995833333333333,-9.133666666666668
2.5,-9.119833333333334
2.5004166666666667,-9.115166666666667
2.5008333333333335,-9.126666666666667
2.50125,-9.134833333333333
2.5016666666666665,-9.149333333333333
2.502083333333333,-9.162500000000001
2.5025,-9.1515
2.5029166666666667,-9.148166666666667
2.5033333333333334,-9.131166666666667
2.50375,-9.115333333333334
2.504166666666667,-9.120833333333332
2.504583333333333,-9.127666666666668
2.505,-9.147166666666665
2.5054166666666666,-9.151833333333334
2.5058333333333334,-9.151166666666667
2.50625,-9.145833333333334
2.506666666666667,-9.127333333333334
2.5070833333333336,-9.1105
2.5075,-9.093833333333334
2.5079166666666666,-9.088666666666667
2.5083333333333333,-9.106333333333334
2.50875,-9.146833333333333
2.5091666666666668,-9.174333333333333
2.5095833333333335,-9.190833333333332
2.51,-9.202333333333334
2.5104166666666665,-9.204333333333333
2.5108333333333333,-9.204833333333333
2.51125,-9.197166666666666
2.5116666666666667,-9.183166666666667
2.5120833333333334,-9.1785
2.5125,-9.179
2.5129166666666665,-9.175666666666666
2.513333333333333,-9.1665
2.51375,-9.141
2.5141666666666667,-9.130166666666666
2.5145833333333334,-9.131333333333332
2.515,-9.144999999999998
2.515416666666667,-9.176333333333332
2.515833333333333,-9.203166666666666
2.51625,-9.225666666666667
2.5166666666666666,-9.240666666666666
2.5170833333333333,-9.2415
2.5175,-9.2325
2.517916666666667,-9.219499999999998
2.5183333333333335,-9.215
2.51875,-9.215666666666666
2.5191666666666666,-9.223333333333334
2.5195833333333333,-9.2415
2.52,-9.2465
2.5204166666666667,-9.258333333333335
2.5208333333333335,-9.260833333333332
2.52125,-9.262833333333333
2.5216666666666665,-9.274833333333333
2.5220833333333332,-9.273333333333333
2.5225,-9.286166666666666
2.5229166666666667,-9.298
2.5233333333333334,-9.307833333333335
2.52375,-9.328833333333334
2.5241666666666664,-9.341
2.524583333333333,-9.346
2.525,-9.333999999999998
2.5254166666666666,-9.307166666666667
2.5258333333333334,-9.276666666666666
2.52625,-9.249
2.526666666666667,-9.233
2.527083333333333,-9.225833333333334
2.5275,-9.24
2.5279166666666666,-9.254333333333333
2.5283333333333333,-9.267166666666666
2.52875,-9.269833333333333
2.529166666666667,-9.258333333333333
2.5295833333333335,-9.259500000000001
2.53,-9.265666666666666
2.5304166666666665,-9.280333333333333
2.5308333333333333,-9.305333333333333
2.53125,-9.314
2.5316666666666667,-9.316333333333334
2.5320833333333335,-9.297333333333334
2.5325,-9.252
2.5329166666666665,-9.206166666666668
2.533333333333333,-9.155166666666666
2.53375,-9.134666666666668
2.5341666666666667,-9.137833333333333
2.5345833333333334,-9.160666666666666
2.535,-9.205499999999999
2.535416666666667,-9.2445
2.535833333333333,-9.276333333333334
2.53625,-9.284166666666666
2.5366666666666666,-9.272666666666668
2.5370833333333334,-9.260333333333334
2.5375,-9.245333333333333
2.537916666666667,-9.233833333333335
2.5383333333333336,-9.2355
2.53875,-9.230666666666666
2.5391666666666666,-9.224833333333335
2.5395833333333333,-9.214500000000001
2.54,-9.187166666666666
2.5404166666666668,-9.164333333333333
2.5408333333333335,-9.139833333333334
2.54125,-9.134
2.5416666666666665,-9.144833333333333
2.5420833333333333,-9.165333333333333
2.5425,-9.206166666666666
2.5429166666666667,-9.240499999999999
2.5433333333333334,-9.270833333333334
2.54375,-9.2935
2.5441666666666665,-9.293
2.544583333333333,-9.279
2.545,-9.254333333333333
2.5454166666666667,-9.233666666666666
2.5458333333333334,-9.2215
2.54625,-9.221166666666667
2.546666666666667,-9.237166666666667
2.547083333333333,-9.256333333333334
2.5475,-9.272333333333334
2.5479166666666666,-9.284833333333333
2.5483333333333333,-9.280666666666667
2.54875,-9.260333333333334
2.549166666666667,-9.235
2.5495833333333335,-9.209666666666665
2.55,-9.199166666666665
2.5504166666666666,-9.195
2.5508333333333333,-9.199
2.55125,-9.206666666666667
2.5516666666666667,-9.211500000000001
2.5520833333333335,-9.216666666666667
2.5525,-9.220666666666666
2.5529166666666665,-9.223666666666666
2.5533333333333332,-9.234666666666667
2.55375,-9.256166666666667
2.5541666666666667,-9.271333333333333
2.5545833333333334,-9.278
2.555,-9.262166666666667
2.5554166666666664,-9.238666666666667
2.555833333333333,-9.211333333333334
2.55625,-9.188666666666668
2.5566666666666666,-9.179333333333334
2.5570833333333334,-9.178333333333333
2.5575,-9.195
2.557916666666667,-9.210166666666668
2.558333333333333,-9.208166666666665
2.55875,-9.1895
2.5591666666666666,-9.163499999999999
2.5595833333333333,-9.133166666666666
2.56,-9.117333333333333
2.560416666666667,-9.110666666666665
2.5608333333333335,-9.122833333333334
2.56125,-9.152000000000001
2.5616666666666665,-9.1945
2.5620833333333333,-9.244166666666667
2.5625,-9.279166666666667
2.5629166666666667,-9.317666666666668
2.5633333333333335,-9.334833333333334
2.56375,-9.338666666666667
2.5641666666666665,-9.326833333333333
2.564583333333333,-9.303166666666668
2.565,-9.277666666666667
2.5654166666666667,-9.2435
2.5658333333333334,-9.223333333333334
2.56625,-9.199
2.566666666666667,-9.191833333333333
2.567083333333333,-9.198166666666667
2.5675,-9.208499999999999
2.5679166666666666,-9.217666666666666
2.5683333333333334,-9.222
2.56875,-9.232833333333334
2.569166666666667,-9.231499999999999
2.5695833333333336,-9.230166666666667
2.57,-9.222833333333334
2.5704166666666666,-9.216833333333334
2.5708333333333333,-9.214333333333334
2.57125,-9.218833333333334
2.5716666666666668,-9.216833333333334
2.5720833333333335,-9.207166666666668
2.5725,-9.197833333333334
2.5729166666666665,-9.1835
2.5733333333333333,-9.18
2.57375,-9.165333333333335
2.5741666666666667,-9.159666666666666
2.5745833333333334,-9.156666666666666
2.575,-9.158833333333334
2.5754166666666665,-9.176833333333333
2.575833333333333,-9.188666666666666
2.57625,-9.208833333333333
2.5766666666666667,-9.230333333333332
2.5770833333333334,-9.260166666666667
2.5775,-9.300166666666668
2.577916666666667,-9.337166666666667
2.578333333333333,-9.3755
2.57875,-9.410333333333334
2.5791666666666666,-9.433666666666667
2.5795833333333333,-9.447000000000001
2.58,-9.437
2.580416666666667,-9.403166666666666
2.5808333333333335,-9.369833333333334
2.58125,-9.3315
2.5816666666666666,-9.2935
2.5820833333333333,-9.266
2.5825,-9.238166666666666
2.5829166666666667,-9.232
2.5833333333333335,-9.234333333333334
2.58375,-9.238166666666666
2.5841666666666665,-9.247166666666667
2.5845833333333332,-9.241666666666667
2.585,-9.240666666666668
2.5854166666666667,-9.235
2.5858333333333334,-9.217833333333333
2.58625,-9.204166666666666
2.5866666666666664,-9.2005
2.587083333333333,-9.206000000000001
2.5875,-9.226
2.5879166666666666,-9.257
2.5883333333333334,-9.270166666666668
2.58875,-9.279666666666666
2.589166666666667,-9.267999999999999
2.589583333333333,-9.2415
2.59,-9.222666666666667
2.5904166666666666,-9.2045
2.5908333333333333,-9.213
2.59125,-9.223166666666666
2.591666666666667,-9.2325
2.5920833333333335,-9.2435
2.5925,-9.229166666666666
2.5929166666666665,-9.203333333333333
2.5933333333333333,-9.167833333333332
2.59375,-9.135166666666667
2.5941666666666667,-9.122166666666667
2.5945833333333335,-9.1215
2.595,-9.1285
2.5954166666666665,-9.133666666666667
2.595833333333333,-9.145166666666666
2.59625,-9.162166666666668
2.5966666666666667,-9.181666666666667
2.5970833333333334,-9.201666666666668
2.5975,-9.217666666666668
2.597916666666667,-9.219833333333334
2.598333333333333,-9.2125
2.59875,-9.196
2.5991666666666666,-9.169833333333333
2.5995833333333334,-9.150666666666666
2.6,-9.137666666666666
2.600416666666667,-9.146500000000001
2.6008333333333336,-9.161
2.60125,-9.177999999999999
2.6016666666666666,-9.209666666666665
2.6020833333333333,-9.236666666666666
2.6025,-9.258166666666666
2.6029166666666668,-9.274333333333333
2.6033333333333335,-9.283000000000001
2.60375,-9.280833333333334
2.6041666666666665,-9.2555
2.6045833333333333,-9.225
2.605,-9.1915
2.6054166666666667,-9.150500000000001
2.6058333333333334,-9.123166666666666
2.60625,-9.107999999999999
2.6066666666666665,-9.108666666666666
2.607083333333333,-9.116333333333333
2.6075,-9.142666666666665
2.6079166666666667,-9.182166666666667
2.6083333333333334,-9.224166666666667
2.60875,-9.262500000000001
2.609166666666667,-9.281833333333333
2.609583333333333,-9.283333333333333
2.61,-9.255666666666668
2.6104166666666666,-9.216166666666666
2.6108333333333333,-9.175
2.61125,-9.1435
2.611666666666667,-9.125833333333334
2.6120833333333335,-9.1165
2.6125,-9.1225
2.6129166666666666,-9.135333333333334
2.6133333333333333,-9.151833333333334
2.61375,-9.176
2.6141666666666667,-9.211666666666666
2.6145833333333335,-9.246
2.615,-9.268666666666666
2.6154166666666665,-9.284666666666666
2.6158333333333332,-9.282666666666666
2.61625,-9.267000000000001
2.6166666666666667,-9.242166666666668
2.6170833333333334,-9.209
2.6175,-9.1835
2.6179166666666664,-9.159333333333334
2.618333333333333,-9.153333333333334
2.61875,-9.149833333333333
2.6191666666666666,-9.144833333333333
2.6195833333333334,-9.154833333333334
2.62,-9.171333333333335
2.620416666666667,-9.203166666666666
2.620833333333333,-9.229833333333334
2.62125,-9.261999999999999
2.6216666666666666,-9.294
2.6220833333333333,-9.3175
2.6225,-9.337000000000002
2.622916666666667,-9.331166666666666
2.6233333333333335,-9.304333333333332
2.62375,-9.270666666666665
2.6241666666666665,-9.237
2.6245833333333333,-9.207333333333333
2.625,-9.193333333333333
2.6254166666666667,-9.197166666666666
2.6258333333333335,-9.212166666666667
2.62625,-9.234666666666667
2.6266666666666665,-9.261166666666666
2.627083333333333,-9.290333333333331
2.6275,-9.307166666666667
2.6279166666666667,-9.3135
2.6283333333333334,-9.304
2.62875,-9.2785
2.629166666666667,-9.2545
2.629583333333333,-9.227166666666667
2.63,-9.208166666666669
2.6304166666666666,-9.202166666666665
2.6308333333333334,-9.208333333333334
2.63125,-9.221333333333334
2.631666666666667,-9.224833333333333
2.6320833333333336,-9.215166666666667
2.6325,-9.198333333333332
2.6329166666666666,-9.18
2.6333333333333333,-9.176666666666668
2.63375,-9.186333333333332
2.6341666666666668,-9.200333333333333
2.6345833333333335,-9.226333333333333
2.635,-9.2435
2.6354166666666665,-9.246833333333333
2.6358333333333333,-9.236166666666668
2.63625,-9.225166666666667
2.6366666666666667,-9.210166666666666
2.6370833333333334,-9.202166666666667
2.6375,-9.202166666666667
2.6379166666666665,-9.183833333333334
2.638333333333333,-9.168333333333335
2.63875,-9.132666666666667
2.6391666666666667,-9.095666666666668
2.6395833333333334,-9.0695
2.64,-9.054333333333334
2.640416666666667,-9.069
2.640833333333333,-9.095666666666666
2.64125,-9.138333333333334
2.6416666666666666,-9.1895
2.6420833333333333,-9.224333333333332
2.6425,-9.241833333333334
2.642916666666667,-9.239833333333332
2.6433333333333335,-9.227333333333332
2.64375,-9.218833333333334
2.6441666666666666,-9.206666666666665
2.6445833333333333,-9.198333333333332
2.645,-9.182
2.6454166666666667,-9.1785
2.6458333333333335,-9.182
2.64625,-9.172333333333333
2.6466666666666665,-9.171166666666666
2.6470833333333332,-9.172833333333335
2.6475,-9.1845
2.6479166666666667,-9.193000000000001
2.6483333333333334,-9.192833333333335
2.64875,-9.172666666666666
2.6491666666666664,-9.138833333333332
2.649583333333333,-9.107666666666667
2.65,-9.081666666666667
2.6504166666666666,-9.0615
2.6508333333333334,-9.048166666666667
2.65125,-9.056
2.651666666666667,-9.076166666666666
2.652083333333333,-9.098
2.6525,-9.130333333333333
2.6529166666666666,-9.175333333333334
2.6533333333333333,-9.215
2.65375,-9.252666666666666
2.654166666666667,-9.276000000000002
2.6545833333333335,-9.282166666666667
2.655,-9.283333333333333
2.6554166666666665,-9.281
2.6558333333333333,-9.278166666666666
2.65625,-9.274666666666667
2.6566666666666667,-9.267000000000001
2.6570833333333335,-9.2615
2.6575,-9.252333333333334
2.6579166666666665,-9.237666666666666
2.658333333333333,-9.223999999999998
2.65875,-9.209333333333333
2.6591666666666667,-9.205833333333333
2.6595833333333334,-9.199
2.66,-9.185333333333334
2.660416666666667,-9.170833333333334
2.660833333333333,-9.165
2.66125,-9.166500000000001
2.6616666666666666,-9.174333333333331
2.6620833333333334,-9.200333333333333
2.6625,-9.220166666666666
2.662916666666667,-9.2415
2.6633333333333336,-9.254666666666667
2.66375,-9.249833333333333
2.6641666666666666,-9.233166666666667
2.6645833333333333,-9.2095
2.665,-9.202833333333333
2.6654166666666668,-9.194333333333335
2.6658333333333335,-9.184333333333333
2.66625,-9.183833333333334
2.6666666666666665,-9.186333333333332
2.6670833333333333,-9.193
2.6675,-9.198500000000001
2.6679166666666667,-9.205
2.6683333333333334,-9.207166666666666
2.66875,-9.2135
2.6691666666666665,-9.231333333333334
2.669583333333333,-9.253666666666668
2.67,-9.274999999999999
2.6704166666666667,-9.287333333333335
2.6708333333333334,-9.299833333333334
2.67125,-9.304
2.671666666666667,-9.291166666666667
2.672083333333333,-9.281333333333334
2.6725,-9.274666666666667
2.6729166666666666,-9.264333333333333
2.6733333333333333,-9.257166666666667
2.67375,-9.243666666666668
2.674166666666667,-9.2215
2.6745833333333335,-9.186833333333333
2.675,-9.155666666666667
2.6754166666666666,-9.145833333333334
2.6758333333333333,-9.14
2.67625,-9.146500000000001
2.6766666666666667,-9.179333333333334
2.6770833333333335,-9.206999999999999
2.6775,-9.227500000000001
2.6779166666666665,-9.240666666666668
2.6783333333333332,-9.235333333333333
2.67875,-9.222499999999998
2.6791666666666667,-9.2035
2.6795833333333334,-9.193166666666666
2.68,-9.183833333333332
2.6804166666666664,-9.179166666666667
2.680833333333333,-9.193
2.68125,-9.216666666666667
2.6816666666666666,-9.231333333333334
2.6820833333333334,-9.241166666666667
2.6825,-9.240166666666667
2.682916666666667,-9.222666666666667
2.683333333333333,-9.197999999999999
2.68375,-9.159333333333333
2.6841666666666666,-9.118
2.6845833333333333,-9.075166666666666
2.685,-9.045
2.685416666666667,-9.033833333333334
2.6858333333333335,-9.036833333333334
2.68625,-9.055666666666665
2.6866666666666665,-9.088000000000001
2.6870833333333333,-9.133666666666668
2.6875,-9.179833333333333
2.6879166666666667,-9.2155
2.6883333333333335,-9.236
2.68875,-9.238
2.6891666666666665,-9.228166666666667
2.689583333333333,-9.214833333333333
2.69,-9.191333333333334
2.6904166666666667,-9.175333333333333
2.6908333333333334,-9.178833333333332
2.69125,-9.195833333333333
2.691666666666667,-9.2115
2.692083333333333,-9.2155
2.6925,-9.2065
2.6929166666666666,-9.192666666666668
2.6933333333333334,-9.178333333333333
2.69375,-9.173
2.694166666666667,-9.166166666666667
2.6945833333333336,-9.1515
2.695,-9.147333333333334
2.6954166666666666,-9.128666666666668
2.6958333333333333,-9.1005
2.69625,-9.071
2.6966666666666668,-9.052999999999999
2.6970833333333335,-9.056333333333333
2.6975,-9.077666666666667
2.6979166666666665,-9.117833333333332
2.6983333333333333,-9.142
2.69875,-9.153
2.6991666666666667,-9.151833333333334
2.6995833333333334,-9.140333333333334
2.7,-9.133833333333333
2.7004166666666665,-9.129833333333334
2.700833333333333,-9.143166666666668
2.70125,-9.160833333333334
2.7016666666666667,-9.172666666666666
2.7020833333333334,-9.173333333333332
2.7025,-9.157166666666667
2.702916666666667,-9.133
2.703333333333333,-9.114166666666668
2.70375,-9.095833333333333
2.7041666666666666,-9.092500000000001
2.7045833333333333,-9.106333333333334
2.705,-9.1195
2.705416666666667,-9.143833333333333
2.7058333333333335,-9.161333333333333
2.70625,-9.173666666666668
2.7066666666666666,-9.177833333333334
2.7070833333333333,-9.176333333333334
2.7075,-9.163833333333335
2.7079166666666667,-9.1415
2.7083333333333335,-9.115833333333335
2.70875,-9.093333333333334
2.7091666666666665,-9.075
2.7095833333333332,-9.057
2.71,-9.059666666666667
2.7104166666666667,-9.062166666666668
2.7108333333333334,-9.083999999999998
2.71125,-9.110333333333333
2.7116666666666664,-9.135333333333334
2.712083333333333,-9.165833333333333
2.7125,-9.177166666666666
2.7129166666666666,-9.1865
2.7133333333333334,-9.1875
2.71375,-9.192166666666665
2.714166666666667,-9.209166666666667
2.714583333333333,-9.217333333333332
2.715,-9.2235
2.7154166666666666,-9.2235
2.7158333333333333,-9.201333333333334
2.71625,-9.181166666666668
2.716666666666667,-9.159833333333333
2.7170833333333335,-9.152000000000001
2.7175,-9.1655
2.7179166666666665,-9.178833333333332
2.7183333333333333,-9.209166666666667
2.71875,-9.231833333333334
2.7191666666666667,-9.2435
2.7195833333333335,-9.246
2.72,-9.2285
2.7204166666666665,-9.215333333333334
2.720833333333333,-9.200166666666666
2.72125,-9.198166666666667
2.7216666666666667,-9.2065
2.7220833333333334,-9.212333333333333
2.7225,-9.228166666666667
2.722916666666667,-9.236333333333334
2.723333333333333,-9.244333333333334
2.72375,-9.234499999999999
2.7241666666666666,-9.223999999999998
2.7245833333333334,-9.213666666666667
2.725,-9.196833333333332
2.725416666666667,-9.187166666666666
2.7258333333333336,-9.169333333333332
2.72625,-9.164166666666667
2.7266666666666666,-9.155333333333333
2.7270833333333333,-9.149333333333333
2.7275,-9.148666666666665
2.7279166666666668,-9.138
2.7283333333333335,-9.128666666666666
2.72875,-9.122666666666667
2.7291666666666665,-9.122666666666666
2.7295833333333333,-9.140166666666666
2.73,-9.17
2.7304166666666667,-9.207833333333333
2.7308333333333334,-9.243333333333332
2.73125,-9.253166666666667
2.7316666666666665,-9.243333333333334
2.732083333333333,-9.215833333333334
2.7325,-9.177666666666667
2.7329166666666667,-9.153
2.7333333333333334,-9.136166666666666
2.73375,-9.128333333333334
2.734166666666667,-9.133333333333335
2.734583333333333,-9.133833333333333
2.735,-9.143333333333333
2.7354166666666666,-9.145166666666666
2.7358333333333333,-9.140333333333333
2.73625,-9.1495
2.736666666666667,-9.163166666666667
2.7370833333333335,-9.181666666666667
2.7375,-9.193166666666668
2.7379166666666666,-9.197000000000001
2.7383333333333333,-9.201666666666668
2.73875,-9.209833333333332
2.7391666666666667,-9.221166666666667
2.7395833333333335,-9.228833333333332
2.74,-9.232
2.7404166666666665,-9.230333333333334
2.7408333333333332,-9.222
2.74125,-9.214666666666666
2.7416666666666667,-9.193833333333332
2.7420833333333334,-9.174
2.7425,-9.161333333333333
2.7429166666666664,-9.156166666666666
2.743333333333333,-9.171999999999999
2.74375,-9.178
2.7441666666666666,-9.195166666666665
2.7445833333333334,-9.215666666666667
2.745,-9.229333333333335
2.745416666666667,-9.250666666666666
2.745833333333333,-9.258666666666667
2.74625,-9.249166666666667
2.7466666666666666,-9.231666666666667
2.7470833333333333,-9.218333333333334
2.7475,-9.210833333333333
2.747916666666667,-9.209999999999999
2.7483333333333335,-9.217833333333333
2.74875,-9.239833333333333
2.7491666666666665,-9.264666666666665
2.7495833333333333,-9.288000000000002
2.75,-9.311166666666667
2.7504166666666667,-9.318
2.7508333333333335,-9.309666666666667
2.75125,-9.300666666666666
2.7516666666666665,-9.2795
2.752083333333333,-9.259333333333332
2.7525,-9.225166666666667
2.7529166666666667,-9.198166666666667
2.7533333333333334,-9.1825
2.75375,-9.164666666666667
2.754166666666667,-9.173166666666667
2.754583333333333,-9.1745
2.755,-9.182166666666665
2.7554166666666666,-9.177
2.7558333333333334,-9.170166666666667
2.75625,-9.165999999999999
2.756666666666667,-9.157166666666667
2.7570833333333336,-9.168999999999999
2.7575,-9.18
2.7579166666666666,-9.1915
2.7583333333333333,-9.189166666666665
2.75875,-9.176833333333333
2.7591666666666668,-9.160166666666667
2.7595833333333335,-9.138166666666669
2.76,-9.116166666666667
2.7604166666666665,-9.106833333333332
2.7608333333333333,-9.105500000000001
2.76125,-9.117166666666668
2.7616666666666667,-9.134166666666667
2.7620833333333334,-9.145666666666669
2.7625,-9.162666666666667
2.7629166666666665,-9.179833333333333
2.763333333333333,-9.198833333333333
2.76375,-9.212833333333334
2.7641666666666667,-9.222499999999998
2.7645833333333334,-9.227333333333332
2.765,-9.239333333333333
2.765416666666667,-9.257833333333332
2.765833333333333,-9.265833333333333
2.76625,-9.256166666666667
2.7666666666666666,-9.233666666666666
2.7670833333333333,-9.198833333333333
2.7675,-9.158333333333333
2.767916666666667,-9.117666666666667
2.7683333333333335,-9.086833333333333
2.76875,-9.078333333333333
2.7691666666666666,-9.066666666666668
2.7695833333333333,-9.069333333333335
2.77,-9.074333333333334
2.7704166666666667,-9.077166666666667
2.7708333333333335,-9.092
2.77125,-9.107000000000001
2.7716666666666665,-9.125333333333334
2.7720833333333332,-9.127166666666666
2.7725,-9.118
2.7729166666666667,-9.101166666666666
2.7733333333333334,-9.078833333333334
2.77375,-9.066666666666666
2.7741666666666664,-9.065166666666668
2.774583333333333,-9.084333333333333
2.775,-9.107000000000001
2.7754166666666666,-9.117666666666667
2.7758333333333334,-9.138
2.77625,-9.151333333333334
2.776666666666667,-9.163833333333335
2.777083333333333,-9.1835
2.7775,-9.2035
2.7779166666666666,-9.233166666666667
2.7783333333333333,-9.256
2.77875,-9.273333333333333
2.779166666666667,-9.275333333333334
2.7795833333333335,-9.254
2.78,-9.222666666666667
2.7804166666666665,-9.190499999999998
2.7808333333333333,-9.161666666666667
2.78125,-9.132333333333333
2.7816666666666667,-9.111333333333333
2.7820833333333335,-9.092833333333333
2.7825,-9.077333333333334
2.7829166666666665,-9.065
2.783333333333333,-9.042333333333334
2.78375,-9.026166666666667
2.7841666666666667,-9.017000000000001
2.7845833333333334,-9.026166666666667
2.785,-9.053166666666668
2.785416666666667,-9.092166666666666
2.785833333333333,-9.136166666666666
2.78625,-9.167333333333334
2.7866666666666666,-9.195500000000001
2.7870833333333334,-9.2025
2.7875,-9.191166666666666
2.787916666666667,-9.176833333333335
2.7883333333333336,-9.156833333333333
2.78875,-9.1455
2.7891666666666666,-9.142000000000001
2.7895833333333333,-9.143333333333333
2.79,-9.157833333333334
2.7904166666666668,-9.1835
2.7908333333333335,-9.213000000000001
2.79125,-9.239833333333333
2.7916666666666665,-9.245333333333333
2.7920833333333333,-9.236333333333334
2.7925,-9.218
2.7929166666666667,-9.179499999999999
2.7933333333333334,-9.144333333333334
2.79375,-9.1125
2.7941666666666665,-9.097166666666668
2.794583333333333,-9.110833333333334
2.795,-9.135833333333332
2.7954166666666667,-9.1695
2.7958333333333334,-9.198166666666667
2.79625,-9.2245
2.796666666666667,-9.247666666666667
2.797083333333333,-9.253833333333334
2.7975,-9.235833333333334
2.7979166666666666,-9.2085
2.7983333333333333,-9.177166666666666
2.79875,-9.152833333333334
2.799166666666667,-9.145666666666665
2.7995833333333335,-9.141833333333333
2.8,-9.149500000000002
2.8004166666666666,-9.1505
2.8008333333333333,-9.145666666666667
2.80125,-9.135333333333334
2.8016666666666667,-9.123166666666668
2.8020833333333335,-9.130333333333333
2.8025,-9.146833333333333
2.8029166666666665,-9.175333333333333
2.8033333333333332,-9.205333333333334
2.80375,-9.2265
2.8041666666666667,-9.2295
2.8045833333333334,-9.216000000000001
2.805,-9.185
2.8054166666666664,-9.140500000000001
2.805833333333333,-9.098333333333333
2.80625,-9.059666666666667
2.8066666666666666,-9.03
2.8070833333333334,-9.011666666666667
2.8075,-9.014833333333334
2.807916666666667,-9.0335
2.808333333333333,-9.064666666666668
2.80875,-9.115833333333333
2.8091666666666666,-9.162
2.8095833333333333,-9.198166666666667
2.81,-9.225499999999998
2.810416666666667,-9.232833333333334
2.8108333333333335,-9.232166666666666
2.81125,-9.213833333333334
2.8116666666666665,-9.194833333333333
2.8120833333333333,-9.1785
2.8125,-9.168999999999999
2.8129166666666667,-9.189333333333332
2.8133333333333335,-9.204333333333333
2.81375,-9.223
2.8141666666666665,-9.2425
2.814583333333333,-9.241
2.815,-9.227666666666666
2.8154166666666667,-9.2025
2.8158333333333334,-9.177833333333334
2.81625,-9.153999999999998
2.816666666666667,-9.134833333333333
2.817083333333333,-9.133666666666667
2.8175,-9.142333333333333
2.8179166666666666,-9.150333333333334
2.8183333333333334,-9.1695
2.81875,-9.186666666666666
2.819166666666667,-9.196833333333332
2.8195833333333336,-9.210500000000001
2.82,-9.214833333333333
2.8204166666666666,-9.209833333333334
2.8208333333333333,-9.184666666666667
2.82125,-9.153666666666666
2.8216666666666668,-9.128166666666667
2.8220833333333335,-9.107166666666666
2.8225,-9.103
2.8229166666666665,-9.112833333333333
2.8233333333333333,-9.133000000000001
2.82375,-9.151166666666667
2.8241666666666667,-9.156
2.8245833333333334,-9.153666666666666
2.825,-9.142
2.8254166666666665,-9.129666666666667
2.825833333333333,-9.131166666666667
2.82625,-9.143166666666668
2.8266666666666667,-9.159833333333333
2.8270833333333334,-9.167666666666667
2.8275,-9.161666666666667
2.827916666666667,-9.128
2.828333333333333,-9.081833333333334
2.82875,-9.038166666666667
2.8291666666666666,-9.009166666666667
2.8295833333333333,-9.010166666666667
2.83,-9.025833333333333
2.830416666666667,-9.0625
2.8308333333333335,-9.099666666666668
2.83125,-9.120166666666668
2.8316666666666666,-9.129
2.8320833333333333,-9.116
2.8325,-9.102333333333334
2.8329166666666667,-9.100166666666667
2.8333333333333335,-9.110999999999999
2.83375,-9.14
2.8341666666666665,-9.181166666666668
2.8345833333333332,-9.2285
2.835,-9.282833333333333
2.8354166666666667,-9.331
2.8358333333333334,-9.354500000000002
2.83625,-9.357999999999999
2.8366666666666664,-9.345166666666666
2.837083333333333,-9.319666666666668
2.8375,-9.294666666666666
2.8379166666666666,-9.279000000000002
2.8383333333333334,-9.269
2.83875,-9.2595
2.839166666666667,-9.249666666666668
2.839583333333333,-9.2425
2.84,-9.222999999999999
2.8404166666666666,-9.201333333333332
2.8408333333333333,-9.187333333333333
2.84125,-9.186333333333332
2.841666666666667,-9.195666666666666
2.8420833333333335,-9.204166666666666
2.8425,-9.2155
2.8429166666666665,-9.206499999999998
2.8433333333333333,-9.186666666666667
2.84375,-9.171833333333334
2.8441666666666667,-9.159333333333334
2.8445833333333335,-9.160833333333334
2.845,-9.166833333333333
2.8454166666666665,-9.174166666666666
2.845833333333333,-9.185166666666667
2.84625,-9.170166666666667
2.8466666666666667,-9.139833333333334
2.8470833333333334,-9.108166666666667
2.8475,-9.0695
2.847916666666667,-9.051166666666667
2.848333333333333,-9.055333333333332
2.84875,-9.076333333333332
2.8491666666666666,-9.109333333333332
2.8495833333333334,-9.1445
2.85,-9.174000000000001
2.850416666666667,-9.184833333333334
2.8508333333333336,-9.167333333333334
2.85125,-9.152500000000002
2.8516666666666666,-9.132
2.8520833333333333,-9.096333333333334
2.8525,-9.082333333333333
2.8529166666666668,-9.067833333333333
2.8533333333333335,-9.071833333333334
2.85375,-9.0925
2.8541666666666665,-9.119833333333334
2.8545833333333333,-9.162333333333333
2.855,-9.189833333333333
2.8554166666666667,-9.214833333333333
2.8558333333333334,-9.216499999999998
2.85625,-9.186833333333333
2.8566666666666665,-9.149
2.857083333333333,-9.103333333333333
2.8575,-9.064833333333334
2.8579166666666667,-9.053666666666667
2.8583333333333334,-9.068333333333333
2.85875,-9.100999999999999
2.859166666666667,-9.122833333333332
2.859583333333333,-9.128833333333333
2.86,-9.121
2.8604166666666666,-9.088833333333334
2.8608333333333333,-9.058166666666665
2.86125,-9.026
2.861666666666667,-9.0085
2.8620833333333335,-9.014166666666666
2.8625,-9.0295
2.8629166666666666,-9.051333333333334
2.8633333333333333,-9.073166666666667
2.86375,-9.102833333333335
2.8641666666666667,-9.130166666666666
2.8645833333333335,-9.150166666666665
2.865,-9.157666666666666
2.8654166666666665,-9.153333333333334
2.8658333333333332,-9.140166666666667
2.86625,-9.121333333333334
2.8666666666666667,-9.114
2.8670833333333334,-9.099
2.8675,-9.102
2.8679166666666664,-9.116
2.868333333333333,-9.124333333333334
2.86875,-9.127833333333333
2.8691666666666666,-9.116333333333332
2.8695833333333334,-9.100333333333333
2.87,-9.075166666666666
2.870416666666667,-9.0605
2.870833333333333,-9.048666666666668
2.87125,-9.049666666666667
2.8716666666666666,-9.053833333333332
2.8720833333333333,-9.071333333333333
2.8725,-9.098666666666666
2.872916666666667,-9.116333333333332
2.8733333333333335,-9.143833333333335
2.87375,-9.156333333333334
2.8741666666666665,-9.174166666666666
2.8745833333333333,-9.193
2.875,-9.210833333333333
2.8754166666666667,-9.238666666666667
2.8758333333333335,-9.248166666666668
2.87625,-9.255333333333333
2.8766666666666665,-9.247833333333334
2.877083333333333,-9.216500000000002
2.8775,-9.171999999999999
2.8779166666666667,-9.110333333333333
2.8783333333333334,-9.055666666666667
2.87875,-9.013
2.879166666666667,-8.983666666666666
2.879583333333333,-8.976333333333335
2.88,-8.9845
2.8804166666666666,-9.007833333333332
2.8808333333333334,-9.048
2.88125,-9.089666666666666
2.881666666666667,-9.122
2.8820833333333336,-9.153
2.8825,-9.176
2.8829166666666666,-9.187333333333333
2.8833333333333333,-9.180666666666667
2.88375,-9.156166666666666
2.8841666666666668,-9.124166666666666
2.8845833333333335,-9.094833333333334
2.885,-9.0725
2.8854166666666665,-9.059666666666667
2.8858333333333333,-9.0625
2.88625,-9.068666666666665
2.8866666666666667,-9.087833333333334
2.8870833333333334,-9.097833333333332
2.8875,-9.089666666666666
2.8879166666666665,-9.071666666666667
2.888333333333333,-9.0315
2.88875,-9.006666666666666
2.8891666666666667,-8.990666666666668
2.8895833333333334,-8.991999999999999
2.89,-9.011000000000001
2.890416666666667,-9.029833333333334
2.890833333333333,-9.054333333333332
2.89125,-9.061166666666667
2.8916666666666666,-9.065166666666666
2.8920833333333333,-9.062666666666667
2.8925,-9.059833333333334
2.892916666666667,-9.070333333333332
2.8933333333333335,-9.079500000000001
2.89375,-9.088333333333333
2.8941666666666666,-9.098333333333333
2.8945833333333333,-9.098666666666666
2.895,-9.089500000000001
2.8954166666666667,-9.063333333333333
2.8958333333333335,-9.030833333333334
2.89625,-9.005333333333335
2.8966666666666665,-8.972833333333334
2.8970833333333332,-8.960333333333333
2.8975,-8.955166666666665
2.8979166666666667,-8.951666666666666
2.8983333333333334,-8.963833333333334
2.89875,-8.976333333333335
2.8991666666666664,-8.996
2.899583333333333,-9.010333333333334
2.9,-9.025166666666667
2.9004166666666666,-9.056833333333334
2.9008333333333334,-9.089333333333334
2.90125,-9.115833333333333
2.901666666666667,-9.132833333333332
2.902083333333333,-9.111
2.9025,-9.064833333333334
2.9029166666666666,-9.014833333333334
2.9033333333333333,-8.973833333333333
2.90375,-8.948333333333332
2.904166666666667,-8.935166666666667
2.9045833333333335,-8.948666666666666
2.905,-8.979166666666666
2.9054166666666665,-9.018
2.9058333333333333,-9.044333333333332
2.90625,-9.073666666666666
2.9066666666666667,-9.104333333333335
2.9070833333333335,-9.1325
2.9075,-9.167333333333334
2.9079166666666665,-9.183166666666667
2.908333333333333,-9.200000000000001
2.90875,-9.211666666666666
2.9091666666666667,-9.205333333333334
2.9095833333333334,-9.197333333333335
2.91,-9.175833333333335
2.910416666666667,-9.1485
2.910833333333333,-9.134166666666667
2.91125,-9.117833333333332
2.9116666666666666,-9.107333333333335
2.9120833333333334,-9.104166666666666
2.9125,-9.103833333333334
2.912916666666667,-9.1185
2.9133333333333336,-9.122
2.91375,-9.115166666666667
2.9141666666666666,-9.116666666666667
2.9145833333333333,-9.1025
2.915,-9.090333333333334
2.9154166666666668,-9.083666666666666
2.9158333333333335,-9.067833333333333
2.91625,-9.0575
2.9166666666666665,-9.050166666666668
2.9170833333333333,-9.058
2.9175,-9.0755
2.9179166666666667,-9.093333333333332
2.9183333333333334,-9.123666666666667
2.91875,-9.156999999999998
2.9191666666666665,-9.1805
2.919583333333333,-9.184333333333333
2.92,-9.17
2.9204166666666667,-9.1385
2.9208333333333334,-9.104000000000001
2.92125,-9.084333333333333
2.921666666666667,-9.074166666666665
2.922083333333333,-9.0865
2.9225,-9.114166666666668
2.9229166666666666,-9.156
2.9233333333333333,-9.202666666666667
2.92375,-9.226166666666666
2.924166666666667,-9.236333333333334
2.9245833333333335,-9.226999999999999
2.925,-9.209
2.9254166666666666,-9.183833333333334
2.9258333333333333,-9.157666666666666
2.92625,-9.135666666666665
2.9266666666666667,-9.108666666666666
2.9270833333333335,-9.099833333333333
2.9275,-9.089999999999998
2.9279166666666665,-9.086833333333333
2.9283333333333332,-9.096333333333334
2.92875,-9.104666666666667
2.9291666666666667,-9.134500000000001
2.9295833333333334,-9.161166666666666
2.93,-9.185833333333333
2.9304166666666664,-9.202166666666665
2.930833333333333,-9.191333333333334
2.93125,-9.164
2.9316666666666666,-9.112166666666667
2.9320833333333334,-9.055833333333334
2.9325,-9.018
2.932916666666667,-8.983333333333333
2.933333333333333,-8.960166666666666
2.93375,-8.959166666666667
2.9341666666666666,-8.973833333333333
2.9345833333333333,-9.017166666666666
2.935,-9.063166666666666
2.935416666666667,-9.113999999999999
2.9358333333333335,-9.159333333333334
2.93625,-9.184666666666665
2.9366666666666665,-9.202166666666665
2.9370833333333333,-9.205
2.9375,-9.198166666666667
2.9379166666666667,-9.201500000000001
2.9383333333333335,-9.220166666666666
2.93875,-9.246
2.9391666666666665,-9.264
2.939583333333333,-9.266333333333334
2.94,-9.253166666666667
2.9404166666666667,-9.217833333333333
2.9408333333333334,-9.17
2.94125,-9.116
2.941666666666667,-9.066333333333334
2.942083333333333,-9.022833333333333
2.9425,-8.991166666666667
2.9429166666666666,-8.978333333333333
2.9433333333333334,-8.978499999999999
2.94375,-8.990833333333335
2.944166666666667,-9.019499999999999
2.9445833333333336,-9.047666666666666
2.945,-9.0775
2.9454166666666666,-9.0955
2.9458333333333333,-9.0955
2.94625,-9.096333333333332
2.9466666666666668,-9.088500000000002
2.9470833333333335,-9.086
2.9475,-9.086833333333333
2.9479166666666665,-9.081666666666667
2.9483333333333333,-9.0685
2.94875,-9.055333333333335
2.9491666666666667,-9.050333333333333
2.9495833333333334,-9.048166666666667
2.95,-9.065166666666668
2.9504166666666665,-9.082500000000001
2.950833333333333,-9.101333333333333
2.95125,-9.112333333333334
2.9516666666666667,-9.101833333333333
2.9520833333333334,-9.081333333333333
2.9525,-9.043666666666667
2.952916666666667,-9.009833333333333
2.953333333333333,-8.99
2.95375,-8.983333333333333
2.9541666666666666,-8.992166666666668
2.9545833333333333,-9.01
2.955,-9.022
2.955416666666667,-9.039666666666667
2.9558333333333335,-9.059333333333335
2.95625,-9.084333333333333
2.9566666666666666,-9.103333333333333
2.9570833333333333,-9.112166666666667
2.9575,-9.120166666666666
2.9579166666666667,-9.113833333333334
2.9583333333333335,-9.11
2.95875,-9.102500000000001
2.9591666666666665,-9.091000000000001
2.9595833333333332,-9.082500000000001
2.96,-9.081333333333333
2.9604166666666667,-9.078666666666665
2.9608333333333334,-9.078833333333334
2.96125,-9.073166666666667
2.9616666666666664,-9.072166666666666
2.962083333333333,-9.0775
2.9625,-9.0665
2.9629166666666666,-9.069333333333333
2.9633333333333334,-9.07
2.96375,-9.0755
2.964166666666667,-9.0815
2.964583333333333,-9.078999999999999
2.965,-9.0785
2.9654166666666666,-9.064833333333333
2.9658333333333333,-9.048333333333334
2.96625,-9.030333333333333
2.966666666666667,-9.008000000000001
2.9670833333333335,-8.997333333333334
2.9675,-8.999
2.9679166666666665,-9.0025
2.9683333333333333,-9.004166666666666
2.96875,-9.0005
2.9691666666666667,-9.007
2.9695833333333335,-9.010166666666665
2.97,-9.012833333333333
2.9704166666666665,-9.019833333333333
2.970833333333333,-9.027166666666666
2.97125,-9.042833333333332
2.9716666666666667,-9.061166666666667
2.9720833333333334,-9.076833333333333
2.9725,-9.083166666666667
2.972916666666667,-9.0825
2.973333333333333,-9.081333333333333
2.97375,-9.069333333333333
2.9741666666666666,-9.052166666666666
2.9745833333333334,-9.039
2.975,-9.025166666666665
2.975416666666667,-9.042166666666667
2.9758333333333336,-9.0595
2.97625,-9.083833333333333
2.9766666666666666,-9.113833333333334
2.9770833333333333,-9.127
2.9775,-9.142833333333334
2.9779166666666668,-9.1285
2.9783333333333335,-9.113
2.97875,-9.088833333333334
2.9791666666666665,-9.058166666666667
2.9795833333333333,-9.028333333333334
2.98,-9.0
2.9804166666666667,-8.980166666666667
2.9808333333333334,-8.958833333333333
2.98125,-8.961166666666665
2.9816666666666665,-8.968333333333334
2.982083333333333,-8.9905
2.9825,-9.021666666666667
2.9829166666666667,-9.048
2.9833333333333334,-9.064833333333333
2.98375,-9.053166666666668
2.984166666666667,-9.029833333333334
2.984583333333333,-9.000166666666665
2.985,-8.966333333333333
2.9854166666666666,-8.9375
2.9858333333333333,-8.925166666666668
2.98625,-8.933
2.986666666666667,-8.950166666666666
2.9870833333333335,-8.973166666666666
2.9875,-8.988999999999999
2.9879166666666666,-8.996166666666666
2.9883333333333333,-8.999
2.98875,-8.992666666666667
2.9891666666666667,-8.983
2.9895833333333335,-8.962166666666667
2.99,-8.941666666666665
2.9904166666666665,-8.935333333333332
2.9908333333333332,-8.940833333333334
2.99125,-8.953999999999999
2.9916666666666667,-8.979166666666666
2.9920833333333334,-9.0035
2.9925,-9.039499999999999
2.9929166666666664,-9.081000000000001
2.993333333333333,-9.111666666666666
2.99375,-9.146166666666666
2.9941666666666666,-9.16
2.9945833333333334,-9.173833333333333
2.995,-9.179
2.995416666666667,-9.169166666666667
2.995833333333333,-9.160499999999999
2.99625,-9.142333333333333
2.9966666666666666,-9.133666666666667
2.9970833333333333,-9.125666666666666
2.9975,-9.1175
2.997916666666667,-9.106166666666667
2.9983333333333335,-9.089
2.99875,-9.077166666666669
2.9991666666666665,-9.071166666666667
2.9995833333333333,-9.067333333333332
3.0,-9.0685
3.0004166666666667,-9.076166666666666
3.0008333333333335,-9.071666666666667
3.00125,-9.061166666666667
3.0016666666666665,-9.037333333333335
3.002083333333333,-9.016833333333333
3.0025,-9.004666666666667
3.0029166666666667,-8.997833333333332
3.0033333333333334,-8.996833333333333
3.00375,-8.996833333333333
3.004166666666667,-9.000666666666667
3.004583333333333,-9.015666666666666
3.005,-9.0305
3.0054166666666666,-9.031
3.0058333333333334,-9.032833333333333
3.00625,-9.0165
3.006666666666667,-8.994666666666667
3.0070833333333336,-8.968833333333334
3.0075,-8.934833333333334
3.0079166666666666,-8.915166666666666
3.0083333333333333,-8.913333333333332
3.00875,-8.933666666666667
3.0091666666666668,-8.970666666666666
3.0095833333333335,-9.009499999999997
3.01,-9.049333333333331
3.0104166666666665,-9.071333333333333
3.0108333333333333,-9.0715
3.01125,-9.063333333333334
3.0116666666666667,-9.043333333333333
3.0120833333333334,-9.0135
3.0125,-8.985333333333333
3.0129166666666665,-8.974666666666666
3.013333333333333,-8.9815
3.01375,-9.009833333333333
3.0141666666666667,-9.049833333333334
3.0145833333333334,-9.078333333333333
3.015,-9.088166666666666
3.015416666666667,-9.0815
3.015833333333333,-9.064833333333334
3.01625,-9.030666666666667
3.0166666666666666,-8.993
3.0170833333333333,-8.967833333333333
3.0175,-8.957666666666666
3.017916666666667,-8.968
3.0183333333333335,-8.99
3.01875,-9.016
3.0191666666666666,-9.044666666666666
3.0195833333333333,-9.074833333333332
3.02,-9.096666666666668
3.0204166666666667,-9.1015
3.0208333333333335,-9.095
3.02125,-9.084166666666667
3.0216666666666665,-9.072666666666667
3.0220833333333332,-9.070333333333334
3.0225,-9.071833333333332
3.0229166666666667,-9.0785
3.0233333333333334,-9.078000000000001
3.02375,-9.075000000000001
3.0241666666666664,-9.068
3.024583333333333,-9.043000000000001
3.025,-9.030666666666667
3.0254166666666666,-9.015166666666667
3.0258333333333334,-9.008166666666666
3.02625,-9.017
3.026666666666667,-9.023666666666667
3.027083333333333,-9.0295
3.0275,-9.029
3.0279166666666666,-9.0315
3.0283333333333333,-9.039
3.02875,-9.046333333333335
3.029166666666667,-9.042499999999999
3.0295833333333335,-9.043000000000001
3.03,-9.043166666666666
3.0304166666666665,-9.047166666666667
3.0308333333333333,-9.0565
3.03125,-9.045
3.0316666666666667,-9.045833333333333
3.0320833333333335,-9.051499999999999
3.0325,-9.06
3.0329166666666665,-9.0685
3.033333333333333,-9.063
3.03375,-9.065833333333334
3.0341666666666667,-9.064166666666667
3.0345833333333334,-9.076666666666666
3.035,-9.092666666666668
3.035416666666667,-9.111166666666668
3.035833333333333,-9.137500000000001
3.03625,-9.158499999999998
3.0366666666666666,-9.179499999999999
3.0370833333333334,-9.185166666666667
3.0375,-9.176166666666667
3.037916666666667,-9.150666666666666
3.0383333333333336,-9.121666666666668
3.03875,-9.086166666666669
3.0391666666666666,-9.071333333333333
3.0395833333333333,-9.068833333333332
3.04,-9.075333333333333
3.0404166666666668,-9.092500000000001
3.0408333333333335,-9.101333333333335
3.04125,-9.1195
3.0416666666666665,-9.1175
3.0420833333333333,-9.118833333333333
3.0425,-9.111
3.0429166666666667,-9.092833333333333
3.0433333333333334,-9.099833333333335
3.04375,-9.097
3.0441666666666665,-9.097833333333334
3.044583333333333,-9.088166666666666
3.045,-9.073
3.0454166666666667,-9.071333333333333
3.0458333333333334,-9.057
3.04625,-9.0555
3.046666666666667,-9.050166666666668
3.047083333333333,-9.044333333333334
3.0475,-9.049833333333334
3.0479166666666666,-9.051166666666665
3.0483333333333333,-9.047166666666667
3.04875,-9.040999999999999
3.049166666666667,-9.039833333333334
3.0495833333333335,-9.038666666666666
3.05,-9.039333333333333
3.0504166666666666,-9.042666666666667
3.0508333333333333,-9.057
3.05125,-9.072833333333334
3.0516666666666667,-9.085833333333333
3.0520833333333335,-9.084
3.0525,-9.067166666666665
3.0529166666666665,-9.050333333333334
3.0533333333333332,-9.027166666666666
3.05375,-9.0075
3.0541666666666667,-8.991666666666667
3.0545833333333334,-8.980666666666666
3.055,-8.9755
3.0554166666666664,-8.979166666666666
3.055833333333333,-8.983666666666666
3.05625,-8.992166666666666
3.0566666666666666,-9.005666666666668
3.0570833333333334,-9.022
3.0575,-9.051499999999999
3.057916666666667,-9.069166666666668
3.058333333333333,-9.074833333333332
3.05875,-9.064333333333332
3.0591666666666666,-9.0465
3.0595833333333333,-9.0375
3.06,-9.037833333333332
3.060416666666667,-9.038833333333331
3.0608333333333335,-9.051666666666668
3.06125,-9.074
3.0616666666666665,-9.091666666666667
3.0620833333333333,-9.103833333333334
3.0625,-9.0975
3.0629166666666667,-9.093
3.0633333333333335,-9.088499999999998
3.06375,-9.092666666666666
3.0641666666666665,-9.096333333333334
3.064583333333333,-9.098166666666666
3.065,-9.1115
3.0654166666666667,-9.1225
3.0658333333333334,-9.1195
3.06625,-9.093833333333334
3.066666666666667,-9.0575
3.067083333333333,-9.029166666666667
3.0675,-9.0075
3.0679166666666666,-8.9935
3.0683333333333334,-8.9915
3.06875,-8.998666666666667
3.069166666666667,-9.019333333333334
3.0695833333333336,-9.039333333333333
3.07,-9.045666666666667
3.0704166666666666,-9.041
3.0708333333333333,-9.041833333333335
3.07125,-9.046333333333333
3.0716666666666668,-9.059666666666667
3.0720833333333335,-9.069333333333333
3.0725,-9.073666666666668
3.0729166666666665,-9.080833333333333
3.0733333333333333,-9.082666666666666
3.07375,-9.0835
3.0741666666666667,-9.086
3.0745833333333334,-9.087833333333334
3.075,-9.102833333333335
3.0754166666666665,-9.129666666666667
3.075833333333333,-9.147333333333334
3.07625,-9.166833333333335
3.0766666666666667,-9.1725
3.0770833333333334,-9.158833333333334
3.0775,-9.1395
3.077916666666667,-9.1145
3.078333333333333,-9.098833333333332
3.07875,-9.107333333333335
3.0791666666666666,-9.123666666666667
3.0795833333333333,-9.149166666666666
3.08,-9.164166666666667
3.080416666666667,-9.158166666666666
3.0808333333333335,-9.148000000000001
3.08125,-9.112166666666667
3.0816666666666666,-9.081833333333334
3.0820833333333333,-9.056666666666667
3.0825,-9.029666666666666
3.0829166666666667,-9.015500000000001
3.0833333333333335,-8.996666666666668
3.08375,-8.983333333333334
3.0841666666666665,-8.972666666666667
3.0845833333333332,-8.975333333333333
3.085,-9.000333333333332
3.0854166666666667,-9.029166666666667
3.0858333333333334,-9.065
3.08625,-9.0985
3.0866666666666664,-9.118333333333332
3.087083333333333,-9.125499999999999
3.0875,-9.115166666666667
3.0879166666666666,-9.102166666666667
3.0883333333333334,-9.0915
3.08875,-9.085166666666668
3.089166666666667,-9.096
3.089583333333333,-9.106499999999999
3.09,-9.115499999999999
3.0904166666666666,-9.121333333333332
3.0908333333333333,-9.118333333333334
3.09125,-9.1165
3.091666666666667,-9.094666666666667
3.0920833333333335,-9.066666666666668
3.0925,-9.047833333333333
3.0929166666666665,-9.034333333333333
3.0933333333333333,-9.037166666666666
3.09375,-9.036666666666667
3.0941666666666667,-9.033666666666667
3.0945833333333335,-9.024666666666668
3.095,-9.010166666666665
3.0954166666666665,-9.006
3.095833333333333,-8.9955
3.09625,-8.991166666666667
3.0966666666666667,-8.992333333333333
3.0970833333333334,-9.0035
3.0975,-9.017000000000001
3.097916666666667,-9.0165
3.098333333333333,-9.006333333333332
3.09875,-8.987499999999999
3.0991666666666666,-8.979333333333335
3.0995833333333334,-8.978166666666665
3.1,-8.983166666666667
3.100416666666667,-8.993333333333334
3.1008333333333336,-8.991999999999999
3.10125,-8.979333333333335
3.1016666666666666,-8.962000000000002
3.1020833333333333,-8.929666666666668
3.1025,-8.905333333333333
3.1029166666666668,-8.889333333333333
3.1033333333333335,-8.8925
3.10375,-8.918500000000002
3.1041666666666665,-8.94
3.1045833333333333,-8.969166666666666
3.105,-8.979833333333332
3.1054166666666667,-8.985999999999999
3.1058333333333334,-8.996166666666666
3.10625,-8.992333333333333
3.1066666666666665,-8.986333333333334
3.107083333333333,-8.977666666666666
3.1075,-8.975166666666665
3.1079166666666667,-8.979166666666666
3.1083333333333334,-8.981
3.10875,-8.975666666666667
3.109166666666667,-8.9645
3.109583333333333,-8.957333333333333
3.11,-8.951166666666667
3.1104166666666666,-8.940333333333333
3.1108333333333333,-8.935333333333334
3.11125,-8.925666666666666
3.111666666666667,-8.924000000000001
3.1120833333333335,-8.9155
3.1125,-8.8975
3.1129166666666666,-8.880666666666666
3.1133333333333333,-8.859166666666667
3.11375,-8.854
3.1141666666666667,-8.866999999999999
3.1145833333333335,-8.893
3.115,-8.930333333333332
3.1154166666666665,-8.963333333333333
3.1158333333333332,-8.984333333333334
3.11625,-8.999
3.1166666666666667,-8.994166666666667
3.1170833333333334,-8.990333333333332
3.1175,-8.979166666666666
3.1179166666666664,-8.962666666666665
3.118333333333333,-8.964500000000001
3.11875,-8.969499999999998
3.1191666666666666,-8.978
3.1195833333333334,-8.981333333333334
3.12,-8.980333333333334
3.120416666666667,-8.984333333333334
3.120833333333333,-8.984333333333334
3.12125,-8.978666666666667
3.1216666666666666,-8.970833333333333
3.1220833333333333,-8.957833333333333
3.1225,-8.9435
3.122916666666667,-8.927000000000001
3.1233333333333335,-8.911499999999998
3.12375,-8.894
3.1241666666666665,-8.889999999999999
3.1245833333333333,-8.911999999999999
3.125,-8.944833333333333
3.1254166666666667,-8.983500000000001
3.1258333333333335,-9.010833333333332
3.12625,-9.027333333333333
3.1266666666666665,-9.030499999999998
3.127083333333333,-9.015166666666666
3.1275,-9.0025
3.1279166666666667,-8.989833333333333
3.1283333333333334,-8.979000000000001
3.12875,-8.978000000000002
3.129166666666667,-8.977833333333331
3.129583333333333,-8.96883333333333
3.13,-8.953333333333335
3.1304166666666666,-8.942833333333335
3.1308333333333334,-8.946166666666668
3.13125,-8.968166666666667
3.131666666666667,-9.003166666666665
3.1320833333333336,-9.0435
3.1325,-9.079333333333333
3.1329166666666666,-9.091
3.1333333333333333,-9.088833333333334
3.13375,-9.071
3.1341666666666668,-9.032166666666667
3.1345833333333335,-8.991833333333332
3.135,-8.951333333333332
3.1354166666666665,-8.915666666666667
3.1358333333333333,-8.896333333333333
3.13625,-8.893499999999998
3.1366666666666667,-8.898166666666667
3.1370833333333334,-8.917666666666667
3.1375,-8.933666666666667
3.1379166666666665,-8.952333333333334
3.138333333333333,-8.977666666666666
3.13875,-8.978
3.1391666666666667,-8.985833333333334
3.1395833333333334,-8.973833333333333
3.14,-8.965333333333334
3.140416666666667,-8.963666666666667
3.140833333333333,-8.948
3.14125,-8.947333333333333
3.1416666666666666,-8.931833333333332
3.1420833333333333,-8.921166666666666
3.1425,-8.916500000000001
3.142916666666667,-8.910833333333334
3.1433333333333335,-8.906666666666666
3.14375,-8.900333333333334
3.1441666666666666,-8.894833333333333
3.1445833333333333,-8.8885
3.145,-8.880333333333335
3.1454166666666667,-8.869
3.1458333333333335,-8.8545
3.14625,-8.842
3.1466666666666665,-8.845833333333333
3.1470833333333332,-8.866833333333332
3.1475,-8.891
3.1479166666666667,-8.914333333333333
3.1483333333333334,-8.943833333333332
3.14875,-8.957500000000001
3.1491666666666664,-8.964833333333333
3.149583333333333,-8.9665
3.15,-8.966499999999998
3.1504166666666666,-8.973833333333333
3.1508333333333334,-8.976666666666667
3.15125,-8.9805
3.151666666666667,-8.974833333333335
3.152083333333333,-8.962
3.1525,-8.9495
3.1529166666666666,-8.9375
3.1533333333333333,-8.918666666666667
3.15375,-8.914500000000002
3.154166666666667,-8.9175
3.1545833333333335,-8.911333333333333
3.155,-8.914166666666667
3.1554166666666665,-8.903833333333333
3.1558333333333333,-8.902999999999999
3.15625,-8.911499999999998
3.1566666666666667,-8.923499999999999
3.1570833333333335,-8.940333333333333
3.1575,-8.944
3.1579166666666665,-8.9585
3.158333333333333,-8.964166666666666
3.15875,-8.959166666666667
3.1591666666666667,-8.945833333333333
3.1595833333333334,-8.937833333333336
3.16,-8.9375
3.160416666666667,-8.946166666666665
3.160833333333333,-8.971833333333334
3.16125,-8.988833333333334
3.1616666666666666,-9.013
3.1620833333333334,-9.035666666666666
3.1625,-9.057
3.162916666666667,-9.067166666666667
3.1633333333333336,-9.051166666666667
3.16375,-9.032833333333334
3.1641666666666666,-9.009666666666666
3.1645833333333333,-8.980666666666666
3.165,-8.9475
3.1654166666666668,-8.910833333333334
3.1658333333333335,-8.882166666666667
3.16625,-8.871166666666667
3.1666666666666665,-8.878833333333333
3.1670833333333333,-8.898666666666665
3.1675,-8.920499999999999
3.1679166666666667,-8.935
3.1683333333333334,-8.945833333333333
3.16875,-8.946
3.1691666666666665,-8.932666666666664
3.169583333333333,-8.921
3.17,-8.913
3.1704166666666667,-8.915833333333333
3.1708333333333334,-8.93
3.17125,-8.946499999999999
3.171666666666667,-8.9565
3.172083333333333,-8.961666666666668
3.1725,-8.967333333333334
3.1729166666666666,-8.975833333333334
3.1733333333333333,-8.989833333333335
3.17375,-9.000333333333332
3.174166666666667,-9.01
3.1745833333333335,-9.0145
3.175,-9.016
3.1754166666666666,-9.018999999999998
3.1758333333333333,-9.0045
3.17625,-8.988666666666667
3.1766666666666667,-8.961999999999998
3.1770833333333335,-8.929
3.1775,-8.898666666666665
3.1779166666666665,-8.862
3.1783333333333332,-8.838333333333333
3.17875,-8.818333333333333
3.1791666666666667,-8.8285
3.1795833333333334,-8.855500000000001
3.18,-8.8705
3.1804166666666664,-8.891
3.180833333333333,-8.893333333333333
3.18125,-8.889333333333333
3.1816666666666666,-8.881333333333332
3.1820833333333334,-8.8695
3.1825,-8.872
3.182916666666667,-8.87
3.183333333333333,-8.890333333333333
3.18375,-8.9095
3.1841666666666666,-8.912666666666667
3.1845833333333333,-8.9075
3.185,-8.892666666666667
3.185416666666667,-8.885833333333332
3.1858333333333335,-8.875333333333334
3.18625,-8.870333333333335
3.1866666666666665,-8.8645
3.1870833333333333,-8.850333333333333
3.1875,-8.839666666666668
3.1879166666666667,-8.821833333333332
3.1883333333333335,-8.805666666666665
3.18875,-8.793999999999999
3.1891666666666665,-8.785166666666667
3.189583333333333,-8.786
3.19,-8.792
3.1904166666666667,-8.810833333333333
3.1908333333333334,-8.828333333333333
3.19125,-8.856166666666667
3.191666666666667,-8.890833333333333
3.192083333333333,-8.918833333333334
3.1925,-8.949833333333332
3.1929166666666666,-8.966166666666666
3.1933333333333334,-8.976166666666666
3.19375,-8.9805
3.194166666666667,-8.979999999999999
3.1945833333333336,-8.990166666666667
3.195,-9.000333333333332
3.1954166666666666,-8.995333333333333
3.1958333333333333,-8.994
3.19625,-8.982833333333334
3.1966666666666668,-8.969166666666666
3.1970833333333335,-8.965166666666667
3.1975,-8.950666666666667
3.1979166666666665,-8.948833333333333
3.1983333333333333,-8.945333333333334
3.19875,-8.942
3.1991666666666667,-8.945500000000001
3.1995833333333334,-8.94
3.2,-8.935
3.2004166666666665,-8.9395
3.200833333333333,-8.949833333333332
3.20125,-8.962833333333332
3.2016666666666667,-8.981166666666667
3.2020833333333334,-8.989333333333335
3.2025,-8.9865
3.202916666666667,-8.971
3.203333333333333,-8.935
3.20375,-8.916333333333334
3.2041666666666666,-8.907333333333332
3.2045833333333333,-8.920333333333334
3.205,-8.954333333333333
3.205416666666667,-8.982000000000001
3.2058333333333335,-9.003833333333333
3.20625,-8.990166666666667
3.2066666666666666,-8.960333333333333
3.2070833333333333,-8.906833333333333
3.2075,-8.846166666666667
3.2079166666666667,-8.796333333333331
3.2083333333333335,-8.759166666666667
3.20875,-8.741666666666667
3.2091666666666665,-8.737333333333334
3.2095833333333332,-8.7485
3.21,-8.762999999999998
3.2104166666666667,-8.779666666666666
3.2108333333333334,-8.7935
3.21125,-8.810333333333332
3.2116666666666664,-8.816
3.212083333333333,-8.814
3.2125,-8.820666666666668
3.2129166666666666,-8.824666666666667
3.2133333333333334,-8.843
3.21375,-8.866333333333333
3.214166666666667,-8.884
3.214583333333333,-8.888
3.215,-8.882333333333333
3.2154166666666666,-8.878
3.2158333333333333,-8.857833333333334
3.21625,-8.847500000000002
3.216666666666667,-8.841500000000002
3.2170833333333335,-8.8545
3.2175,-8.881333333333334
3.2179166666666665,-8.915666666666667
3.2183333333333333,-8.96
3.21875,-8.991
3.2191666666666667,-9.016
3.2195833333333335,-9.030000000000001
3.22,-9.028833333333333
3.2204166666666665,-9.014333333333333
3.220833333333333,-9.010333333333334
3.22125,-9.007833333333332
3.2216666666666667,-9.000166666666667
3.2220833333333334,-8.9965
3.2225,-8.991999999999999
3.222916666666667,-8.995166666666664
3.223333333333333,-8.993833333333333
3.22375,-8.996
3.2241666666666666,-8.996833333333333
3.2245833333333334,-8.982999999999999
3.225,-8.974166666666667
3.225416666666667,-8.962499999999999
3.2258333333333336,-8.952
3.22625,-8.956000000000001
3.2266666666666666,-8.981166666666667
3.2270833333333333,-9.025166666666665
3.2275,-9.055
3.2279166666666668,-9.073833333333333
3.2283333333333335,-9.077666666666666
3.22875,-9.050666666666666
3.2291666666666665,-9.024666666666667
3.2295833333333333,-8.9975
3.23,-8.9865
3.2304166666666667,-8.991166666666667
3.2308333333333334,-9.0035
3.23125,-9.0365
3.2316666666666665,-9.057833333333333
3.232083333333333,-9.077833333333333
3.2325,-9.093333333333332
3.2329166666666667,-9.101666666666667
3.2333333333333334,-9.096499999999999
3.23375,-9.060333333333334
3.234166666666667,-9.012333333333332
3.234583333333333,-8.958333333333334
3.235,-8.914333333333333
3.2354166666666666,-8.882833333333332
3.2358333333333333,-8.874166666666667
3.23625,-8.879166666666668
3.236666666666667,-8.894333333333334
3.2370833333333335,-8.927333333333332
3.2375,-8.944666666666668
3.2379166666666666,-8.9505
3.2383333333333333,-8.949833333333332
3.23875,-8.952499999999999
3.2391666666666667,-8.963
3.2395833333333335,-8.968666666666666
3.24,-8.963
3.2404166666666665,-8.953833333333334
3.2408333333333332,-8.9435
3.24125,-8.922166666666667
3.2416666666666667,-8.895
3.2420833333333334,-8.857833333333334
3.2425,-8.826833333333333
3.2429166666666664,-8.8135
3.243333333333333,-8.810833333333333
3.24375,-8.824333333333334
3.2441666666666666,-8.843000000000002
3.2445833333333334,-8.857000000000001
3.245,-8.8695
3.245416666666667,-8.860999999999999
3.245833333333333,-8.8445
3.24625,-8.827499999999999
3.2466666666666666,-8.812666666666667
3.2470833333333333,-8.819333333333333
3.2475,-8.828999999999999
3.247916666666667,-8.843166666666667
3.2483333333333335,-8.854166666666666
3.24875,-8.8605
3.2491666666666665,-8.875333333333332
3.2495833333333333,-8.890166666666667
3.25,-8.904166666666667
3.2504166666666667,-8.915166666666666
3.2508333333333335,-8.912833333333333
3.25125,-8.899500000000002
3.2516666666666665,-8.886166666666666
3.252083333333333,-8.8715
3.2525,-8.868333333333334
3.2529166666666667,-8.874166666666667
3.2533333333333334,-8.894
3.25375,-8.918333333333331
3.254166666666667,-8.922833333333331
3.254583333333333,-8.916666666666666
3.255,-8.9055
3.2554166666666666,-8.899333333333333
3.2558333333333334,-8.898
3.25625,-8.908333333333333
3.256666666666667,-8.933833333333332
3.2570833333333336,-8.956000000000001
3.2575,-8.982
3.2579166666666666,-8.9915
3.2583333333333333,-8.981333333333334
3.25875,-8.958499999999999
3.2591666666666668,-8.928333333333333
3.2595833333333335,-8.903166666666667
3.26,-8.8745
3.2604166666666665,-8.866000000000001
3.2608333333333333,-8.876166666666666
3.26125,-8.897333333333334
3.2616666666666667,-8.920499999999999
3.2620833333333334,-8.935
3.2625,-8.949666666666667
3.2629166666666665,-8.955
3.263333333333333,-8.954666666666666
3.26375,-8.94
3.2641666666666667,-8.901000000000002
3.2645833333333334,-8.866333333333333
3.265,-8.829
3.265416666666667,-8.803666666666667
3.265833333333333,-8.793166666666666
3.26625,-8.791166666666667
3.2666666666666666,-8.813166666666666
3.2670833333333333,-8.827833333333333
3.2675,-8.839166666666667
3.267916666666667,-8.849333333333334
3.2683333333333335,-8.845666666666666
3.26875,-8.855166666666667
3.2691666666666666,-8.868166666666667
3.2695833333333333,-8.89
3.27,-8.927333333333332
3.2704166666666667,-8.967333333333334
3.2708333333333335,-9.018833333333333
3.27125,-9.055333333333333
3.2716666666666665,-9.0805
3.2720833333333332,-9.087
3.2725,-9.078166666666666
3.2729166666666667,-9.061166666666667
3.2733333333333334,-9.033666666666667
3.27375,-9.007666666666667
3.2741666666666664,-8.983666666666666
3.274583333333333,-8.972833333333332
3.275,-8.975999999999999
3.2754166666666666,-8.9815
3.2758333333333334,-8.978166666666667
3.27625,-8.981499999999999
3.276666666666667,-8.977666666666666
3.277083333333333,-8.985166666666666
3.2775,-8.987833333333333
3.2779166666666666,-8.970166666666666
3.2783333333333333,-8.9555
3.27875,-8.9225
3.279166666666667,-8.898666666666665
3.2795833333333335,-8.894333333333334
3.28,-8.897
3.2804166666666665,-8.9105
3.2808333333333333,-8.930166666666667
3.28125,-8.947333333333333
3.2816666666666667,-8.954833333333333
3.2820833333333335,-8.9445
3.2825,-8.924999999999999
3.2829166666666665,-8.904666666666666
3.283333333333333,-8.88
3.28375,-8.866166666666667
3.2841666666666667,-8.864333333333335
3.2845833333333334,-8.855666666666666
3.285,-8.854333333333335
3.285416666666667,-8.859166666666667
3.285833333333333,-8.866166666666667
3.28625,-8.8785
3.2866666666666666,-8.890166666666667
3.2870833333333334,-8.897166666666665
3.2875,-8.892666666666667
3.287916666666667,-8.878333333333332
3.2883333333333336,-8.852
3.28875,-8.8245
3.2891666666666666,-8.796833333333332
3.2895833333333333,-8.773166666666667
3.29,-8.7615
3.2904166666666668,-8.76
3.2908333333333335,-8.769166666666665
3.29125,-8.789500000000002
3.2916666666666665,-8.8035
3.2920833333333333,-8.812833333333332
3.2925,-8.817833333333333
3.2929166666666667,-8.798166666666667
3.2933333333333334,-8.779333333333334
3.29375,-8.754833333333332
3.2941666666666665,-8.750833333333334
3.294583333333333,-8.769666666666668
3.295,-8.785666666666666
3.2954166666666667,-8.8105
3.2958333333333334,-8.8125
3.29625,-8.805
3.296666666666667,-8.789500000000002
3.297083333333333,-8.765666666666666
3.2975,-8.733500000000001
3.2979166666666666,-8.705833333333333
3.2983333333333333,-8.702
3.29875,-8.693833333333332
3.299166666666667,-8.689833333333334
3.2995833333333335,-8.682
3.3,-8.6835
3.3004166666666666,-8.701333333333332
3.3008333333333333,-8.719
3.30125,-8.756333333333334
3.3016666666666667,-8.776666666666666
3.3020833333333335,-8.792333333333332
3.3025,-8.817
3.3029166666666665,-8.822000000000001
3.3033333333333332,-8.821666666666667
3.30375,-8.810833333333333
3.3041666666666667,-8.800166666666668
3.3045833333333334,-8.797166666666667
3.305,-8.796833333333334
3.3054166666666664,-8.817333333333332
3.305833333333333,-8.845333333333334
3.30625,-8.8675
3.3066666666666666,-8.889000000000001
3.3070833333333334,-8.893499999999998
3.3075,-8.887
3.307916666666667,-8.881333333333334
3.308333333333333,-8.8815
3.30875,-8.894
3.3091666666666666,-8.911166666666666
3.3095833333333333,-8.924000000000001
3.31,-8.922166666666667
3.310416666666667,-8.903833333333333
3.3108333333333335,-8.886666666666665
3.31125,-8.877666666666668
3.3116666666666665,-8.882666666666667
3.3120833333333333,-8.905333333333333
3.3125,-8.927
3.3129166666666667,-8.943333333333333
3.3133333333333335,-8.949333333333334
3.31375,-8.946
3.3141666666666665,-8.931666666666667
3.314583333333333,-8.915666666666667
3.315,-8.908499999999998
3.3154166666666667,-8.8985
3.3158333333333334,-8.894
3.31625,-8.880333333333333
3.316666666666667,-8.8615
3.317083333333333,-8.854833333333334
3.3175,-8.864333333333335
3.3179166666666666,-8.878833333333333
3.3183333333333334,-8.893333333333333
3.31875,-8.898000000000001
3.319166666666667,-8.881333333333332
3.3195833333333336,-8.860166666666666
3.32,-8.826833333333333
3.3204166666666666,-8.802166666666666
3.3208333333333333,-8.772833333333333
3.32125,-8.7555
3.3216666666666668,-8.763166666666665
3.3220833333333335,-8.7675
3.3225,-8.789333333333333
3.3229166666666665,-8.818
3.3233333333333333,-8.8545
3.32375,-8.8835
3.3241666666666667,-8.9125
3.3245833333333334,-8.923333333333334
3.325,-8.902166666666666
3.3254166666666665,-8.877666666666666
3.325833333333333,-8.841166666666668
3.32625,-8.825333333333333
3.3266666666666667,-8.821333333333333
3.3270833333333334,-8.8335
3.3275,-8.856
3.327916666666667,-8.854333333333331
3.328333333333333,-8.854
3.32875,-8.841333333333333
3.3291666666666666,-8.817666666666666
3.3295833333333333,-8.800166666666668
3.33,-8.793333333333335
3.330416666666667,-8.802166666666666
3.3308333333333335,-8.824666666666666
3.33125,-8.842333333333334
3.3316666666666666,-8.859833333333334
3.3320833333333333,-8.8635
3.3325,-8.856
3.3329166666666667,-8.8605
3.3333333333333335,-8.847000000000001
3.33375,-8.830333333333334
3.3341666666666665,-8.810166666666666
3.3345833333333332,-8.781833333333333
3.335,-8.762
3.3354166666666667,-8.746833333333333
3.3358333333333334,-8.748
3.33625,-8.764166666666666
3.3366666666666664,-8.785333333333334
3.337083333333333,-8.815166666666666
3.3375,-8.835166666666666
3.3379166666666666,-8.840499999999999
3.3383333333333334,-8.836833333333335
3.33875,-8.822833333333334
3.339166666666667,-8.813833333333333
3.339583333333333,-8.801
3.34,-8.793833333333334
3.3404166666666666,-8.788333333333334
3.3408333333333333,-8.776666666666666
3.34125,-8.770833333333334
3.341666666666667,-8.769333333333334
3.3420833333333335,-8.770166666666668
3.3425,-8.773666666666665
3.3429166666666665,-8.779000000000002
3.3433333333333333,-8.7795
3.34375,-8.775833333333333
3.3441666666666667,-8.764166666666666
3.3445833333333335,-8.755666666666666
3.345,-8.747333333333334
3.3454166666666665,-8.740499999999999
3.345833333333333,-8.748333333333333
3.34625,-8.759833333333333
3.3466666666666667,-8.7765
3.3470833333333334,-8.789833333333334
3.3475,-8.798666666666668
3.347916666666667,-8.802333333333335
3.348333333333333,-8.797833333333333
3.34875,-8.799
3.3491666666666666,-8.798166666666665
3.3495833333333334,-8.807
3.35,-8.823166666666667
3.350416666666667,-8.848166666666666
3.3508333333333336,-8.879333333333333
3.35125,-8.905000000000001
3.3516666666666666,-8.921833333333334
3.3520833333333333,-8.918166666666666
3.3525,-8.902333333333333
3.3529166666666668,-8.8685
3.3533333333333335,-8.834
3.35375,-8.804166666666665
3.3541666666666665,-8.786166666666666
3.3545833333333333,-8.785333333333334
3.355,-8.795166666666667
3.3554166666666667,-8.818333333333333
3.3558333333333334,-8.839333333333334
3.35625,-8.865666666666668
3.3566666666666665,-8.882166666666667
3.357083333333333,-8.883833333333333
3.3575,-8.885166666666667
3.3579166666666667,-8.872166666666667
3.3583333333333334,-8.865833333333333
3.35875,-8.860000000000001
3.359166666666667,-8.862166666666667
3.359583333333333,-8.876666666666667
3.36,-8.8825
3.3604166666666666,-8.902
3.3608333333333333,-8.920833333333334
3.36125,-8.929
3.361666666666667,-8.928166666666668
3.3620833333333335,-8.9165
3.3625,-8.900666666666666
3.3629166666666666,-8.884833333333333
3.3633333333333333,-8.876666666666667
3.36375,-8.877666666666666
3.3641666666666667,-8.882
3.3645833333333335,-8.896666666666667
3.365,-8.9155
3.3654166666666665,-8.919833333333335
3.3658333333333332,-8.910666666666666
3.36625,-8.884333333333334
3.3666666666666667,-8.862666666666668
3.3670833333333334,-8.853166666666667
3.3675,-8.843166666666667
3.3679166666666664,-8.853333333333333
3.368333333333333,-8.876
3.36875,-8.901499999999999
3.3691666666666666,-8.933
3.3695833333333334,-8.951666666666666
3.37,-8.970666666666666
3.370416666666667,-8.978499999999999
3.370833333333333,-8.971333333333334
3.37125,-8.964333333333334
3.3716666666666666,-8.930166666666667
3.3720833333333333,-8.888499999999999
3.3725,-8.854166666666666
3.372916666666667,-8.832166666666666
3.3733333333333335,-8.820166666666665
3.37375,-8.812
3.3741666666666665,-8.816666666666666
3.3745833333333333,-8.818666666666665
3.375,-8.818833333333334
3.3754166666666667,-8.813666666666666
3.3758333333333335,-8.802666666666667
3.37625,-8.796166666666666
3.3766666666666665,-8.786333333333333
3.377083333333333,-8.790833333333333
3.3775,-8.801166666666665
3.3779166666666667,-8.800166666666666
3.3783333333333334,-8.8095
3.37875,-8.800833333333332
3.379166666666667,-8.787999999999998
3.379583333333333,-8.771166666666666
3.38,-8.7455
3.3804166666666666,-8.733666666666666
3.3808333333333334,-8.714
3.38125,-8.705166666666665
3.381666666666667,-8.703666666666665
3.3820833333333336,-8.705333333333334
3.3825,-8.717333333333334
3.3829166666666666,-8.7275
3.3833333333333333,-8.74
3.38375,-8.758666666666667
3.3841666666666668,-8.786333333333333
3.3845833333333335,-8.818166666666666
3.385,-8.843000000000002
3.3854166666666665,-8.867833333333335
3.3858333333333333,-8.8735
3.38625,-8.859666666666667
3.3866666666666667,-8.829333333333333
3.3870833333333334,-8.781333333333334
3.3875,-8.7415
3.3879166666666665,-8.709833333333334
3.388333333333333,-8.705833333333333
3.38875,-8.728166666666667
3.3891666666666667,-8.759666666666666
3.3895833333333334,-8.803666666666667
3.39,-8.845999999999998
3.390416666666667,-8.875
3.390833333333333,-8.8985
3.39125,-8.908833333333332
3.3916666666666666,-8.904666666666666
3.3920833333333333,-8.890500000000001
3.3925,-8.8635
3.392916666666667,-8.837833333333334
3.3933333333333335,-8.811833333333333
3.39375,-8.800333333333333
3.3941666666666666,-8.803833333333335
3.3945833333333333,-8.819333333333333
3.395,-8.844166666666666
3.3954166666666667,-8.864333333333335
3.3958333333333335,-8.871166666666666
3.39625,-8.8665
3.3966666666666665,-8.867666666666667
3.3970833333333332,-8.868333333333334
3.3975,-8.8695
3.3979166666666667,-8.872333333333332
3.3983333333333334,-8.876166666666668
3.39875,-8.874833333333333
3.3991666666666664,-8.871833333333333
3.399583333333333,-8.864333333333333
3.4,-8.8405
3.4004166666666666,-8.814833333333333
3.4008333333333334,-8.794333333333334
3.40125,-8.776333333333334
3.401666666666667,-8.762833333333333
3.402083333333333,-8.7585
3.4025,-8.768500000000001
3.4029166666666666,-8.789666666666667
3.4033333333333333,-8.821833333333332
3.40375,-8.866333333333332
3.404166666666667,-8.9015
3.4045833333333335,-8.927166666666666
3.405,-8.939
3.4054166666666665,-8.934333333333333
3.4058333333333333,-8.922166666666667
3.40625,-8.901000000000002
3.4066666666666667,-8.889000000000001
3.4070833333333335,-8.882666666666667
3.4075,-8.878166666666667
3.4079166666666665,-8.884833333333333
3.408333333333333,-8.879833333333334
3.40875,-8.865833333333333
3.4091666666666667,-8.856166666666667
3.4095833333333334,-8.854833333333334
3.41,-8.8705
3.410416666666667,-8.890666666666666
3.410833333333333,-8.911999999999999
3.41125,-8.930666666666667
3.4116666666666666,-8.9335
3.4120833333333334,-8.929833333333335
3.4125,-8.915833333333333
3.412916666666667,-8.893833333333333
3.4133333333333336,-8.892166666666666
3.41375,-8.898666666666667
3.4141666666666666,-8.915666666666667
3.4145833333333333,-8.9225
3.415,-8.914166666666665
3.4154166666666668,-8.9125
3.4158333333333335,-8.902333333333333
3.41625,-8.899666666666667
3.4166666666666665,-8.889166666666666
3.4170833333333333,-8.865833333333333
3.4175,-8.8435
3.4179166666666667,-8.815666666666667
3.4183333333333334,-8.787833333333333
3.41875,-8.757833333333332
3.4191666666666665,-8.727833333333335
3.419583333333333,-8.7185
3.42,-8.728833333333334
3.4204166666666667,-8.738666666666667
3.4208333333333334,-8.75
3.42125,-8.756333333333332
3.421666666666667,-8.756333333333332
3.422083333333333,-8.762333333333332
3.4225,-8.775
3.4229166666666666,-8.786666666666667
3.4233333333333333,-8.792666666666667
3.42375,-8.7915
3.424166666666667,-8.777833333333334
3.4245833333333335,-8.752166666666668
3.425,-8.7195
3.4254166666666666,-8.693666666666667
3.4258333333333333,-8.675
3.42625,-8.675
3.4266666666666667,-8.699333333333334
3.4270833333333335,-8.735833333333334
3.4275,-8.7695
3.4279166666666665,-8.792499999999999
3.4283333333333332,-8.806666666666667
3.42875,-8.810666666666666
3.4291666666666667,-8.812666666666667
3.4295833333333334,-8.804166666666665
3.43,-8.7965
3.4304166666666664,-8.789833333333334
3.430833333333333,-8.783666666666667
3.43125,-8.787166666666666
3.4316666666666666,-8.790166666666666
3.4320833333333334,-8.795166666666667
3.4325,-8.806333333333335
3.432916666666667,-8.826
3.433333333333333,-8.841333333333333
3.43375,-8.845
3.4341666666666666,-8.8395
3.4345833333333333,-8.821666666666667
3.435,-8.800666666666666
3.435416666666667,-8.780333333333333
3.4358333333333335,-8.772
3.43625,-8.781333333333334
3.4366666666666665,-8.802833333333332
3.4370833333333333,-8.8285
3.4375,-8.842
3.4379166666666667,-8.839500000000001
3.4383333333333335,-8.820833333333335
3.43875,-8.801833333333333
3.4391666666666665,-8.787333333333335
3.439583333333333,-8.783999999999999
3.44,-8.795166666666667
3.4404166666666667,-8.814666666666668
3.4408333333333334,-8.846166666666667
3.44125,-8.862499999999999
3.441666666666667,-8.862666666666666
3.442083333333333,-8.856833333333334
3.4425,-8.842666666666666
3.4429166666666666,-8.837666666666665
3.4433333333333334,-8.837166666666667
3.44375,-8.831666666666667
3.444166666666667,-8.829666666666666
3.4445833333333336,-8.831000000000001
3.445,-8.828333333333333
3.4454166666666666,-8.8125
3.4458333333333333,-8.778333333333332
3.44625,-8.731833333333332
3.4466666666666668,-8.689666666666668
3.4470833333333335,-8.650333333333334
3.4475,-8.631833333333333
3.4479166666666665,-8.624
3.4483333333333333,-8.637666666666666
3.44875,-8.672833333333335
3.4491666666666667,-8.698666666666666
3.4495833333333334,-8.723833333333333
3.45,-8.726333333333333
3.4504166666666665,-8.723166666666666
3.450833333333333,-8.718666666666666
3.45125,-8.708833333333333
3.4516666666666667,-8.711166666666667
3.4520833333333334,-8.708166666666665
3.4525,-8.714666666666666
3.452916666666667,-8.7175
3.453333333333333,-8.708833333333333
3.45375,-8.7135
3.4541666666666666,-8.710666666666667
3.4545833333333333,-8.717666666666666
3.455,-8.725
3.455416666666667,-8.732000000000001
3.4558333333333335,-8.731166666666667
3.45625,-8.723333333333334
3.4566666666666666,-8.716666666666667
3.4570833333333333,-8.6965
3.4575,-8.689000000000002
3.4579166666666667,-8.700333333333333
3.4583333333333335,-8.735
3.45875,-8.767166666666666
3.4591666666666665,-8.804166666666667
3.4595833333333332,-8.832666666666666
3.46,-8.841499999999998
3.4604166666666667,-8.840166666666667
3.4608333333333334,-8.826166666666667
3.46125,-8.823333333333332
3.4616666666666664,-8.825833333333334
3.462083333333333,-8.84683333333333
3.4625,-8.880333333333333
3.4629166666666666,-8.897666666666668
3.4633333333333334,-8.904166666666667
3.46375,-8.896333333333333
3.464166666666667,-8.872
3.464583333333333,-8.840833333333334
3.465,-8.810666666666668
3.4654166666666666,-8.796333333333335
3.4658333333333333,-8.797166666666667
3.46625,-8.803166666666666
3.466666666666667,-8.815666666666667
3.4670833333333335,-8.821333333333333
3.4675,-8.821333333333333
3.4679166666666665,-8.815833333333332
3.4683333333333333,-8.808
3.46875,-8.8025
3.4691666666666667,-8.785833333333334
3.4695833333333335,-8.771666666666668
3.47,-8.759333333333332
3.4704166666666665,-8.757833333333332
3.470833333333333,-8.773000000000001
3.47125,-8.7875
3.4716666666666667,-8.810166666666666
3.4720833333333334,-8.828000000000001
3.4725,-8.8365
3.472916666666667,-8.839666666666668
3.473333333333333,-8.824499999999999
3.47375,-8.802999999999999
3.4741666666666666,-8.782333333333334
3.4745833333333334,-8.765
3.475,-8.758166666666668
3.475416666666667,-8.7565
3.4758333333333336,-8.764333333333335
3.47625,-8.773166666666667
3.4766666666666666,-8.7805
3.4770833333333333,-8.779833333333332
3.4775,-8.7715
3.4779166666666668,-8.759
3.4783333333333335,-8.746333333333332
3.47875,-8.7465
3.4791666666666665,-8.7575
3.4795833333333333,-8.788166666666667
3.48,-8.821333333333333
3.4804166666666667,-8.853166666666667
3.4808333333333334,-8.879333333333333
3.48125,-8.8805
3.4816666666666665,-8.87
3.482083333333333,-8.8425
3.4825,-8.820166666666667
3.4829166666666667,-8.797833333333335
3.4833333333333334,-8.772166666666665
3.48375,-8.7575
3.484166666666667,-8.739833333333335
3.484583333333333,-8.733166666666667
3.485,-8.740666666666668
3.4854166666666666,-8.7585
3.4858333333333333,-8.7725
3.48625,-8.779
3.486666666666667,-8.783166666666666
3.4870833333333335,-8.777333333333333
3.4875,-8.757666666666665
3.4879166666666666,-8.7265
3.4883333333333333,-8.700833333333334
3.48875,-8.681333333333335
3.4891666666666667,-8.683666666666667
3.4895833333333335,-8.708333333333334
3.49,-8.725666666666667
3.4904166666666665,-8.737833333333333
3.4908333333333332,-8.743166666666667
3.49125,-8.744666666666667
3.4916666666666667,-8.738333333333335
3.4920833333333334,-8.721333333333334
3.4925,-8.706333333333333
3.4929166666666664,-8.692666666666668
3.493333333333333,-8.691666666666666
3.49375,-8.698500000000001
3.4941666666666666,-8.710833333333333
3.4945833333333334,-8.723500000000001
3.495,-8.727833333333335
3.495416666666667,-8.740499999999999
3.495833333333333,-8.740333333333334
3.49625,-8.734333333333334
3.4966666666666666,-8.7375
3.4970833333333333,-8.727833333333333
3.4975,-8.725333333333333
3.497916666666667,-8.728
3.4983333333333335,-8.730833333333333
3.49875,-8.739166666666666
3.4991666666666665,-8.734166666666667
3.4995833333333333,-8.736166666666668
3.5,-8.739333333333333
3.5004166666666667,-8.733333333333333
3.5008333333333335,-8.732833333333334
3.50125,-8.731499999999999
3.5016666666666665,-8.725666666666667
3.502083333333333,-8.713666666666668
3.5025,-8.707500000000001
3.5029166666666667,-8.700833333333334
3.5033333333333334,-8.702333333333334
3.50375,-8.7085
3.504166666666667,-8.714
3.504583333333333,-8.721
3.505,-8.73
3.5054166666666666,-8.750166666666667
3.5058333333333334,-8.782666666666668
3.50625,-8.811666666666666
3.506666666666667,-8.821333333333333
3.5070833333333336,-8.827499999999999
3.5075,-8.817833333333333
3.5079166666666666,-8.792666666666667
3.5083333333333333,-8.763166666666669
3.50875,-8.722
3.5091666666666668,-8.691833333333333
3.5095833333333335,-8.675833333333333
3.51,-8.676499999999999
3.5104166666666665,-8.6925
3.5108333333333333,-8.699333333333334
3.51125,-8.713333333333333
3.5116666666666667,-8.733333333333333
3.5120833333333334,-8.747833333333334
3.5125,-8.757166666666667
3.5129166666666665,-8.754666666666667
3.513333333333333,-8.749666666666668
3.51375,-8.752833333333333
3.5141666666666667,-8.764833333333334
3.5145833333333334,-8.776333333333334
3.515,-8.784833333333333
3.515416666666667,-8.789
3.515833333333333,-8.792166666666667
3.51625,-8.797500000000001
3.5166666666666666,-8.807
3.5170833333333333,-8.822333333333333
3.5175,-8.835333333333333
3.517916666666667,-8.852166666666667
3.5183333333333335,-8.8705
3.51875,-8.880666666666668
3.5191666666666666,-8.890833333333333
3.5195833333333333,-8.895166666666666
3.52,-8.895166666666666
3.5204166666666667,-8.891833333333333
3.5208333333333335,-8.878833333333333
3.52125,-8.8725
3.5216666666666665,-8.8635
3.5220833333333332,-8.858833333333335
3.5225,-8.848833333333333
3.5229166666666667,-8.827333333333334
3.5233333333333334,-8.807333333333334
3.52375,-8.776333333333334
3.5241666666666664,-8.746833333333333
3.524583333333333,-8.719166666666668
3.525,-8.700000000000001
3.5254166666666666,-8.690166666666666
3.5258333333333334,-8.693
3.52625,-8.699
3.526666666666667,-8.691166666666668
3.527083333333333,-8.687666666666667
3.5275,-8.690666666666665
3.5279166666666666,-8.692166666666665
3.5283333333333333,-8.686666666666667
3.52875,-8.675166666666668
3.529166666666667,-8.663
3.5295833333333335,-8.662166666666666
3.53,-8.663499999999999
3.5304166666666665,-8.676166666666665
3.5308333333333333,-8.69
3.53125,-8.698666666666666
3.5316666666666667,-8.716833333333334
3.5320833333333335,-8.714833333333333
3.5325,-8.709333333333333
3.5329166666666665,-8.7055
3.533333333333333,-8.702666666666666
3.53375,-8.7155
3.5341666666666667,-8.7255
3.5345833333333334,-8.734666666666667
3.535,-8.7355
3.535416666666667,-8.720833333333333
3.535833333333333,-8.707500000000001
3.53625,-8.688833333333333
3.5366666666666666,-8.679666666666666
3.5370833333333334,-8.676499999999999
3.5375,-8.677333333333333
3.537916666666667,-8.692166666666667
3.5383333333333336,-8.695833333333335
3.53875,-8.700833333333334
3.5391666666666666,-8.696833333333332
3.5395833333333333,-8.677999999999999
3.54,-8.668666666666667
3.5404166666666668,-8.655666666666667
3.5408333333333335,-8.644
3.54125,-8.637333333333332
3.5416666666666665,-8.640833333333333
3.5420833333333333,-8.658666666666667
3.5425,-8.6775
3.5429166666666667,-8.688333333333334
3.5433333333333334,-8.696666666666665
3.54375,-8.704500000000001
3.5441666666666665,-8.700999999999999
3.544583333333333,-8.6915
3.545,-8.6755
3.5454166666666667,-8.664333333333332
3.5458333333333334,-8.682166666666665
3.54625,-8.708833333333333
3.546666666666667,-8.732166666666666
3.547083333333333,-8.753333333333332
3.5475,-8.761000000000001
3.5479166666666666,-8.775333333333334
3.5483333333333333,-8.761833333333334
3.54875,-8.7365
3.549166666666667,-8.720666666666666
3.5495833333333335,-8.715666666666666
3.55,-8.735833333333334
3.5504166666666666,-8.757833333333332
3.5508333333333333,-8.775833333333333
3.55125,-8.786666666666667
3.5516666666666667,-8.783666666666667
3.5520833333333335,-8.759500000000001
3.5525,-8.734666666666666
3.5529166666666665,-8.705333333333334
3.5533333333333332,-8.691333333333333
3.55375,-8.691
3.5541666666666667,-8.693833333333332
3.5545833333333334,-8.703666666666665
3.555,-8.720166666666666
3.5554166666666664,-8.746833333333333
3.555833333333333,-8.7765
3.55625,-8.797166666666667
3.5566666666666666,-8.812166666666668
3.5570833333333334,-8.824166666666667
3.5575,-8.809833333333332
3.557916666666667,-8.782833333333334
3.558333333333333,-8.7495
3.55875,-8.711166666666665
3.5591666666666666,-8.6855
3.5595833333333333,-8.678166666666668
3.56,-8.688666666666666
3.560416666666667,-8.709000000000001
3.5608333333333335,-8.725333333333333
3.56125,-8.734166666666667
3.5616666666666665,-8.734666666666667
3.5620833333333333,-8.7295
3.5625,-8.731833333333332
3.5629166666666667,-8.737
3.5633333333333335,-8.7475
3.56375,-8.766
3.5641666666666665,-8.779333333333334
3.564583333333333,-8.786666666666667
3.565,-8.7695
3.5654166666666667,-8.746666666666668
3.5658333333333334,-8.727333333333332
3.56625,-8.722833333333334
3.566666666666667,-8.735833333333332
3.567083333333333,-8.746333333333332
3.5675,-8.757666666666667
3.5679166666666666,-8.761333333333335
3.5683333333333334,-8.758833333333333
3.56875,-8.744833333333332
3.569166666666667,-8.722333333333333
3.5695833333333336,-8.692666666666668
3.57,-8.671833333333334
3.5704166666666666,-8.6535
3.5708333333333333,-8.643166666666668
3.57125,-8.641833333333333
3.5716666666666668,-8.642000000000001
3.5720833333333335,-8.657833333333334
3.5725,-8.666333333333334
3.5729166666666665,-8.673499999999999
3.5733333333333333,-8.6725
3.57375,-8.666333333333332
3.5741666666666667,-8.669500000000001
3.5745833333333334,-8.681333333333333
3.575,-8.700166666666666
3.5754166666666665,-8.716833333333334
3.575833333333333,-8.732333333333333
3.57625,-8.738333333333335
3.5766666666666667,-8.740166666666667
3.5770833333333334,-8.734333333333334
3.5775,-8.722166666666666
3.577916666666667,-8.715666666666666
3.578333333333333,-8.707166666666666
3.57875,-8.708833333333333
3.5791666666666666,-8.714833333333333
3.5795833333333333,-8.721333333333332
3.58,-8.744333333333335
3.580416666666667,-8.7765
3.5808333333333335,-8.811833333333334
3.58125,-8.854166666666666
3.5816666666666666,-8.885333333333334
3.5820833333333333,-8.900833333333333
3.5825,-8.8925
3.5829166666666667,-8.858666666666666
3.5833333333333335,-8.8215
3.58375,-8.772
3.5841666666666665,-8.731833333333334
3.5845833333333332,-8.699
3.585,-8.679499999999999
3.5854166666666667,-8.6775
3.5858333333333334,-8.676499999999999
3.58625,-8.6845
3.5866666666666664,-8.680166666666667
3.587083333333333,-8.685666666666668
3.5875,-8.692833333333335
3.5879166666666666,-8.688166666666667
3.5883333333333334,-8.684333333333333
3.58875,-8.667166666666667
3.589166666666667,-8.656666666666666
3.589583333333333,-8.64
3.59,-8.628
3.5904166666666666,-8.637500000000001
3.5908333333333333,-8.648666666666665
3.59125,-8.6695
3.591666666666667,-8.682666666666668
3.5920833333333335,-8.686
3.5925,-8.698166666666667
3.5929166666666665,-8.704333333333333
3.5933333333333333,-8.723166666666666
3.59375,-8.7485
3.5941666666666667,-8.773166666666667
3.5945833333333335,-8.8125
3.595,-8.823166666666665
3.5954166666666665,-8.819833333333333
3.595833333333333,-8.801833333333335
3.59625,-8.7745
3.5966666666666667,-8.761000000000001
3.5970833333333334,-8.750499999999999
3.5975,-8.7615
3.597916666666667,-8.777666666666667
3.598333333333333,-8.799333333333331
3.59875,-8.8105
3.5991666666666666,-8.799333333333333
3.5995833333333334,-8.781333333333334
3.6,-8.743
3.600416666666667,-8.7145
3.6008333333333336,-8.681833333333334
3.60125,-8.652333333333333
3.6016666666666666,-8.633666666666667
3.6020833333333333,-8.604833333333332
3.6025,-8.593333333333334
3.6029166666666668,-8.573
3.6033333333333335,-8.5675
3.60375,-8.572333333333335
3.6041666666666665,-8.581999999999999
3.6045833333333333,-8.611833333333335
3.605,-8.625833333333334
3.6054166666666667,-8.638333333333334
3.6058333333333334,-8.640666666666666
3.60625,-8.636666666666668
3.6066666666666665,-8.6365
3.607083333333333,-8.631833333333335
3.6075,-8.632333333333333
3.6079166666666667,-8.639000000000001
3.6083333333333334,-8.649666666666667
3.60875,-8.666166666666667
3.609166666666667,-8.677000000000001
3.609583333333333,-8.6815
3.61,-8.690833333333332
3.6104166666666666,-8.704666666666668
3.6108333333333333,-8.717833333333333
3.61125,-8.727500000000001
3.611666666666667,-8.732666666666667
3.6120833333333335,-8.736333333333334
3.6125,-8.734
3.6129166666666666,-8.725666666666667
3.6133333333333333,-8.713166666666666
3.61375,-8.711666666666666
3.6141666666666667,-8.726666666666667
3.6145833333333335,-8.738833333333334
3.615,-8.754
3.6154166666666665,-8.751333333333333
3.6158333333333332,-8.734166666666667
3.61625,-8.706833333333334
3.6166666666666667,-8.676333333333334
3.6170833333333334,-8.653500000000001
3.6175,-8.634500000000001
3.6179166666666664,-8.629333333333333
3.618333333333333,-8.623166666666668
3.61875,-8.612
3.6191666666666666,-8.605833333333333
3.6195833333333334,-8.605333333333334
3.62,-8.625833333333334
3.620416666666667,-8.650500000000001
3.620833333333333,-8.675500000000001
3.62125,-8.704
3.6216666666666666,-8.714333333333334
3.6220833333333333,-8.719333333333333
3.6225,-8.706666666666667
3.622916666666667,-8.689333333333332
3.6233333333333335,-8.683166666666667
3.62375,-8.678333333333333
3.6241666666666665,-8.681
3.6245833333333333,-8.6805
3.625,-8.667833333333334
3.6254166666666667,-8.661333333333333
3.6258333333333335,-8.657833333333333
3.62625,-8.656333333333334
3.6266666666666665,-8.659833333333333
3.627083333333333,-8.6655
3.6275,-8.669666666666666
3.6279166666666667,-8.671166666666666
3.6283333333333334,-8.6715
3.62875,-8.677
3.629166666666667,-8.679499999999999
3.629583333333333,-8.683
3.63,-8.695333333333332
3.6304166666666666,-8.695
3.6308333333333334,-8.699833333333334
3.63125,-8.696666666666667
3.631666666666667,-8.683
3.6320833333333336,-8.656833333333333
3.6325,-8.626833333333332
3.6329166666666666,-8.610833333333334
3.6333333333333333,-8.6055
3.63375,-8.611166666666668
3.6341666666666668,-8.629166666666665
3.6345833333333335,-8.6545
3.635,-8.677833333333334
3.6354166666666665,-8.699833333333332
3.6358333333333333,-8.703833333333334
3.63625,-8.692166666666667
3.6366666666666667,-8.687
3.6370833333333334,-8.689666666666666
3.6375,-8.699833333333332
3.6379166666666665,-8.712333333333333
3.638333333333333,-8.715833333333334
3.63875,-8.719
3.6391666666666667,-8.718333333333334
3.6395833333333334,-8.710666666666667
3.64,-8.692833333333333
3.640416666666667,-8.672833333333331
3.640833333333333,-8.655166666666668
3.64125,-8.647666666666666
3.6416666666666666,-8.6455
3.6420833333333333,-8.649000000000001
3.6425,-8.661
3.642916666666667,-8.679499999999999
3.6433333333333335,-8.702833333333333
3.64375,-8.715000000000002
3.6441666666666666,-8.713666666666667
3.6445833333333333,-8.6925
3.645,-8.678166666666668
3.6454166666666667,-8.659333333333334
3.6458333333333335,-8.653666666666668
3.64625,-8.661833333333334
3.6466666666666665,-8.666833333333333
3.6470833333333332,-8.685666666666668
3.6475,-8.694833333333333
3.6479166666666667,-8.697833333333334
3.6483333333333334,-8.695166666666665
3.64875,-8.690333333333333
3.6491666666666664,-8.689666666666666
3.649583333333333,-8.697166666666666
3.65,-8.6995
3.6504166666666666,-8.6995
3.6508333333333334,-8.699833333333332
3.65125,-8.688666666666668
3.651666666666667,-8.678833333333333
3.652083333333333,-8.650500000000001
3.6525,-8.622666666666666
3.6529166666666666,-8.589
3.6533333333333333,-8.563
3.65375,-8.553166666666668
3.654166666666667,-8.5525
3.6545833333333335,-8.576833333333333
3.655,-8.596833333333334
3.6554166666666665,-8.624333333333333
3.6558333333333333,-8.647666666666666
3.65625,-8.666666666666666
3.6566666666666667,-8.687666666666667
3.6570833333333335,-8.691833333333333
3.6575,-8.691833333333333
3.6579166666666665,-8.6895
3.658333333333333,-8.683166666666667
3.65875,-8.676499999999999
3.6591666666666667,-8.652166666666666
3.6595833333333334,-8.623666666666667
3.66,-8.605333333333332
3.660416666666667,-8.600166666666667
3.660833333333333,-8.612
3.66125,-8.630333333333335
3.6616666666666666,-8.6555
3.6620833333333334,-8.695666666666666
3.6625,-8.740833333333333
3.662916666666667,-8.776000000000002
3.6633333333333336,-8.792
3.66375,-8.784833333333333
3.6641666666666666,-8.776833333333334
3.6645833333333333,-8.763166666666669
3.665,-8.741333333333333
3.6654166666666668,-8.707166666666666
3.6658333333333335,-8.658666666666667
3.66625,-8.619
3.6666666666666665,-8.573666666666668
3.6670833333333333,-8.534166666666666
3.6675,-8.506166666666667
3.6679166666666667,-8.486500000000001
3.6683333333333334,-8.4915
3.66875,-8.508833333333333
3.6691666666666665,-8.542166666666668
3.669583333333333,-8.572666666666668
3.67,-8.586333333333334
3.6704166666666667,-8.606166666666667
3.6708333333333334,-8.621500000000001
3.67125,-8.6285
3.671666666666667,-8.638166666666667
3.672083333333333,-8.633666666666668
3.6725,-8.624
3.6729166666666666,-8.618166666666665
3.6733333333333333,-8.613166666666666
3.67375,-8.613166666666666
3.674166666666667,-8.619
3.6745833333333335,-8.643
3.675,-8.684
3.6754166666666666,-8.725333333333333
3.6758333333333333,-8.743166666666667
3.67625,-8.7395
3.6766666666666667,-8.711
3.6770833333333335,-8.672333333333333
3.6775,-8.640166666666667
3.6779166666666665,-8.609166666666667
3.6783333333333332,-8.604000000000001
3.67875,-8.6295
3.6791666666666667,-8.669833333333335
3.6795833333333334,-8.7095
3.68,-8.732833333333334
3.6804166666666664,-8.729666666666667
3.680833333333333,-8.709833333333334
3.68125,-8.678166666666668
3.6816666666666666,-8.654000000000002
3.6820833333333334,-8.637833333333333
3.6825,-8.634
3.682916666666667,-8.651
3.683333333333333,-8.665333333333335
3.68375,-8.674999999999999
3.6841666666666666,-8.672666666666666
3.6845833333333333,-8.666333333333334
3.685,-8.659166666666666
3.685416666666667,-8.645333333333333
3.6858333333333335,-8.641666666666667
3.68625,-8.6415
3.6866666666666665,-8.645333333333333
3.6870833333333333,-8.654666666666667
3.6875,-8.660166666666667
3.6879166666666667,-8.669500000000001
3.6883333333333335,-8.665333333333335
3.68875,-8.658333333333333
3.6891666666666665,-8.649
3.689583333333333,-8.631
3.69,-8.616666666666667
3.6904166666666667,-8.606833333333334
3.6908333333333334,-8.603333333333333
3.69125,-8.602333333333334
3.691666666666667,-8.606333333333334
3.692083333333333,-8.616333333333332
3.6925,-8.638833333333332
3.6929166666666666,-8.665833333333333
3.6933333333333334,-8.687166666666666
3.69375,-8.699666666666667
3.694166666666667,-8.690166666666666
3.6945833333333336,-8.672833333333333
3.695,-8.65
3.6954166666666666,-8.627833333333333
3.6958333333333333,-8.615499999999999
3.69625,-8.6035
3.6966666666666668,-8.6055
3.6970833333333335,-8.618666666666668
3.6975,-8.6155
3.6979166666666665,-8.6105
3.6983333333333333,-8.605833333333333
3.69875,-8.586166666666665
3.6991666666666667,-8.575999999999999
3.6995833333333334,-8.5575
3.7,-8.545833333333334
3.7004166666666665,-8.535166666666667
3.700833333333333,-8.520333333333333
3.70125,-8.524666666666668
3.7016666666666667,-8.507666666666667
3.7020833333333334,-8.502
3.7025,-8.498666666666667
3.702916666666667,-8.4895
3.703333333333333,-8.494166666666667
3.70375,-8.487166666666665
3.7041666666666666,-8.500166666666665
3.7045833333333333,-8.509666666666668
3.705,-8.5235
3.705416666666667,-8.547833333333333
3.7058333333333335,-8.553833333333332
3.70625,-8.563
3.7066666666666666,-8.562
3.7070833333333333,-8.562833333333332
3.7075,-8.569333333333335
3.7079166666666667,-8.5785
3.7083333333333335,-8.592833333333333
3.70875,-8.612
3.7091666666666665,-8.638833333333334
3.7095833333333332,-8.655166666666666
3.71,-8.661999999999999
3.7104166666666667,-8.667
3.7108333333333334,-8.661499999999998
3.71125,-8.675666666666666
3.7116666666666664,-8.688166666666667
3.712083333333333,-8.702333333333334
3.7125,-8.724333333333334
3.7129166666666666,-8.7235
3.7133333333333334,-8.727666666666666
3.71375,-8.709000000000001
3.714166666666667,-8.678833333333335
3.714583333333333,-8.646500000000001
3.715,-8.596666666666666
3.7154166666666666,-8.557833333333335
3.7158333333333333,-8.523666666666665
3.71625,-8.501
3.716666666666667,-8.495666666666667
3.7170833333333335,-8.493166666666667
3.7175,-8.505666666666666
3.7179166666666665,-8.519666666666666
3.7183333333333333,-8.539333333333333
3.71875,-8.5645
3.7191666666666667,-8.580666666666668
3.7195833333333335,-8.605833333333335
3.72,-8.620333333333333
3.7204166666666665,-8.637166666666667
3.720833333333333,-8.644166666666665
3.72125,-8.6425
3.7216666666666667,-8.644833333333333
3.7220833333333334,-8.627833333333333
3.7225,-8.621333333333332
3.722916666666667,-8.618166666666665
3.723333333333333,-8.616833333333334
3.72375,-8.624166666666666
3.7241666666666666,-8.628833333333333
3.7245833333333334,-8.636000000000001
3.725,-8.644333333333334
3.725416666666667,-8.652999999999999
3.7258333333333336,-8.6605
3.72625,-8.645333333333333
3.7266666666666666,-8.6205
3.7270833333333333,-8.592
3.7275,-8.552333333333335
3.7279166666666668,-8.521666666666667
3.7283333333333335,-8.503666666666668
3.72875,-8.507666666666667
3.7291666666666665,-8.527166666666666
3.7295833333333333,-8.558666666666666
3.73,-8.582666666666666
3.7304166666666667,-8.587666666666665
3.7308333333333334,-8.5875
3.73125,-8.582833333333333
3.7316666666666665,-8.57
3.732083333333333,-8.555833333333334
3.7325,-8.553833333333333
3.7329166666666667,-8.558166666666667
3.7333333333333334,-8.572333333333333
3.73375,-8.59
3.734166666666667,-8.594333333333333
3.734583333333333,-8.600333333333333
3.735,-8.606333333333334
3.7354166666666666,-8.602166666666667
3.7358333333333333,-8.600500000000002
3.73625,-8.596666666666666
3.736666666666667,-8.604833333333334
3.7370833333333335,-8.612
3.7375,-8.607666666666667
3.7379166666666666,-8.607333333333333
3.7383333333333333,-8.591833333333334
3.73875,-8.584666666666667
3.7391666666666667,-8.589333333333334
3.7395833333333335,-8.595666666666666
3.74,-8.600999999999999
3.7404166666666665,-8.601333333333333
3.7408333333333332,-8.598666666666666
3.74125,-8.579833333333333
3.7416666666666667,-8.564666666666666
3.7420833333333334,-8.561333333333332
3.7425,-8.565833333333332
3.7429166666666664,-8.580499999999999
3.743333333333333,-8.597833333333334
3.74375,-8.612833333333333
3.7441666666666666,-8.613833333333334
3.7445833333333334,-8.600833333333334
3.745,-8.593499999999999
3.745416666666667,-8.597666666666667
3.745833333333333,-8.608666666666666
3.74625,-8.618333333333334
3.7466666666666666,-8.613833333333334
3.7470833333333333,-8.596666666666666
3.7475,-8.5735
3.747916666666667,-8.542166666666667
3.7483333333333335,-8.515166666666667
3.74875,-8.495
3.7491666666666665,-8.489166666666668
3.7495833333333333,-8.497833333333334
3.75,-8.513833333333332
3.7504166666666667,-8.533
3.7508333333333335,-8.555166666666667
3.75125,-8.578666666666665
3.7516666666666665,-8.597
3.752083333333333,-8.615833333333333
3.7525,-8.6255
3.7529166666666667,-8.6225
3.7533333333333334,-8.609166666666667
3.75375,-8.5865
3.754166666666667,-8.563
3.754583333333333,-8.546833333333334
3.755,-8.540666666666667
3.7554166666666666,-8.538666666666666
3.7558333333333334,-8.533
3.75625,-8.543000000000001
3.756666666666667,-8.562166666666664
3.7570833333333336,-8.585333333333333
3.7575,-8.607
3.7579166666666666,-8.615666666666668
3.7583333333333333,-8.619
3.75875,-8.610333333333331
3.7591666666666668,-8.597833333333334
3.7595833333333335,-8.586
3.76,-8.570666666666668
3.7604166666666665,-8.568333333333333
3.7608333333333333,-8.578
3.76125,-8.598833333333333
3.7616666666666667,-8.6315
3.7620833333333334,-8.653
3.7625,-8.660666666666666
3.7629166666666665,-8.654333333333334
3.763333333333333,-8.630666666666666
3.76375,-8.603500000000002
3.7641666666666667,-8.570833333333335
3.7645833333333334,-8.550833333333333
3.765,-8.543833333333332
3.765416666666667,-8.539
3.765833333333333,-8.5475
3.76625,-8.538499999999999
3.7666666666666666,-8.518666666666666
3.7670833333333333,-8.494166666666667
3.7675,-8.4675
3.767916666666667,-8.4565
3.7683333333333335,-8.4505
3.76875,-8.451166666666667
3.7691666666666666,-8.463666666666667
3.7695833333333333,-8.4715
3.77,-8.4825
3.7704166666666667,-8.4935
3.7708333333333335,-8.491166666666667
3.77125,-8.503166666666667
3.7716666666666665,-8.51
3.7720833333333332,-8.5175
3.7725,-8.518500000000001
3.7729166666666667,-8.5105
3.7733333333333334,-8.503333333333332
3.77375,-8.492833333333332
3.7741666666666664,-8.493833333333333
3.774583333333333,-8.491833333333332
3.775,-8.4985
3.7754166666666666,-8.510666666666667
3.7758333333333334,-8.545666666666667
3.77625,-8.580166666666669
3.776666666666667,-8.602833333333335
3.777083333333333,-8.620166666666668
3.7775,-8.620833333333332
3.7779166666666666,-8.618166666666667
3.7783333333333333,-8.596666666666666
3.77875,-8.5775
3.779166666666667,-8.564333333333334
3.7795833333333335,-8.5645
3.78,-8.591499999999998
3.7804166666666665,-8.617333333333333
3.7808333333333333,-8.6285
3.78125,-8.6215
3.7816666666666667,-8.597333333333333
3.7820833333333335,-8.564666666666666
3.7825,-8.528666666666666
3.7829166666666665,-8.509666666666668
3.783333333333333,-8.513166666666665
3.78375,-8.537833333333333
3.7841666666666667,-8.571166666666665
3.7845833333333334,-8.598833333333333
3.785,-8.620666666666667
3.785416666666667,-8.634333333333334
3.785833333333333,-8.6395
3.78625,-8.63
3.7866666666666666,-8.612833333333333
3.7870833333333334,-8.595333333333334
3.7875,-8.581666666666667
3.787916666666667,-8.575333333333333
3.7883333333333336,-8.571333333333333
3.78875,-8.57
3.7891666666666666,-8.575333333333333
3.7895833333333333,-8.578666666666665
3.79,-8.583
3.7904166666666668,-8.572833333333334
3.7908333333333335,-8.564833333333333
3.79125,-8.572833333333334
3.7916666666666665,-8.5905
3.7920833333333333,-8.633333333333335
3.7925,-8.663
3.7929166666666667,-8.680833333333332
3.7933333333333334,-8.690833333333334
3.79375,-8.684166666666668
3.7941666666666665,-8.668333333333335
3.794583333333333,-8.6415
3.795,-8.627833333333333
3.7954166666666667,-8.619000000000002
3.7958333333333334,-8.612833333333334
3.79625,-8.608500000000001
3.796666666666667,-8.587666666666665
3.797083333333333,-8.565666666666667
3.7975,-8.5415
3.7979166666666666,-8.531333333333334
3.7983333333333333,-8.535
3.79875,-8.554
3.799166666666667,-8.593833333333334
3.7995833333333335,-8.6345
3.8,-8.668833333333334
3.8004166666666666,-8.688
3.8008333333333333,-8.692666666666666
3.80125,-8.671666666666667
3.8016666666666667,-8.638333333333334
3.8020833333333335,-8.595833333333333
3.8025,-8.560333333333334
3.8029166666666665,-8.539833333333334
3.8033333333333332,-8.518666666666666
3.80375,-8.510833333333332
3.8041666666666667,-8.5055
3.8045833333333334,-8.495666666666667
3.805,-8.485333333333333
3.8054166666666664,-8.476666666666667
3.805833333333333,-8.484833333333334
3.80625,-8.506833333333333
3.8066666666666666,-8.540666666666667
3.8070833333333334,-8.570500000000001
3.8075,-8.592
3.807916666666667,-8.610999999999999
3.808333333333333,-8.612
3.80875,-8.598999999999998
3.8091666666666666,-8.575999999999999
3.8095833333333333,-8.565833333333332
3.81,-8.570500000000001
3.810416666666667,-8.577
3.8108333333333335,-8.597333333333333
3.81125,-8.622166666666667
3.8116666666666665,-8.658166666666666
3.8120833333333333,-8.694333333333333
3.8125,-8.7065
3.8129166666666667,-8.701333333333332
3.8133333333333335,-8.677166666666666
3.81375,-8.6515
3.8141666666666665,-8.6265
3.814583333333333,-8.595333333333334
3.815,-8.577
3.8154166666666667,-8.5715
3.8158333333333334,-8.5785
3.81625,-8.587
3.816666666666667,-8.592166666666666
3.817083333333333,-8.607166666666666
3.8175,-8.628
3.8179166666666666,-8.655166666666666
3.8183333333333334,-8.674
3.81875,-8.679499999999999
3.819166666666667,-8.677333333333332
3.8195833333333336,-8.676166666666667
3.82,-8.681666666666667
3.8204166666666666,-8.692
3.8208333333333333,-8.706333333333333
3.82125,-8.7205
3.8216666666666668,-8.7315
3.8220833333333335,-8.728166666666668
3.8225,-8.706333333333333
3.8229166666666665,-8.670499999999999
3.8233333333333333,-8.638333333333334
3.82375,-8.616333333333332
3.8241666666666667,-8.602833333333335
3.8245833333333334,-8.591166666666666
3.825,-8.576666666666666
3.8254166666666665,-8.5645
3.825833333333333,-8.5495
3.82625,-8.541666666666666
3.8266666666666667,-8.540333333333335
3.8270833333333334,-8.544166666666667
3.8275,-8.562333333333333
3.827916666666667,-8.580333333333334
3.828333333333333,-8.597
3.82875,-8.609833333333333
3.8291666666666666,-8.613333333333332
3.8295833333333333,-8.613999999999999
3.83,-8.5985
3.830416666666667,-8.584833333333334
3.8308333333333335,-8.578333333333333
3.83125,-8.570666666666666
3.8316666666666666,-8.582833333333333
3.8320833333333333,-8.602166666666667
3.8325,-8.631333333333332
3.8329166666666667,-8.664500000000002
3.8333333333333335,-8.684666666666667
3.83375,-8.6905
3.8341666666666665,-8.670833333333333
3.8345833333333332,-8.644833333333333
3.835,-8.6195
3.8354166666666667,-8.602
3.8358333333333334,-8.599166666666667
3.83625,-8.600333333333333
3.8366666666666664,-8.609
3.837083333333333,-8.606333333333334
3.8375,-8.590499999999999
3.8379166666666666,-8.558166666666667
3.8383333333333334,-8.528333333333334
3.83875,-8.5075
3.839166666666667,-8.494666666666667
3.839583333333333,-8.501833333333332
3.84,-8.517833333333334
3.8404166666666666,-8.5345
3.8408333333333333,-8.545
3.84125,-8.5595
3.841666666666667,-8.563333333333334
3.8420833333333335,-8.562333333333333
3.8425,-8.560833333333333
3.8429166666666665,-8.557333333333334
3.8433333333333333,-8.555166666666667
3.84375,-8.5535
3.8441666666666667,-8.569333333333333
3.8445833333333335,-8.584333333333333
3.845,-8.589833333333333
3.8454166666666665,-8.5975
3.845833333333333,-8.596166666666667
3.84625,-8.592166666666666
3.8466666666666667,-8.582166666666666
3.8470833333333334,-8.5695
3.8475,-8.575999999999999
3.847916666666667,-8.588833333333334
3.848333333333333,-8.613166666666666
3.84875,-8.633833333333333
3.8491666666666666,-8.627166666666666
3.8495833333333334,-8.613999999999999
3.85,-8.59
3.850416666666667,-8.564833333333334
3.8508333333333336,-8.539333333333333
3.85125,-8.505
3.8516666666666666,-8.479166666666666
3.8520833333333333,-8.459666666666669
3.8525,-8.445500000000001
3.8529166666666668,-8.444166666666666
3.8533333333333335,-8.450666666666669
3.85375,-8.473166666666666
3.8541666666666665,-8.506
3.8545833333333333,-8.550833333333333
3.855,-8.586833333333333
3.8554166666666667,-8.607333333333335
3.8558333333333334,-8.616833333333332
3.85625,-8.600166666666668
3.8566666666666665,-8.578000000000001
3.857083333333333,-8.545
3.8575,-8.516166666666669
3.8579166666666667,-8.489833333333335
3.8583333333333334,-8.469166666666666
3.85875,-8.469500000000002
3.859166666666667,-8.473333333333333
3.859583333333333,-8.480500000000001
3.86,-8.491333333333333
3.8604166666666666,-8.505166666666666
3.8608333333333333,-8.504666666666667
3.86125,-8.501833333333332
3.861666666666667,-8.489500000000001
3.8620833333333335,-8.473666666666666
3.8625,-8.457166666666666
3.8629166666666666,-8.4385
3.8633333333333333,-8.431333333333333
3.86375,-8.411
3.8641666666666667,-8.410666666666666
3.8645833333333335,-8.421833333333334
3.865,-8.434666666666667
3.8654166666666665,-8.458666666666668
3.8658333333333332,-8.479
3.86625,-8.518833333333335
3.8666666666666667,-8.547833333333333
3.8670833333333334,-8.563333333333333
3.8675,-8.569666666666665
3.8679166666666664,-8.551333333333334
3.868333333333333,-8.526833333333334
3.86875,-8.499833333333333
3.8691666666666666,-8.476166666666666
3.8695833333333334,-8.460166666666666
3.87,-8.463000000000001
3.870416666666667,-8.478666666666667
3.870833333333333,-8.512166666666667
3.87125,-8.540833333333333
3.8716666666666666,-8.555666666666667
3.8720833333333333,-8.5555
3.8725,-8.531333333333334
3.872916666666667,-8.507833333333332
3.8733333333333335,-8.475499999999998
3.87375,-8.45
3.8741666666666665,-8.4365
3.8745833333333333,-8.434666666666667
3.875,-8.443333333333333
3.8754166666666667,-8.446333333333333
3.8758333333333335,-8.446666666666667
3.87625,-8.443166666666666
3.8766666666666665,-8.443833333333332
3.877083333333333,-8.448666666666666
3.8775,-8.4685
3.8779166666666667,-8.490166666666665
3.8783333333333334,-8.509333333333332
3.87875,-8.523166666666667
3.879166666666667,-8.516499999999999
3.879583333333333,-8.507166666666668
3.88,-8.484833333333333
3.8804166666666666,-8.465499999999999
3.8808333333333334,-8.453333333333333
3.88125,-8.437166666666664
3.881666666666667,-8.436833333333333
3.8820833333333336,-8.4335
3.8825,-8.427666666666667
3.8829166666666666,-8.417166666666667
3.8833333333333333,-8.398166666666667
3.88375,-8.402166666666666
3.8841666666666668,-8.417666666666667
3.8845833333333335,-8.427999999999999
3.885,-8.4385
3.8854166666666665,-8.434833333333334
3.8858333333333333,-8.415166666666666
3.88625,-8.386000000000001
3.8866666666666667,-8.353833333333334
3.8870833333333334,-8.335833333333333
3.8875,-8.336666666666668
3.8879166666666665,-8.363999999999999
3.888333333333333,-8.421833333333334
3.88875,-8.475833333333332
3.8891666666666667,-8.530333333333333
3.8895833333333334,-8.586166666666667
3.89,-8.620166666666666
3.890416666666667,-8.6395
3.890833333333333,-8.627
3.89125,-8.594
3.8916666666666666,-8.547333333333333
3.8920833333333333,-8.491666666666667
3.8925,-8.443666666666667
3.892916666666667,-8.4065
3.8933333333333335,-8.397833333333333
3.89375,-8.409999999999998
3.8941666666666666,-8.423666666666668
3.8945833333333333,-8.4345
3.895,-8.4435
3.8954166666666667,-8.452333333333334
3.8958333333333335,-8.457166666666666
3.89625,-8.464166666666666
3.8966666666666665,-8.472333333333333
3.8970833333333332,-8.482
3.8975,-8.505166666666666
3.8979166666666667,-8.523666666666667
3.8983333333333334,-8.537666666666667
3.89875,-8.551499999999999
3.8991666666666664,-8.5615
3.899583333333333,-8.5665
3.9,-8.562333333333333
3.9004166666666666,-8.560833333333333
3.9008333333333334,-8.556666666666667
3.90125,-8.543666666666667
3.901666666666667,-8.521666666666667
3.902083333333333,-8.4995
3.9025,-8.484666666666667
3.9029166666666666,-8.474833333333335
3.9033333333333333,-8.483
3.90375,-8.489166666666666
3.904166666666667,-8.498333333333333
3.9045833333333335,-8.521666666666667
3.905,-8.524166666666668
3.9054166666666665,-8.518166666666666
3.9058333333333333,-8.494000000000002
3.90625,-8.469166666666666
3.9066666666666667,-8.454333333333334
3.9070833333333335,-8.425666666666666
3.9075,-8.414333333333333
3.9079166666666665,-8.405666666666667
3.908333333333333,-8.411833333333334
3.90875,-8.428666666666667
3.9091666666666667,-8.4395
3.9095833333333334,-8.445666666666668
3.91,-8.436
3.910416666666667,-8.423499999999999
3.910833333333333,-8.412833333333333
3.91125,-8.407666666666666
3.9116666666666666,-8.408333333333333
3.9120833333333334,-8.417833333333334
3.9125,-8.438333333333333
3.912916666666667,-8.456166666666666
3.9133333333333336,-8.476166666666666
3.91375,-8.498000000000001
3.9141666666666666,-8.516166666666665
3.9145833333333333,-8.535
3.915,-8.547333333333333
3.9154166666666668,-8.5565
3.9158333333333335,-8.552999999999999
3.91625,-8.532333333333332
3.9166666666666665,-8.5125
3.9170833333333333,-8.485
3.9175,-8.455666666666666
3.9179166666666667,-8.4335
3.9183333333333334,-8.410333333333334
3.91875,-8.3995
3.9191666666666665,-8.4005
3.919583333333333,-8.411333333333333
3.92,-8.438166666666667
3.9204166666666667,-8.459333333333333
3.9208333333333334,-8.469833333333334
3.92125,-8.481499999999999
3.921666666666667,-8.475
3.922083333333333,-8.465833333333334
3.9225,-8.453333333333333
3.9229166666666666,-8.4445
3.9233333333333333,-8.454
3.92375,-8.459
3.924166666666667,-8.472000000000001
3.9245833333333335,-8.486333333333333
3.925,-8.49
3.9254166666666666,-8.492166666666668
3.9258333333333333,-8.491
3.92625,-8.473833333333333
3.9266666666666667,-8.464833333333333
3.9270833333333335,-8.457500000000001
3.9275,-8.453833333333334
3.9279166666666665,-8.456666666666665
3.9283333333333332,-8.4595
3.92875,-8.479333333333331
3.9291666666666667,-8.503
3.9295833333333334,-8.537833333333333
3.93,-8.573
3.9304166666666664,-8.592
3.930833333333333,-8.595833333333333
3.93125,-8.577166666666665
3.9316666666666666,-8.545833333333333
3.9320833333333334,-8.509833333333333
3.9325,-8.480500000000001
3.932916666666667,-8.467666666666666
3.933333333333333,-8.466833333333334
3.93375,-8.489666666666666
3.9341666666666666,-8.5215
3.9345833333333333,-8.5495
3.935,-8.569333333333335
3.935416666666667,-8.577
3.9358333333333335,-8.581666666666665
3.93625,-8.5755
3.9366666666666665,-8.561166666666667
3.9370833333333333,-8.541333333333334
3.9375,-8.524166666666666
3.9379166666666667,-8.515833333333333
3.9383333333333335,-8.509500000000001
3.93875,-8.508166666666666
3.9391666666666665,-8.494333333333334
3.939583333333333,-8.469166666666668
3.94,-8.438833333333333
3.9404166666666667,-8.411666666666667
3.9408333333333334,-8.408
3.94125,-8.413166666666667
3.941666666666667,-8.4345
3.942083333333333,-8.461500000000001
3.9425,-8.479333333333333
3.9429166666666666,-8.4985
3.9433333333333334,-8.510166666666665
3.94375,-8.5015
3.944166666666667,-8.477666666666666
3.9445833333333336,-8.447666666666667
3.945,-8.417166666666667
3.9454166666666666,-8.3945
3.9458333333333333,-8.3815
3.94625,-8.387166666666666
3.9466666666666668,-8.409999999999998
3.9470833333333335,-8.439666666666666
3.9475,-8.4765
3.9479166666666665,-8.489333333333335
3.9483333333333333,-8.463833333333334
3.94875,-8.428666666666667
3.9491666666666667,-8.378
3.9495833333333334,-8.324833333333332
3.95,-8.284833333333333
3.9504166666666665,-8.2455
3.950833333333333,-8.229666666666667
3.95125,-8.240666666666668
3.9516666666666667,-8.279666666666666
3.9520833333333334,-8.349166666666667
3.9525,-8.405833333333334
3.952916666666667,-8.458499999999999
3.953333333333333,-8.497333333333334
3.95375,-8.506166666666667
3.9541666666666666,-8.507833333333332
3.9545833333333333,-8.498666666666667
3.955,-8.488666666666667
3.955416666666667,-8.491833333333334
3.9558333333333335,-8.502
3.95625,-8.519666666666666
3.9566666666666666,-8.537666666666667
3.9570833333333333,-8.540666666666667
3.9575,-8.555666666666665
3.9579166666666667,-8.5615
3.9583333333333335,-8.555833333333332
3.95875,-8.551833333333335
3.9591666666666665,-8.5255
3.9595833333333332,-8.504833333333332
3.96,-8.4735
3.9604166666666667,-8.440666666666667
3.9608333333333334,-8.423333333333334
3.96125,-8.401833333333334
3.9616666666666664,-8.404000000000002
3.962083333333333,-8.416500000000001
3.9625,-8.440833333333336
3.9629166666666666,-8.467333333333334
3.9633333333333334,-8.480166666666666
3.96375,-8.492
3.964166666666667,-8.492333333333333
3.964583333333333,-8.483333333333334
3.965,-8.470166666666666
3.9654166666666666,-8.456666666666667
3.9658333333333333,-8.4365
3.96625,-8.422833333333333
3.966666666666667,-8.400333333333334
3.9670833333333335,-8.3705
3.9675,-8.337166666666667
3.9679166666666665,-8.3095
3.9683333333333333,-8.305666666666667
3.96875,-8.302166666666666
3.9691666666666667,-8.317333333333332
3.9695833333333335,-8.344333333333333
3.97,-8.3815
3.9704166666666665,-8.428166666666666
3.970833333333333,-8.4635
3.97125,-8.500666666666666
3.9716666666666667,-8.517333333333333
3.9720833333333334,-8.523333333333333
3.9725,-8.515833333333333
3.972916666666667,-8.489833333333333
3.973333333333333,-8.472333333333333
3.97375,-8.453
3.9741666666666666,-8.4435
3.9745833333333334,-8.452333333333334
3.975,-8.470333333333334
3.975416666666667,-8.497666666666667
3.9758333333333336,-8.516
3.97625,-8.507666666666667
3.9766666666666666,-8.4915
3.9770833333333333,-8.460833333333333
3.9775,-8.445166666666667
3.9779166666666668,-8.448166666666667
3.9783333333333335,-8.448666666666666
3.97875,-8.460666666666667
3.9791666666666665,-8.4635
3.9795833333333333,-8.457333333333333
3.98,-8.432666666666666
3.9804166666666667,-8.400833333333333
3.9808333333333334,-8.373833333333332
3.98125,-8.355166666666667
3.9816666666666665,-8.354000000000001
3.982083333333333,-8.362833333333334
3.9825,-8.378166666666667
3.9829166666666667,-8.383833333333333
3.9833333333333334,-8.387
3.98375,-8.383
3.984166666666667,-8.3735
3.984583333333333,-8.360833333333334
3.985,-8.339500000000001
3.9854166666666666,-8.3305
3.9858333333333333,-8.333666666666668
3.98625,-8.359666666666667
3.986666666666667,-8.393166666666668
3.9870833333333335,-8.427166666666666
3.9875,-8.456666666666665
3.9879166666666666,-8.478499999999999
3.9883333333333333,-8.513166666666665
3.98875,-8.543333333333333
3.9891666666666667,-8.582
3.9895833333333335,-8.617833333333333
3.99,-8.637833333333333
3.9904166666666665,-8.647666666666668
3.9908333333333332,-8.6235
3.99125,-8.5835
3.9916666666666667,-8.539333333333333
3.9920833333333334,-8.498333333333333
3.9925,-8.481
3.9929166666666664,-8.472
3.993333333333333,-8.464166666666667
3.99375,-8.472833333333332
3.9941666666666666,-8.465833333333334
3.9945833333333334,-8.450166666666666
3.995,-8.445500000000001
3.995416666666667,-8.4375
3.995833333333333,-8.454
3.99625,-8.472833333333334
3.9966666666666666,-8.498833333333332
3.9970833333333333,-8.529166666666667
3.9975,-8.538333333333332
3.997916666666667,-8.552666666666665
3.9983333333333335,-8.554166666666667
3.99875,-8.554666666666668
3.9991666666666665,-8.5505
3.9995833333333333,-8.542166666666667
4.0,-8.538166666666667
4.000416666666666,-8.525333333333334
4.0008333333333335,-8.530499999999998
4.00125,-8.534666666666666
4.001666666666667,-8.552666666666665
4.002083333333333,-8.579166666666666
4.0025,-8.5895
4.002916666666667,-8.588333333333333
4.003333333333333,-8.548333333333334
4.00375,-8.488666666666667
4.004166666666666,-8.4285
4.004583333333334,-8.385
4.005,-8.362499999999999
4.005416666666667,-8.362166666666667
4.005833333333333,-8.3815
4.00625,-8.405
4.006666666666667,-8.435833333333333
4.007083333333333,-8.448166666666665
4.0075,-8.457166666666668
4.007916666666667,-8.4555
4.008333333333334,-8.442666666666666
4.00875,-8.433833333333332
4.009166666666666,-8.415666666666667
4.0095833333333335,-8.409166666666666
4.01,-8.404666666666666
4.010416666666667,-8.396333333333333
4.010833333333333,-8.392166666666666
4.01125,-8.380166666666668
4.011666666666667,-8.377333333333334
4.012083333333333,-8.376
4.0125,-8.377666666666666
4.0129166666666665,-8.389833333333334
4.013333333333334,-8.398166666666667
4.01375,-8.417
4.014166666666667,-8.431333333333335
4.014583333333333,-8.4495
4.015,-8.475666666666667
4.015416666666667,-8.498666666666667
4.015833333333333,-8.529666666666666
4.01625,-8.547833333333333
4.016666666666667,-8.549166666666666
4.017083333333333,-8.534666666666666
4.0175,-8.4995
4.017916666666666,-8.4665
4.0183333333333335,-8.443
4.01875,-8.4365
4.019166666666667,-8.446666666666665
4.019583333333333,-8.455499999999999
4.02,-8.477000000000002
4.020416666666667,-8.499166666666667
4.020833333333333,-8.511666666666668
4.02125,-8.516666666666666
4.0216666666666665,-8.504666666666667
4.022083333333334,-8.486333333333334
4.0225,-8.469333333333333
4.022916666666666,-8.464333333333334
4.023333333333333,-8.466666666666667
4.02375,-8.472499999999998
4.024166666666667,-8.475666666666667
4.024583333333333,-8.475999999999999
4.025,-8.472
4.025416666666667,-8.449333333333334
4.025833333333333,-8.424333333333335
4.02625,-8.404666666666667
4.026666666666666,-8.392166666666668
4.027083333333334,-8.398499999999999
4.0275,-8.416833333333335
4.027916666666667,-8.437
4.028333333333333,-8.452666666666666
4.02875,-8.453666666666667
4.029166666666667,-8.448666666666666
4.029583333333333,-8.440333333333333
4.03,-8.428500000000001
4.0304166666666665,-8.432166666666665
4.030833333333334,-8.4425
4.03125,-8.457666666666666
4.031666666666666,-8.479
4.0320833333333335,-8.489666666666666
4.0325,-8.491166666666667
4.032916666666667,-8.475499999999998
4.033333333333333,-8.450333333333333
4.03375,-8.425666666666666
4.034166666666667,-8.406833333333333
4.034583333333333,-8.402166666666666
4.035,-8.405166666666666
4.035416666666666,-8.414
4.035833333333334,-8.421000000000001
4.03625,-8.423499999999999
4.036666666666667,-8.425333333333333
4.037083333333333,-8.4285
4.0375,-8.424666666666667
4.037916666666667,-8.421166666666666
4.038333333333333,-8.417
4.03875,-8.415166666666666
4.039166666666667,-8.416000000000002
4.039583333333334,-8.417833333333334
4.04,-8.425166666666668
4.040416666666666,-8.437
4.0408333333333335,-8.4445
4.04125,-8.4465
4.041666666666667,-8.443833333333332
4.042083333333333,-8.44
4.0425,-8.453666666666667
4.042916666666667,-8.463666666666667
4.043333333333333,-8.479999999999999
4.04375,-8.497833333333334
4.0441666666666665,-8.502
4.044583333333334,-8.498
4.045,-8.483
4.045416666666667,-8.4705
4.045833333333333,-8.467166666666666
4.04625,-8.475833333333334
4.046666666666667,-8.487333333333332
4.047083333333333,-8.499166666666667
4.0475,-8.492166666666668
4.047916666666667,-8.479333333333335
4.048333333333333,-8.451666666666668
4.04875,-8.409333333333334
4.049166666666666,-8.379166666666666
4.0495833333333335,-8.351999999999999
4.05,-8.346833333333334
4.050416666666667,-8.353666666666667
4.050833333333333,-8.369666666666667
4.05125,-8.399166666666666
4.051666666666667,-8.418166666666666
4.052083333333333,-8.4275
4.0525,-8.428166666666668
4.0529166666666665,-8.412666666666667
4.053333333333334,-8.4075
4.05375,-8.410666666666666
4.054166666666666,-8.433666666666667
4.054583333333333,-8.461833333333333
4.055,-8.471333333333334
4.055416666666667,-8.470833333333333
4.055833333333333,-8.444
4.05625,-8.4285
4.056666666666667,-8.418833333333334
4.057083333333333,-8.418833333333334
4.0575,-8.424666666666667
4.057916666666666,-8.422833333333335
4.058333333333334,-8.432166666666667
4.05875,-8.409666666666666
4.059166666666667,-8.381666666666666
4.059583333333333,-8.357833333333334
4.06,-8.344333333333333
4.060416666666667,-8.373666666666667
4.060833333333333,-8.412166666666666
4.06125,-8.458833333333335
4.0616666666666665,-8.485833333333334
4.062083333333334,-8.492500000000001
4.0625,-8.494333333333332
4.062916666666666,-8.481666666666667
4.0633333333333335,-8.467333333333334
4.06375,-8.4475
4.064166666666667,-8.434833333333335
4.064583333333333,-8.423499999999999
4.065,-8.413333333333334
4.065416666666667,-8.403666666666666
4.065833333333333,-8.3935
4.06625,-8.385833333333332
4.066666666666666,-8.3875
4.067083333333334,-8.408166666666666
4.0675,-8.425500000000001
4.067916666666667,-8.4445
4.068333333333333,-8.460666666666667
4.06875,-8.482999999999999
4.069166666666667,-8.498833333333332
4.069583333333333,-8.505333333333333
4.07,-8.514000000000001
4.070416666666667,-8.503333333333332
4.070833333333334,-8.495666666666667
4.07125,-8.473333333333334
4.071666666666666,-8.449833333333332
4.0720833333333335,-8.426833333333335
4.0725,-8.412666666666668
4.072916666666667,-8.421166666666666
4.073333333333333,-8.429166666666665
4.07375,-8.437333333333333
4.074166666666667,-8.435333333333332
4.074583333333333,-8.430666666666665
4.075,-8.422166666666667
4.0754166666666665,-8.411333333333333
4.075833333333334,-8.398000000000001
4.07625,-8.395000000000001
4.076666666666667,-8.3925
4.077083333333333,-8.3815
4.0775,-8.353
4.077916666666667,-8.307166666666667
4.078333333333333,-8.273000000000001
4.07875,-8.248333333333333
4.079166666666667,-8.241
4.079583333333333,-8.249333333333333
4.08,-8.26
4.080416666666666,-8.280166666666666
4.0808333333333335,-8.295666666666667
4.08125,-8.298833333333333
4.081666666666667,-8.290666666666667
4.082083333333333,-8.281833333333333
4.0825,-8.293833333333334
4.082916666666667,-8.309166666666666
4.083333333333333,-8.325166666666668
4.08375,-8.336333333333334
4.0841666666666665,-8.353
4.084583333333334,-8.3615
4.085,-8.350833333333334
4.085416666666666,-8.351333333333335
4.085833333333333,-8.339166666666666
4.08625,-8.334
4.086666666666667,-8.3375
4.087083333333333,-8.337499999999999
4.0875,-8.352333333333334
4.087916666666667,-8.3645
4.088333333333333,-8.381666666666668
4.08875,-8.387833333333333
4.089166666666666,-8.376166666666668
4.089583333333334,-8.353
4.09,-8.334333333333333
4.090416666666667,-8.3155
4.090833333333333,-8.300333333333333
4.09125,-8.309166666666668
4.091666666666667,-8.326
4.092083333333333,-8.358666666666666
4.0925,-8.38
4.0929166666666665,-8.387166666666667
4.093333333333334,-8.383833333333333
4.09375,-8.372
4.094166666666666,-8.362
4.0945833333333335,-8.356833333333332
4.095,-8.363999999999999
4.095416666666667,-8.375
4.095833333333333,-8.402333333333333
4.09625,-8.431333333333333
4.096666666666667,-8.454166666666666
4.097083333333333,-8.4735
4.0975,-8.477166666666667
4.097916666666666,-8.473666666666666
4.098333333333334,-8.460166666666666
4.09875,-8.445833333333333
4.099166666666667,-8.446333333333333
4.099583333333333,-8.4405
4.1,-8.442333333333332
4.100416666666667,-8.452833333333333
4.100833333333333,-8.464333333333334
4.10125,-8.487833333333334
4.101666666666667,-8.499833333333333
4.102083333333334,-8.511333333333333
4.1025,-8.5065
4.102916666666666,-8.4935
4.1033333333333335,-8.473833333333333
4.10375,-8.435666666666668
4.104166666666667,-8.3885
4.104583333333333,-8.345833333333333
4.105,-8.332166666666666
4.105416666666667,-8.3185
4.105833333333333,-8.323333333333332
4.10625,-8.328166666666666
4.1066666666666665,-8.330666666666668
4.107083333333334,-8.340833333333332
4.1075,-8.348166666666666
4.107916666666667,-8.364666666666666
4.108333333333333,-8.376833333333334
4.10875,-8.388
4.109166666666667,-8.403166666666666
4.109583333333333,-8.401833333333334
4.11,-8.386
4.110416666666667,-8.375
4.110833333333333,-8.356333333333334
4.11125,-8.346166666666667
4.111666666666666,-8.3425
4.1120833333333335,-8.349833333333335
4.1125,-8.361166666666666
4.112916666666667,-8.3685
4.113333333333333,-8.377166666666668
4.11375,-8.379
4.114166666666667,-8.390166666666666
4.114583333333333,-8.409833333333333
4.115,-8.432666666666668
4.1154166666666665,-8.446666666666665
4.115833333333334,-8.458
4.11625,-8.4685
4.116666666666666,-8.474
4.117083333333333,-8.475333333333333
4.1175,-8.4645
4.117916666666667,-8.455
4.118333333333333,-8.444833333333333
4.11875,-8.443666666666667
4.119166666666667,-8.435833333333333
4.119583333333333,-8.415333333333335
4.12,-8.405833333333334
4.120416666666666,-8.390833333333333
4.120833333333334,-8.385833333333332
4.12125,-8.384833333333333
4.121666666666667,-8.376833333333332
4.122083333333333,-8.382333333333333
4.1225,-8.3925
4.122916666666667,-8.412666666666667
4.123333333333333,-8.439333333333332
4.12375,-8.454500000000001
4.1241666666666665,-8.473333333333334
4.124583333333334,-8.488999999999999
4.125,-8.496666666666668
4.125416666666666,-8.503166666666667
4.1258333333333335,-8.494166666666667
4.12625,-8.484666666666667
4.126666666666667,-8.485166666666666
4.127083333333333,-8.480333333333334
4.1275,-8.486833333333333
4.127916666666667,-8.488333333333335
4.128333333333333,-8.478833333333334
4.12875,-8.470833333333333
4.129166666666666,-8.449499999999999
4.129583333333334,-8.435166666666666
4.13,-8.423833333333334
4.130416666666667,-8.411833333333334
4.130833333333333,-8.409666666666666
4.13125,-8.391
4.131666666666667,-8.37
4.132083333333333,-8.352333333333332
4.1325,-8.327666666666667
4.132916666666667,-8.3115
4.133333333333334,-8.2995
4.13375,-8.303666666666667
4.134166666666666,-8.313666666666665
4.1345833333333335,-8.333
4.135,-8.353499999999999
4.135416666666667,-8.369666666666667
4.135833333333333,-8.394666666666668
4.13625,-8.405333333333333
4.136666666666667,-8.421833333333334
4.137083333333333,-8.426166666666665
4.1375,-8.422166666666666
4.1379166666666665,-8.424333333333333
4.138333333333334,-8.419666666666666
4.13875,-8.426
4.139166666666667,-8.429
4.139583333333333,-8.434833333333334
4.14,-8.435166666666667
4.140416666666667,-8.421
4.140833333333333,-8.415999999999999
4.14125,-8.402833333333334
4.141666666666667,-8.395666666666665
4.142083333333333,-8.390499999999998
4.1425,-8.380166666666666
4.142916666666666,-8.390333333333333
4.1433333333333335,-8.3925
4.14375,-8.402666666666667
4.144166666666667,-8.416833333333335
4.144583333333333,-8.420333333333332
4.145,-8.428333333333333
4.145416666666667,-8.428833333333332
4.145833333333333,-8.419166666666667
4.14625,-8.3995
4.1466666666666665,-8.377333333333334
4.147083333333334,-8.349499999999999
4.1475,-8.338666666666667
4.147916666666666,-8.328666666666665
4.148333333333333,-8.321333333333333
4.14875,-8.322833333333334
4.149166666666667,-8.322000000000001
4.149583333333333,-8.327499999999999
4.15,-8.325666666666665
4.150416666666667,-8.3255
4.150833333333333,-8.315166666666668
4.15125,-8.316
4.151666666666666,-8.319333333333333
4.152083333333334,-8.331833333333334
4.1525,-8.347
4.152916666666667,-8.358333333333333
4.153333333333333,-8.39
4.15375,-8.400166666666665
4.154166666666667,-8.412833333333333
4.154583333333333,-8.416833333333335
4.155,-8.413
4.1554166666666665,-8.419833333333335
4.155833333333334,-8.421
4.15625,-8.4315
4.156666666666666,-8.434
4.1570833333333335,-8.426833333333335
4.1575,-8.417666666666667
4.157916666666667,-8.405
4.158333333333333,-8.395833333333334
4.15875,-8.392999999999999
4.159166666666667,-8.3925
4.159583333333333,-8.393833333333333
4.16,-8.399833333333333
4.160416666666666,-8.4
4.160833333333334,-8.405166666666666
4.16125,-8.408833333333334
4.161666666666667,-8.409166666666666
4.162083333333333,-8.4125
4.1625,-8.4185
4.162916666666667,-8.421666666666667
4.163333333333333,-8.408666666666667
4.16375,-8.398666666666665
4.164166666666667,-8.3815
4.164583333333334,-8.359833333333333
4.165,-8.337666666666667
4.165416666666666,-8.312333333333333
4.1658333333333335,-8.284166666666666
4.16625,-8.253666666666666
4.166666666666667,-8.242166666666666
4.167083333333333,-8.237499999999999
4.1675,-8.239666666666666
4.167916666666667,-8.251166666666666
4.168333333333333,-8.254
4.16875,-8.254999999999999
4.1691666666666665,-8.249333333333333
4.169583333333334,-8.248333333333333
4.17,-8.247333333333332
4.170416666666667,-8.250666666666667
4.170833333333333,-8.283
4.17125,-8.321
4.171666666666667,-8.37
4.172083333333333,-8.406
4.1725,-8.417499999999999
4.172916666666667,-8.410499999999999
4.173333333333333,-8.378166666666667
4.17375,-8.345833333333333
4.174166666666666,-8.308166666666667
4.1745833333333335,-8.276833333333334
4.175,-8.276666666666666
4.175416666666667,-8.289333333333333
4.175833333333333,-8.3125
4.17625,-8.327833333333333
4.176666666666667,-8.322666666666667
4.177083333333333,-8.312833333333332
4.1775,-8.288833333333335
4.1779166666666665,-8.260333333333334
4.178333333333334,-8.231666666666667
4.17875,-8.216833333333334
4.179166666666666,-8.231499999999999
4.179583333333333,-8.260333333333334
4.18,-8.2965
4.180416666666667,-8.333333333333334
4.180833333333333,-8.368333333333332
4.18125,-8.391666666666667
4.181666666666667,-8.401666666666666
4.182083333333333,-8.394666666666668
4.1825,-8.377
4.182916666666666,-8.357166666666666
4.183333333333334,-8.3465
4.18375,-8.338833333333334
4.184166666666667,-8.329333333333333
4.184583333333333,-8.326833333333333
4.185,-8.323333333333332
4.185416666666667,-8.321666666666667
4.185833333333333,-8.3195
4.18625,-8.326166666666667
4.1866666666666665,-8.329500000000001
4.187083333333334,-8.340333333333334
4.1875,-8.353
4.187916666666666,-8.362333333333332
4.1883333333333335,-8.378333333333334
4.18875,-8.382333333333333
4.189166666666667,-8.393166666666668
4.189583333333333,-8.402499999999998
4.19,-8.408499999999998
4.190416666666667,-8.407833333333333
4.190833333333333,-8.390833333333333
4.19125,-8.367833333333332
4.191666666666666,-8.347666666666667
4.192083333333334,-8.332833333333333
4.1925,-8.327833333333333
4.192916666666667,-8.334166666666667
4.193333333333333,-8.336666666666666
4.19375,-8.357833333333334
4.194166666666667,-8.370166666666666
4.194583333333333,-8.375833333333333
4.195,-8.377
4.195416666666667,-8.368333333333332
4.195833333333334,-8.365833333333335
4.19625,-8.351666666666667
4.196666666666666,-8.347999999999999
4.1970833333333335,-8.346666666666666
4.1975,-8.340166666666667
4.197916666666667,-8.347833333333334
4.198333333333333,-8.356499999999999
4.19875,-8.367833333333332
4.199166666666667,-8.3955
4.199583333333333,-8.424666666666667
4.2,-8.457333333333333
4.2004166666666665,-8.477333333333334
4.200833333333334,-8.492833333333332
4.20125,-8.497166666666667
4.201666666666667,-8.479
4.202083333333333,-8.454666666666666
4.2025,-8.421999999999999
4.202916666666667,-8.397333333333334
4.203333333333333,-8.385166666666667
4.20375,-8.376833333333332
4.204166666666667,-8.359
4.204583333333333,-8.335333333333333
4.205,-8.306166666666668
4.205416666666666,-8.275999999999998
4.2058333333333335,-8.242333333333333
4.20625,-8.213999999999999
4.206666666666667,-8.192
4.207083333333333,-8.175333333333333
4.2075,-8.177666666666667
4.207916666666667,-8.187166666666668
4.208333333333333,-8.211333333333334
4.20875,-8.234166666666667
4.2091666666666665,-8.267000000000001
4.209583333333334,-8.299166666666666
4.21,-8.312333333333333
4.210416666666666,-8.310833333333333
4.210833333333333,-8.2835
4.21125,-8.258666666666665
4.211666666666667,-8.238999999999999
4.212083333333333,-8.234499999999999
4.2125,-8.250166666666667
4.212916666666667,-8.274500000000002
4.213333333333333,-8.306166666666668
4.21375,-8.338666666666667
4.214166666666666,-8.351
4.214583333333334,-8.348
4.215,-8.331666666666665
4.215416666666667,-8.3085
4.215833333333333,-8.286833333333332
4.21625,-8.270166666666666
4.216666666666667,-8.271166666666666
4.217083333333333,-8.29
4.2175,-8.312833333333332
4.2179166666666665,-8.338000000000001
4.218333333333334,-8.3675
4.21875,-8.387
4.219166666666666,-8.407333333333334
4.2195833333333335,-8.406166666666666
4.22,-8.386166666666666
4.220416666666667,-8.361166666666666
4.220833333333333,-8.329333333333333
4.22125,-8.307
4.221666666666667,-8.289
4.222083333333333,-8.278166666666666
4.2225,-8.284833333333333
4.222916666666666,-8.2945
4.223333333333334,-8.308
4.22375,-8.312666666666667
4.224166666666667,-8.315333333333333
4.224583333333333,-8.320833333333335
4.225,-8.33
4.225416666666667,-8.347666666666667
4.225833333333333,-8.354999999999999
4.22625,-8.3655
4.226666666666667,-8.363666666666667
4.227083333333334,-8.352166666666667
4.2275,-8.351666666666667
4.227916666666666,-8.345
4.2283333333333335,-8.340833333333332
4.22875,-8.3435
4.229166666666667,-8.336166666666665
4.229583333333333,-8.332666666666666
4.23,-8.322166666666666
4.230416666666667,-8.306666666666667
4.230833333333333,-8.3075
4.23125,-8.299166666666666
4.2316666666666665,-8.295499999999999
4.232083333333334,-8.292833333333334
4.2325,-8.272
4.232916666666667,-8.266333333333334
4.233333333333333,-8.272666666666668
4.23375,-8.296
4.234166666666667,-8.325666666666667
4.234583333333333,-8.352833333333335
4.235,-8.376666666666667
4.235416666666667,-8.386666666666667
4.235833333333333,-8.386000000000001
4.23625,-8.375333333333332
4.236666666666666,-8.366666666666665
4.2370833333333335,-8.359833333333333
4.2375,-8.361833333333333
4.237916666666667,-8.361166666666668
4.238333333333333,-8.340166666666667
4.23875,-8.3065
4.239166666666667,-8.2755
4.239583333333333,-8.246
4.24,-8.239666666666666
4.2404166666666665,-8.246833333333333
4.240833333333334,-8.254666666666667
4.24125,-8.274666666666667
4.241666666666666,-8.280999999999999
4.242083333333333,-8.295166666666667
4.2425,-8.312666666666667
4.242916666666667,-8.3285
4.243333333333333,-8.364333333333333
4.24375,-8.394499999999999
4.244166666666667,-8.426333333333334
4.244583333333333,-8.450666666666667
4.245,-8.453833333333334
4.245416666666666,-8.4565
4.245833333333334,-8.4395
4.24625,-8.421333333333333
4.246666666666667,-8.402333333333333
4.247083333333333,-8.3795
4.2475,-8.359333333333334
4.247916666666667,-8.336833333333333
4.248333333333333,-8.323333333333332
4.24875,-8.3025
4.2491666666666665,-8.289
4.249583333333334,-8.283333333333333
4.25,-8.281666666666666
4.250416666666666,-8.292499999999999
4.2508333333333335,-8.307666666666668
4.25125,-8.338499999999998
4.251666666666667,-8.364333333333333
4.252083333333333,-8.378
4.2525,-8.390833333333333
4.252916666666667,-8.382833333333332
4.253333333333333,-8.3695
4.25375,-8.354666666666667
4.254166666666666,-8.333166666666665
4.254583333333334,-8.3245
4.255,-8.325166666666668
4.255416666666667,-8.324666666666667
4.255833333333333,-8.327833333333333
4.25625,-8.320666666666666
4.256666666666667,-8.311833333333334
4.257083333333333,-8.308333333333332
4.2575,-8.299166666666666
4.257916666666667,-8.2975
4.258333333333334,-8.283333333333333
4.25875,-8.277000000000001
4.259166666666666,-8.282333333333334
4.2595833333333335,-8.286666666666667
4.26,-8.2825
4.260416666666667,-8.285333333333334
4.260833333333333,-8.289666666666667
4.26125,-8.296166666666666
4.261666666666667,-8.320166666666667
4.262083333333333,-8.333
4.2625,-8.337
4.2629166666666665,-8.32
4.263333333333334,-8.301833333333333
4.26375,-8.273166666666667
4.264166666666667,-8.244333333333334
4.264583333333333,-8.229999999999999
4.265,-8.231666666666667
4.265416666666667,-8.266499999999999
4.265833333333333,-8.306
4.26625,-8.339666666666668
4.266666666666667,-8.350166666666667
4.267083333333333,-8.343833333333333
4.2675,-8.329333333333333
4.267916666666666,-8.308666666666666
4.2683333333333335,-8.292666666666667
4.26875,-8.279333333333334
4.269166666666667,-8.2825
4.269583333333333,-8.281833333333333
4.27,-8.279333333333334
4.270416666666667,-8.270000000000001
4.270833333333333,-8.2605
4.27125,-8.271166666666668
4.2716666666666665,-8.272666666666668
4.272083333333334,-8.279333333333334
4.2725,-8.282000000000002
4.272916666666666,-8.279666666666666
4.273333333333333,-8.278333333333334
4.27375,-8.270999999999999
4.274166666666667,-8.264333333333333
4.274583333333333,-8.256333333333334
4.275,-8.257166666666668
4.275416666666667,-8.2525
4.275833333333333,-8.250666666666667
4.27625,-8.249166666666667
4.276666666666666,-8.241333333333335
4.277083333333334,-8.236333333333333
4.2775,-8.2275
4.277916666666667,-8.221333333333334
4.278333333333333,-8.217166666666666
4.27875,-8.2215
4.279166666666667,-8.229833333333334
4.279583333333333,-8.238999999999999
4.28,-8.247666666666667
4.2804166666666665,-8.251333333333333
4.280833333333334,-8.2505
4.28125,-8.245666666666667
4.281666666666666,-8.252
4.2820833333333335,-8.272
4.2825,-8.300666666666666
4.282916666666667,-8.338
4.283333333333333,-8.370333333333333
4.28375,-8.383666666666668
4.284166666666667,-8.3835
4.284583333333333,-8.365833333333333
4.285,-8.338500000000002
4.285416666666666,-8.313666666666665
4.285833333333334,-8.279833333333334
4.28625,-8.250833333333334
4.286666666666667,-8.2245
4.287083333333333,-8.208
4.2875,-8.213666666666667
4.287916666666667,-8.234
4.288333333333333,-8.267666666666665
4.28875,-8.303166666666668
4.289166666666667,-8.332666666666666
4.289583333333334,-8.358166666666667
4.29,-8.3665
4.290416666666666,-8.354166666666666
4.2908333333333335,-8.324333333333334
4.29125,-8.2895
4.291666666666667,-8.268333333333333
4.292083333333333,-8.259
4.2925,-8.2565
4.292916666666667,-8.256166666666667
4.293333333333333,-8.261666666666668
4.29375,-8.271500000000001
4.2941666666666665,-8.280166666666666
4.294583333333334,-8.275166666666667
4.295,-8.262333333333332
4.295416666666667,-8.252333333333333
4.295833333333333,-8.248
4.29625,-8.249
4.296666666666667,-8.255
4.297083333333333,-8.264333333333333
4.2975,-8.275333333333334
4.297916666666667,-8.292333333333334
4.298333333333333,-8.306333333333333
4.29875,-8.316
4.299166666666666,-8.318166666666666
4.2995833333333335,-8.308666666666667
4.3,-8.292833333333332
4.300416666666667,-8.261333333333333
4.300833333333333,-8.223999999999998
4.30125,-8.192333333333334
4.301666666666667,-8.1615
4.302083333333333,-8.147833333333333
4.3025,-8.161
4.3029166666666665,-8.194333333333335
4.303333333333334,-8.238833333333334
4.30375,-8.279833333333334
4.304166666666666,-8.316833333333333
4.304583333333333,-8.344333333333333
4.305,-8.356833333333332
4.305416666666667,-8.356666666666667
4.305833333333333,-8.351666666666667
4.30625,-8.349166666666667
4.306666666666667,-8.352666666666666
4.307083333333333,-8.348166666666666
4.3075,-8.340166666666667
4.307916666666666,-8.335166666666668
4.308333333333334,-8.328166666666666
4.30875,-8.335833333333333
4.309166666666667,-8.334833333333334
4.309583333333333,-8.334000000000001
4.31,-8.337666666666667
4.310416666666667,-8.349166666666667
4.310833333333333,-8.374833333333333
4.31125,-8.385166666666667
4.3116666666666665,-8.390666666666666
4.312083333333334,-8.388833333333332
4.3125,-8.369
4.312916666666666,-8.3405
4.3133333333333335,-8.306333333333335
4.31375,-8.274
4.314166666666667,-8.255333333333333
4.314583333333333,-8.261833333333334
4.315,-8.281666666666666
4.315416666666667,-8.312666666666665
4.315833333333333,-8.345166666666666
4.31625,-8.366833333333334
4.316666666666666,-8.378166666666667
4.317083333333334,-8.366166666666667
4.3175,-8.341833333333334
4.317916666666667,-8.303166666666668
4.318333333333333,-8.266666666666667
4.31875,-8.250166666666667
4.319166666666667,-8.249666666666668
4.319583333333333,-8.273166666666667
4.32,-8.2945
4.320416666666667,-8.310166666666667
4.320833333333334,-8.312833333333334
4.32125,-8.286
4.321666666666666,-8.257666666666665
4.3220833333333335,-8.220666666666668
4.3225,-8.196666666666665
4.322916666666667,-8.1935
4.323333333333333,-8.193
4.32375,-8.212000000000002
4.324166666666667,-8.22
4.324583333333333,-8.230333333333332
4.325,-8.252
4.3254166666666665,-8.263166666666669
4.325833333333334,-8.284166666666666
4.32625,-8.3065
4.326666666666667,-8.3255
4.327083333333333,-8.338666666666667
4.3275,-8.343666666666666
4.327916666666667,-8.3465
4.328333333333333,-8.338833333333334
4.32875,-8.333333333333334
4.329166666666667,-8.325666666666669
4.329583333333333,-8.318
4.33,-8.3085
4.330416666666666,-8.299166666666666
4.3308333333333335,-8.298
4.33125,-8.298499999999999
4.331666666666667,-8.3095
4.332083333333333,-8.328
4.3325,-8.351666666666668
4.332916666666667,-8.373833333333332
4.333333333333333,-8.398833333333334
4.33375,-8.413333333333334
4.3341666666666665,-8.415
4.334583333333334,-8.398000000000001
4.335,-8.363999999999999
4.335416666666666,-8.335500000000001
4.335833333333333,-8.308666666666667
4.33625,-8.297666666666666
4.336666666666667,-8.304666666666668
4.337083333333333,-8.319833333333333
4.3375,-8.337666666666665
4.337916666666667,-8.350333333333333
4.338333333333333,-8.347499999999998
4.33875,-8.3225
4.339166666666666,-8.280166666666666
4.339583333333334,-8.232333333333333
4.34,-8.195166666666667
4.340416666666667,-8.172333333333333
4.340833333333333,-8.167333333333334
4.34125,-8.173333333333334
4.341666666666667,-8.184333333333333
4.342083333333333,-8.196666666666667
4.3425,-8.207666666666666
4.3429166666666665,-8.2145
4.343333333333334,-8.219500000000002
4.34375,-8.227500000000001
4.344166666666666,-8.239166666666668
4.3445833333333335,-8.263499999999999
4.345,-8.2935
4.345416666666667,-8.314166666666667
4.345833333333333,-8.329333333333333
4.34625,-8.3335
4.346666666666667,-8.328666666666667
4.347083333333333,-8.323
4.3475,-8.310666666666668
4.347916666666666,-8.304
4.348333333333334,-8.304
4.34875,-8.315166666666666
4.349166666666667,-8.338833333333334
4.349583333333333,-8.357833333333334
4.35,-8.367833333333333
4.350416666666667,-8.354
4.350833333333333,-8.3255
4.35125,-8.295499999999999
4.351666666666667,-8.255
4.352083333333334,-8.2305
4.3525,-8.218833333333334
4.352916666666666,-8.211833333333333
4.3533333333333335,-8.219166666666666
4.35375,-8.219666666666667
4.354166666666667,-8.223166666666668
4.354583333333333,-8.215166666666667
4.355,-8.203166666666666
4.355416666666667,-8.209333333333333
4.355833333333333,-8.210166666666668
4.35625,-8.218000000000002
4.3566666666666665,-8.226166666666666
4.357083333333334,-8.228333333333333
4.3575,-8.222166666666666
4.357916666666667,-8.213
4.358333333333333,-8.209999999999999
4.35875,-8.2085
4.359166666666667,-8.211833333333333
4.359583333333333,-8.215
4.36,-8.214166666666666
4.360416666666667,-8.207833333333333
4.360833333333333,-8.1995
4.36125,-8.197833333333334
4.361666666666666,-8.212
4.3620833333333335,-8.230333333333334
4.3625,-8.259833333333333
4.362916666666667,-8.285666666666666
4.363333333333333,-8.295666666666667
4.36375,-8.290333333333333
4.364166666666667,-8.264333333333333
4.364583333333333,-8.228166666666667
4.365,-8.197000000000001
4.3654166666666665,-8.182
4.365833333333334,-8.193166666666668
4.36625,-8.214
4.366666666666666,-8.245666666666667
4.367083333333333,-8.285333333333334
4.3675,-8.3125
4.367916666666667,-8.330666666666666
4.368333333333333,-8.3285
4.36875,-8.315500000000002
4.369166666666667,-8.285333333333334
4.369583333333333,-8.247833333333332
4.37,-8.219833333333334
4.370416666666666,-8.187333333333333
4.370833333333334,-8.166333333333332
4.37125,-8.161166666666666
4.371666666666667,-8.164833333333332
4.372083333333333,-8.187
4.3725,-8.208333333333334
4.372916666666667,-8.226666666666667
4.373333333333333,-8.234333333333334
4.37375,-8.224499999999999
4.3741666666666665,-8.212166666666667
4.374583333333334,-8.195333333333334
4.375,-8.191166666666668
4.375416666666666,-8.205833333333333
4.3758333333333335,-8.239666666666666
4.37625,-8.280666666666667
4.376666666666667,-8.317666666666666
4.377083333333333,-8.348833333333333
4.3775,-8.363
4.377916666666667,-8.359
4.378333333333333,-8.345166666666666
4.37875,-8.328666666666665
4.379166666666666,-8.321
4.379583333333334,-8.319333333333333
4.38,-8.323333333333334
4.380416666666667,-8.335166666666668
4.380833333333333,-8.3425
4.38125,-8.355166666666667
4.381666666666667,-8.356166666666667
4.382083333333333,-8.339999999999998
4.3825,-8.322833333333334
4.382916666666667,-8.3025
4.383333333333334,-8.287333333333333
4.38375,-8.275333333333334
4.384166666666666,-8.269499999999999
4.3845833333333335,-8.279166666666667
4.385,-8.291833333333333
4.385416666666667,-8.314833333333334
4.385833333333333,-8.338833333333334
4.38625,-8.3575
4.386666666666667,-8.382166666666667
4.387083333333333,-8.383333333333333
4.3875,-8.382166666666668
4.3879166666666665,-8.372
4.388333333333334,-8.339500000000001
4.38875,-8.307833333333333
4.389166666666667,-8.273333333333333
4.389583333333333,-8.250166666666667
4.39,-8.237
4.390416666666667,-8.222666666666667
4.390833333333333,-8.220333333333334
4.39125,-8.218166666666667
4.391666666666667,-8.215166666666667
4.392083333333333,-8.218166666666667
4.3925,-8.208166666666665
4.392916666666666,-8.191166666666666
4.3933333333333335,-8.192333333333334
4.39375,-8.199333333333334
4.394166666666667,-8.216000000000001
4.394583333333333,-8.248333333333335
4.395,-8.273333333333333
4.395416666666667,-8.311166666666667
4.395833333333333,-8.329833333333333
4.39625,-8.332333333333333
4.3966666666666665,-8.321166666666668
4.397083333333334,-8.285
4.3975,-8.259666666666668
4.397916666666666,-8.224333333333332
4.398333333333333,-8.182666666666668
4.39875,-8.147833333333333
4.399166666666667,-8.132333333333333
4.399583333333333,-8.142833333333334
4.4,-8.170666666666667
4.400416666666667,-8.207666666666666
4.400833333333333,-8.241833333333334
4.40125,-8.263666666666666
4.401666666666666,-8.272166666666665
4.402083333333334,-8.272666666666666
4.4025,-8.252333333333334
4.402916666666667,-8.236166666666668
4.403333333333333,-8.238333333333335
4.40375,-8.242166666666668
4.404166666666667,-8.256833333333333
4.404583333333333,-8.266833333333333
4.405,-8.280666666666667
4.4054166666666665,-8.293833333333334
4.405833333333334,-8.3005
4.40625,-8.316999999999998
4.406666666666666,-8.321499999999999
4.4070833333333335,-8.323166666666667
4.4075,-8.3235
4.407916666666667,-8.310333333333334
4.408333333333333,-8.302
4.40875,-8.301333333333332
4.409166666666667,-8.300166666666668
4.409583333333333,-8.305833333333334
4.41,-8.309
4.410416666666666,-8.305833333333334
4.410833333333334,-8.299666666666667
4.41125,-8.278999999999998
4.411666666666667,-8.251666666666667
4.412083333333333,-8.223333333333334
4.4125,-8.209
4.412916666666667,-8.219166666666666
4.413333333333333,-8.242333333333333
4.41375,-8.277333333333333
4.414166666666667,-8.3165
4.414583333333334,-8.353333333333333
4.415,-8.379
4.415416666666666,-8.397833333333333
4.4158333333333335,-8.408833333333334
4.41625,-8.418833333333334
4.416666666666667,-8.427833333333334
4.417083333333333,-8.425333333333333
4.4175,-8.419833333333335
4.417916666666667,-8.402833333333334
4.418333333333333,-8.388666666666667
4.41875,-8.377666666666666
4.4191666666666665,-8.366
4.419583333333334,-8.360833333333334
4.42,-8.359833333333333
4.420416666666667,-8.364666666666666
4.420833333333333,-8.367333333333333
4.42125,-8.372
4.421666666666667,-8.380833333333333
4.422083333333333,-8.395833333333334
4.4225,-8.407
4.422916666666667,-8.409333333333334
4.423333333333333,-8.415000000000001
4.42375,-8.420833333333333
4.424166666666666,-8.430833333333332
4.4245833333333335,-8.443333333333333
4.425,-8.450833333333334
4.425416666666667,-8.453166666666666
4.425833333333333,-8.444166666666666
4.42625,-8.417833333333332
4.426666666666667,-8.391499999999999
4.427083333333333,-8.367166666666668
4.4275,-8.361833333333333
4.4279166666666665,-8.366333333333333
4.428333333333334,-8.370833333333334
4.42875,-8.3705
4.429166666666666,-8.361666666666666
4.429583333333333,-8.350833333333332
4.43,-8.319166666666666
4.430416666666667,-8.291833333333335
4.430833333333333,-8.255333333333333
4.43125,-8.234166666666667
4.431666666666667,-8.223666666666666
4.432083333333333,-8.212833333333334
4.4325,-8.215666666666666
4.432916666666666,-8.214166666666666
4.433333333333334,-8.216999999999999
4.43375,-8.216333333333333
4.434166666666667,-8.218833333333334
4.434583333333333,-8.222999999999999
4.435,-8.235833333333334
4.435416666666667,-8.256166666666665
4.435833333333333,-8.273833333333334
4.43625,-8.293166666666666
4.4366666666666665,-8.314
4.437083333333334,-8.333333333333334
4.4375,-8.344
4.437916666666666,-8.351833333333333
4.4383333333333335,-8.348500000000001
4.43875,-8.340166666666667
4.439166666666667,-8.325833333333334
4.439583333333333,-8.3045
4.44,-8.289666666666667
4.440416666666667,-8.268666666666666
4.440833333333333,-8.268666666666666
4.44125,-8.275
4.441666666666666,-8.280833333333334
4.442083333333334,-8.301833333333333
4.4425,-8.310333333333332
4.442916666666667,-8.326833333333333
4.443333333333333,-8.332333333333333
4.44375,-8.323666666666666
4.444166666666667,-8.3105
4.444583333333333,-8.287166666666666
4.445,-8.275833333333333
4.445416666666667,-8.268333333333333
4.445833333333334,-8.275
4.44625,-8.297
4.446666666666666,-8.31
4.4470833333333335,-8.316
4.4475,-8.304666666666666
4.447916666666667,-8.2725
4.448333333333333,-8.238166666666666
4.44875,-8.199333333333334
4.449166666666667,-8.176666666666668
4.449583333333333,-8.159
4.45,-8.142666666666667
4.4504166666666665,-8.153666666666668
4.450833333333334,-8.159333333333333
4.45125,-8.1735
4.451666666666667,-8.190333333333333
4.452083333333333,-8.199333333333334
4.4525,-8.218833333333334
4.452916666666667,-8.233500000000001
4.453333333333333,-8.255833333333333
4.45375,-8.273666666666667
4.454166666666667,-8.276666666666666
4.454583333333333,-8.281833333333333
4.455,-8.277333333333333
4.455416666666666,-8.252666666666666
4.4558333333333335,-8.228000000000002
4.45625,-8.197833333333334
4.456666666666667,-8.167333333333334
4.457083333333333,-8.1525
4.4575,-8.148666666666667
4.457916666666667,-8.148833333333334
4.458333333333333,-8.147499999999999
4.45875,-8.143666666666666
4.4591666666666665,-8.138499999999999
4.459583333333334,-8.127
4.46,-8.113833333333334
4.460416666666666,-8.112833333333333
4.460833333333333,-8.113666666666665
4.46125,-8.1205
4.461666666666667,-8.141499999999999
4.462083333333333,-8.154666666666666
4.4625,-8.171
4.462916666666667,-8.1915
4.463333333333333,-8.2055
4.46375,-8.223833333333333
4.464166666666666,-8.235166666666666
4.464583333333334,-8.249166666666667
4.465,-8.266333333333334
4.465416666666667,-8.272833333333333
4.465833333333333,-8.281166666666666
4.46625,-8.283
4.466666666666667,-8.270666666666665
4.467083333333333,-8.259833333333333
4.4675,-8.229666666666667
4.4679166666666665,-8.197000000000001
4.468333333333334,-8.167333333333334
4.46875,-8.133333333333333
4.469166666666666,-8.115833333333335
4.4695833333333335,-8.101833333333333
4.47,-8.1045
4.470416666666667,-8.121833333333333
4.470833333333333,-8.135166666666667
4.47125,-8.1565
4.471666666666667,-8.174333333333333
4.472083333333333,-8.190166666666668
4.4725,-8.207666666666666
4.472916666666666,-8.2235
4.473333333333334,-8.243666666666668
4.47375,-8.264333333333333
4.474166666666667,-8.273
4.474583333333333,-8.276166666666667
4.475,-8.266833333333333
4.475416666666667,-8.2415
4.475833333333333,-8.231833333333334
4.47625,-8.216333333333333
4.476666666666667,-8.216166666666666
4.477083333333334,-8.229000000000001
4.4775,-8.234166666666667
4.477916666666666,-8.243166666666667
4.4783333333333335,-8.231833333333334
4.47875,-8.226666666666667
4.479166666666667,-8.218166666666667
4.479583333333333,-8.199333333333334
4.48,-8.185
4.480416666666667,-8.167333333333334
4.480833333333333,-8.162333333333333
4.48125,-8.165166666666666
4.4816666666666665,-8.165166666666666
4.482083333333334,-8.165833333333333
4.4825,-8.166666666666666
4.482916666666667,-8.170333333333334
4.483333333333333,-8.168666666666667
4.48375,-8.1585
4.484166666666667,-8.158166666666666
4.484583333333333,-8.16
4.485,-8.171
4.485416666666667,-8.178666666666667
4.485833333333333,-8.17
4.48625,-8.168666666666667
4.486666666666666,-8.168833333333334
4.4870833333333335,-8.183
4.4875,-8.207500000000001
4.487916666666667,-8.232666666666667
4.488333333333333,-8.255166666666666
4.48875,-8.258666666666665
4.489166666666667,-8.253833333333333
4.489583333333333,-8.240666666666668
4.49,-8.226333333333335
4.4904166666666665,-8.216666666666667
4.490833333333334,-8.222666666666667
4.49125,-8.225833333333334
4.491666666666666,-8.232333333333333
4.492083333333333,-8.245833333333332
4.4925,-8.2415
4.492916666666667,-8.2525
4.493333333333333,-8.257666666666667
4.49375,-8.262
4.494166666666667,-8.266666666666667
4.494583333333333,-8.248
4.495,-8.245166666666668
4.495416666666666,-8.236833333333331
4.495833333333334,-8.228
4.49625,-8.229833333333334
4.496666666666667,-8.213999999999999
4.497083333333333,-8.202333333333334
4.4975,-8.186166666666667
4.497916666666667,-8.163833333333335
4.498333333333333,-8.154833333333334
4.49875,-8.158666666666667
4.4991666666666665,-8.178833333333333
4.499583333333334,-8.212666666666667
4.5,-8.2505
4.500416666666666,-8.279666666666666
4.5008333333333335,-8.2985
4.50125,-8.306333333333333
4.501666666666667,-8.306833333333335
4.502083333333333,-8.300166666666666
4.5025,-8.286333333333333
4.502916666666667,-8.277000000000001
4.503333333333333,-8.271500000000001
4.50375,-8.265666666666666
4.504166666666666,-8.271333333333333
4.504583333333334,-8.2765
4.505,-8.282166666666667
4.505416666666667,-8.293
4.505833333333333,-8.294833333333335
4.50625,-8.296833333333334
4.506666666666667,-8.298666666666668
4.507083333333333,-8.302
4.5075,-8.313666666666666
4.507916666666667,-8.316666666666666
4.508333333333334,-8.316833333333333
4.50875,-8.317
4.509166666666666,-8.305333333333335
4.5095833333333335,-8.297333333333333
4.51,-8.277000000000001
4.510416666666667,-8.257666666666665
4.510833333333333,-8.245833333333332
4.51125,-8.225333333333333
4.511666666666667,-8.214333333333334
4.512083333333333,-8.203666666666665
4.5125,-8.204666666666666
4.5129166666666665,-8.228333333333333
4.513333333333334,-8.253166666666667
4.51375,-8.281333333333334
4.514166666666667,-8.301833333333333
4.514583333333333,-8.312666666666665
4.515,-8.311166666666667
4.515416666666667,-8.298333333333334
4.515833333333333,-8.282833333333334
4.51625,-8.259333333333332
4.516666666666667,-8.247166666666667
4.517083333333333,-8.233833333333335
4.5175,-8.231666666666667
4.517916666666666,-8.227666666666666
4.5183333333333335,-8.2195
4.51875,-8.2155
4.519166666666667,-8.188333333333333
4.519583333333333,-8.163166666666667
4.52,-8.131499999999999
4.520416666666667,-8.098666666666666
4.520833333333333,-8.092333333333334
4.52125,-8.107333333333333
4.5216666666666665,-8.140666666666666
4.522083333333334,-8.172666666666666
4.5225,-8.184
4.522916666666666,-8.177833333333334
4.523333333333333,-8.166500000000001
4.52375,-8.152166666666666
4.524166666666667,-8.138333333333334
4.524583333333333,-8.130666666666666
4.525,-8.130333333333333
4.525416666666667,-8.144333333333334
4.525833333333333,-8.159333333333333
4.52625,-8.1665
4.526666666666666,-8.169333333333332
4.527083333333334,-8.1645
4.5275,-8.168666666666667
4.527916666666667,-8.173166666666667
4.528333333333333,-8.159
4.52875,-8.143666666666666
4.529166666666667,-8.131333333333332
4.529583333333333,-8.116
4.53,-8.106166666666667
4.5304166666666665,-8.100833333333334
4.530833333333334,-8.093666666666666
4.53125,-8.088000000000001
4.531666666666666,-8.0845
4.5320833333333335,-8.087666666666667
4.5325,-8.0945
4.532916666666667,-8.102666666666666
4.533333333333333,-8.118166666666665
4.53375,-8.129333333333333
4.534166666666667,-8.129166666666666
4.534583333333333,-8.119000000000002
4.535,-8.088833333333334
4.535416666666666,-8.055166666666667
4.535833333333334,-8.033666666666667
4.53625,-8.0305
4.536666666666667,-8.053666666666667
4.537083333333333,-8.095
4.5375,-8.150500000000001
4.537916666666667,-8.200166666666668
4.538333333333333,-8.237499999999999
4.53875,-8.262666666666668
4.539166666666667,-8.257166666666667
4.539583333333334,-8.237
4.54,-8.212666666666665
4.540416666666666,-8.178666666666667
4.5408333333333335,-8.148833333333334
4.54125,-8.122166666666667
4.541666666666667,-8.119000000000002
4.542083333333333,-8.122166666666667
4.5425,-8.121333333333334
4.542916666666667,-8.1335
4.543333333333333,-8.138166666666669
4.54375,-8.144166666666667
4.5441666666666665,-8.144499999999999
4.544583333333334,-8.150166666666665
4.545,-8.163166666666667
4.545416666666667,-8.174166666666666
4.545833333333333,-8.188
4.54625,-8.195833333333333
4.546666666666667,-8.196
4.547083333333333,-8.188833333333333
4.5475,-8.1855
4.547916666666667,-8.179166666666667
4.548333333333333,-8.166333333333334
4.54875,-8.146333333333333
4.549166666666666,-8.126166666666666
4.5495833333333335,-8.103333333333333
4.55,-8.068333333333333
4.550416666666667,-8.043999999999999
4.550833333333333,-8.0385
4.55125,-8.043000000000001
4.551666666666667,-8.062833333333334
4.552083333333333,-8.084333333333333
4.5525,-8.1115
4.5529166666666665,-8.128
4.553333333333334,-8.133333333333333
4.55375,-8.144166666666665
4.554166666666666,-8.139833333333334
4.554583333333333,-8.146500000000001
4.555,-8.163
4.555416666666667,-8.1785
4.555833333333333,-8.192833333333333
4.55625,-8.1945
4.556666666666667,-8.201166666666666
4.557083333333333,-8.202166666666667
4.5575,-8.196166666666668
4.557916666666666,-8.2055
4.558333333333334,-8.207166666666666
4.55875,-8.198666666666666
4.559166666666667,-8.183166666666667
4.559583333333333,-8.162166666666666
4.56,-8.152000000000001
4.560416666666667,-8.145666666666667
4.560833333333333,-8.145166666666666
4.56125,-8.142333333333333
4.5616666666666665,-8.127
4.562083333333334,-8.109666666666667
4.5625,-8.089333333333334
4.562916666666666,-8.059666666666667
4.5633333333333335,-8.037833333333333
4.56375,-8.042333333333334
4.564166666666667,-8.065
4.564583333333333,-8.101166666666666
4.565,-8.132833333333332
4.565416666666667,-8.164333333333333
4.565833333333333,-8.197000000000001
4.56625,-8.228500000000002
4.566666666666666,-8.257666666666667
4.567083333333334,-8.260833333333332
4.5675,-8.249666666666666
4.567916666666667,-8.218
4.568333333333333,-8.186333333333334
4.56875,-8.151666666666666
4.569166666666667,-8.126166666666666
4.569583333333333,-8.124333333333333
4.57,-8.134
4.570416666666667,-8.163166666666667
4.570833333333334,-8.183
4.57125,-8.199166666666667
4.571666666666666,-8.2035
4.5720833333333335,-8.2025
4.5725,-8.203333333333333
4.572916666666667,-8.202833333333333
4.573333333333333,-8.207166666666666
4.57375,-8.198500000000001
4.574166666666667,-8.188833333333333
4.574583333333333,-8.177000000000001
4.575,-8.154666666666666
4.5754166666666665,-8.131
4.575833333333334,-8.1095
4.57625,-8.0955
4.576666666666667,-8.086833333333333
4.577083333333333,-8.089
4.5775,-8.1045
4.577916666666667,-8.116999999999999
4.578333333333333,-8.129666666666667
4.57875,-8.145833333333334
4.579166666666667,-8.158499999999998
4.579583333333333,-8.156999999999998
4.58,-8.146333333333333
4.580416666666666,-8.1335
4.5808333333333335,-8.119666666666665
4.58125,-8.122
4.581666666666667,-8.1385
4.582083333333333,-8.158666666666667
4.5825,-8.1685
4.582916666666667,-8.1715
4.583333333333333,-8.169333333333332
4.58375,-8.151166666666667
4.5841666666666665,-8.139666666666669
4.584583333333334,-8.142833333333334
4.585,-8.161
4.585416666666666,-8.190833333333332
4.585833333333333,-8.221833333333333
4.58625,-8.2465
4.586666666666667,-8.244
4.587083333333333,-8.2215
4.5875,-8.1855
4.587916666666667,-8.143500000000001
4.588333333333333,-8.100166666666667
4.58875,-8.065833333333332
4.589166666666666,-8.0525
4.589583333333334,-8.042666666666667
4.59,-8.052333333333332
4.590416666666667,-8.0665
4.590833333333333,-8.084999999999999
4.59125,-8.098166666666666
4.591666666666667,-8.095166666666666
4.592083333333333,-8.094
4.5925,-8.076333333333332
4.5929166666666665,-8.064166666666667
4.593333333333334,-8.048
4.59375,-8.034
4.594166666666666,-8.0295
4.5945833333333335,-8.0345
4.595,-8.053666666666667
4.595416666666667,-8.0655
4.595833333333333,-8.082
4.59625,-8.094333333333333
4.596666666666667,-8.111333333333334
4.597083333333333,-8.132166666666667
4.5975,-8.148666666666665
4.597916666666666,-8.160333333333334
4.598333333333334,-8.161166666666666
4.59875,-8.158833333333334
4.599166666666667,-8.137666666666666
4.599583333333333,-8.105666666666666
4.6,-8.071166666666665
4.600416666666667,-8.037333333333335
4.600833333333333,-8.019499999999999
4.60125,-8.010666666666667
4.601666666666667,-8.015500000000001
4.602083333333334,-8.026833333333334
4.6025,-8.046333333333333
4.602916666666666,-8.076500000000001
4.6033333333333335,-8.103166666666665
4.60375,-8.129333333333333
4.604166666666667,-8.1415
4.604583333333333,-8.140833333333333
4.605,-8.127
4.605416666666667,-8.095833333333333
4.605833333333333,-8.065166666666666
4.60625,-8.035333333333334
4.6066666666666665,-8.027500000000002
4.607083333333334,-8.032833333333334
4.6075,-8.041833333333335
4.607916666666667,-8.053833333333332
4.608333333333333,-8.055666666666665
4.60875,-8.062666666666667
4.609166666666667,-8.0675
4.609583333333333,-8.068
4.61,-8.070333333333332
4.610416666666667,-8.068333333333333
4.610833333333333,-8.070333333333332
4.61125,-8.063833333333333
4.611666666666666,-8.047166666666666
4.6120833333333335,-8.029833333333332
4.6125,-8.021166666666666
4.612916666666667,-8.028666666666666
4.613333333333333,-8.036833333333332
4.61375,-8.0425
4.614166666666667,-8.045666666666667
4.614583333333333,-8.037833333333333
4.615,-8.0265
4.6154166666666665,-8.013166666666665
4.615833333333334,-7.9925
4.61625,-7.974666666666668
4.616666666666666,-7.962500000000001
4.617083333333333,-7.954833333333333
4.6175,-7.953333333333333
4.617916666666667,-7.958833333333334
4.618333333333333,-7.975333333333334
4.61875,-7.995000000000001
4.619166666666667,-8.022166666666665
4.619583333333333,-8.048333333333334
4.62,-8.064833333333334
4.620416666666666,-8.079833333333333
4.620833333333334,-8.085333333333333
4.62125,-8.091333333333333
4.621666666666667,-8.094499999999998
4.622083333333333,-8.097999999999999
4.6225,-8.094166666666666
4.622916666666667,-8.082500000000001
4.623333333333333,-8.078833333333334
4.62375,-8.073333333333332
4.6241666666666665,-8.069333333333333
4.624583333333334,-8.059833333333332
4.625,-8.051666666666668
4.625416666666666,-8.045166666666667
4.6258333333333335,-8.036499999999998
4.62625,-8.028833333333333
4.626666666666667,-8.015833333333333
4.627083333333333,-8.006666666666668
4.6275,-8.01
4.627916666666667,-8.023166666666667
4.628333333333333,-8.040166666666666
4.62875,-8.055000000000001
4.629166666666666,-8.062833333333332
4.629583333333334,-8.068166666666666
4.63,-8.056333333333333
4.630416666666667,-8.038666666666666
4.630833333333333,-8.012833333333333
4.63125,-7.985666666666667
4.631666666666667,-7.977666666666667
4.632083333333333,-7.980333333333333
4.6325,-8.000666666666666
4.632916666666667,-8.0205
4.633333333333334,-8.043500000000002
4.63375,-8.059833333333334
4.634166666666666,-8.058166666666667
4.6345833333333335,-8.049666666666667
4.635,-8.033666666666667
4.635416666666667,-8.009500000000001
4.635833333333333,-7.992999999999999
4.63625,-7.9845
4.636666666666667,-7.9831666666666665
4.637083333333333,-7.9905
4.6375,-7.995500000000001
4.6379166666666665,-8.01
4.638333333333334,-8.0115
4.63875,-8.015666666666666
4.639166666666667,-8.014999999999999
4.639583333333333,-8.009500000000001
4.64,-8.013333333333334
4.640416666666667,-8.029333333333334
4.640833333333333,-8.054833333333333
4.64125,-8.078833333333334
4.641666666666667,-8.098666666666666
4.642083333333333,-8.110833333333334
4.6425,-8.11
4.642916666666666,-8.0875
4.6433333333333335,-8.072833333333334
4.64375,-8.044166666666667
4.644166666666667,-8.031
4.644583333333333,-8.033166666666666
4.645,-8.037166666666666
4.645416666666667,-8.052833333333334
4.645833333333333,-8.061166666666667
4.64625,-8.076666666666666
4.6466666666666665,-8.080166666666667
4.647083333333334,-8.074333333333334
4.6475,-8.068333333333333
4.647916666666666,-8.068
4.648333333333333,-8.078666666666667
4.64875,-8.094666666666667
4.649166666666667,-8.121333333333332
4.649583333333333,-8.139333333333333
4.65,-8.158500000000002
4.650416666666667,-8.166666666666666
4.650833333333333,-8.1595
4.65125,-8.149833333333333
4.651666666666666,-8.1305
4.652083333333334,-8.115
4.6525,-8.090666666666666
4.652916666666667,-8.066833333333333
4.653333333333333,-8.034333333333333
4.65375,-8.014166666666666
4.654166666666667,-8.017166666666666
4.654583333333333,-8.029
4.655,-8.0635
4.6554166666666665,-8.085666666666667
4.655833333333334,-8.108333333333333
4.65625,-8.121166666666666
4.656666666666666,-8.1085
4.6570833333333335,-8.094833333333334
4.6575,-8.0755
4.657916666666667,-8.0605
4.658333333333333,-8.049166666666666
4.65875,-8.045
4.659166666666667,-8.045166666666667
4.659583333333333,-8.046333333333333
4.66,-8.052166666666666
4.660416666666666,-8.054666666666666
4.660833333333334,-8.042333333333334
4.66125,-8.020000000000001
4.661666666666667,-7.9976666666666665
4.662083333333333,-7.9775
4.6625,-7.966833333333333
4.662916666666667,-7.972
4.663333333333333,-8.000666666666667
4.66375,-8.034666666666666
4.664166666666667,-8.060333333333334
4.664583333333334,-8.0625
4.665,-8.038833333333335
4.665416666666666,-8.007833333333334
4.6658333333333335,-7.979166666666667
4.66625,-7.9665
4.666666666666667,-7.964500000000001
4.667083333333333,-7.983333333333333
4.6675,-8.013333333333334
4.667916666666667,-8.036333333333333
4.668333333333333,-8.057333333333334
4.66875,-8.061
4.6691666666666665,-8.064166666666667
4.669583333333334,-8.061166666666667
4.67,-8.0495
4.670416666666667,-8.0345
4.670833333333333,-8.008833333333333
4.67125,-7.984666666666667
4.671666666666667,-7.9558333333333335
4.672083333333333,-7.940666666666668
4.6725,-7.930666666666667
4.672916666666667,-7.9425
4.673333333333333,-7.965833333333333
4.67375,-7.987666666666666
4.674166666666666,-8.011
4.6745833333333335,-8.033666666666667
4.675,-8.068666666666667
4.675416666666667,-8.0955
4.675833333333333,-8.130833333333333
4.67625,-8.156666666666666
4.676666666666667,-8.169166666666667
4.677083333333333,-8.1715
4.6775,-8.1505
4.6779166666666665,-8.129333333333333
4.678333333333334,-8.1105
4.67875,-8.093833333333333
4.679166666666666,-8.097999999999999
4.679583333333333,-8.104666666666667
4.68,-8.114500000000001
4.680416666666667,-8.118
4.680833333333333,-8.108500000000001
4.68125,-8.0975
4.681666666666667,-8.079500000000001
4.682083333333333,-8.055
4.6825,-8.032
4.682916666666666,-8.006
4.683333333333334,-7.977166666666666
4.68375,-7.966000000000001
4.684166666666667,-7.9575000000000005
4.684583333333333,-7.952500000000001
4.685,-7.947333333333333
4.685416666666667,-7.9396666666666675
4.685833333333333,-7.929666666666667
4.68625,-7.917333333333333
4.6866666666666665,-7.9135
4.687083333333334,-7.919333333333333
4.6875,-7.935666666666666
4.687916666666666,-7.9558333333333335
4.6883333333333335,-7.971333333333334
4.68875,-7.970666666666666
4.689166666666667,-7.957333333333334
4.689583333333333,-7.9355
4.69,-7.9110000000000005
4.690416666666667,-7.8965000000000005
4.690833333333333,-7.896999999999999
4.69125,-7.910666666666667
4.691666666666666,-7.9355
4.692083333333334,-7.9645
4.6925,-7.982500000000001
4.692916666666667,-7.996166666666667
4.693333333333333,-8.001833333333334
4.69375,-7.9975
4.694166666666667,-7.989666666666667
4.694583333333333,-7.968333333333334
4.695,-7.955666666666667
4.695416666666667,-7.959166666666667
4.695833333333334,-7.964833333333334
4.69625,-7.985833333333333
4.696666666666666,-8.006666666666666
4.6970833333333335,-8.033333333333333
4.6975,-8.064833333333334
4.697916666666667,-8.083333333333334
4.698333333333333,-8.090333333333334
4.69875,-8.087166666666667
4.699166666666667,-8.078666666666667
4.699583333333333,-8.077
4.7,-8.079333333333333
4.7004166666666665,-8.068333333333333
4.700833333333334,-8.063666666666668
4.70125,-8.053166666666668
4.701666666666667,-8.051
4.702083333333333,-8.057166666666667
4.7025,-8.062166666666666
4.702916666666667,-8.073333333333332
4.703333333333333,-8.076166666666666
4.70375,-8.082666666666666
4.704166666666667,-8.081666666666665
4.704583333333333,-8.090166666666667
4.705,-8.098666666666666
4.705416666666666,-8.1105
4.7058333333333335,-8.132499999999999
4.70625,-8.140833333333333
4.706666666666667,-8.13
4.707083333333333,-8.095833333333333
4.7075,-8.0465
4.707916666666667,-8.006833333333333
4.708333333333333,-7.987166666666667
4.70875,-7.9864999999999995
4.7091666666666665,-8.0075
4.709583333333334,-8.022666666666668
4.71,-8.0405
4.710416666666666,-8.0415
4.710833333333333,-8.026
4.71125,-8.0225
4.711666666666667,-8.026166666666667
4.712083333333333,-8.049166666666666
4.7125,-8.0695
4.712916666666667,-8.073166666666667
4.713333333333333,-8.055166666666667
4.71375,-8.024333333333333
4.714166666666666,-7.991166666666666
4.714583333333334,-7.964833333333334
4.715,-7.959499999999999
4.715416666666667,-7.971333333333334
4.715833333333333,-7.998166666666667
4.71625,-8.0105
4.716666666666667,-8.007
4.717083333333333,-7.992166666666667
4.7175,-7.977833333333333
4.7179166666666665,-7.988500000000001
4.718333333333334,-8.012666666666666
4.71875,-8.047666666666666
4.719166666666666,-8.076166666666667
4.7195833333333335,-8.091666666666667
4.72,-8.095666666666666
4.720416666666667,-8.089
4.720833333333333,-8.079833333333331
4.72125,-8.068666666666667
4.721666666666667,-8.0595
4.722083333333333,-8.045166666666667
4.7225,-8.037166666666666
4.722916666666666,-8.026666666666666
4.723333333333334,-8.020166666666666
4.72375,-8.032166666666667
4.724166666666667,-8.046
4.724583333333333,-8.0645
4.725,-8.076666666666666
4.725416666666667,-8.079166666666666
4.725833333333333,-8.083833333333333
4.72625,-8.089333333333334
4.726666666666667,-8.088833333333334
4.727083333333334,-8.090499999999999
4.7275,-8.082666666666666
4.727916666666666,-8.069333333333333
4.7283333333333335,-8.062333333333333
4.72875,-8.045833333333333
4.729166666666667,-8.059
4.729583333333333,-8.076166666666667
4.73,-8.090666666666666
4.730416666666667,-8.114166666666668
4.730833333333333,-8.1065
4.73125,-8.092333333333334
4.7316666666666665,-8.070166666666667
4.732083333333334,-8.047
4.7325,-8.041666666666666
4.732916666666667,-8.044500000000001
4.733333333333333,-8.060833333333333
4.73375,-8.072833333333334
4.734166666666667,-8.066
4.734583333333333,-8.055000000000001
4.735,-8.037166666666666
4.735416666666667,-8.014000000000001
4.735833333333333,-7.9976666666666665
4.73625,-7.988333333333334
4.736666666666666,-7.989
4.7370833333333335,-7.9941666666666675
4.7375,-7.991499999999999
4.737916666666667,-7.984666666666667
4.738333333333333,-7.9750000000000005
4.73875,-7.969666666666668
4.739166666666667,-7.975833333333333
4.739583333333333,-7.9865
4.74,-7.999833333333334
4.7404166666666665,-8.0205
4.740833333333334,-8.038833333333335
4.74125,-8.046666666666667
4.741666666666666,-8.044333333333332
4.742083333333333,-8.0375
4.7425,-8.030500000000002
4.742916666666667,-8.021833333333333
4.743333333333333,-8.019833333333333
4.74375,-8.021166666666666
4.744166666666667,-8.019166666666665
4.744583333333333,-8.021166666666668
4.745,-8.026833333333334
4.745416666666666,-8.029333333333334
4.745833333333334,-8.024833333333333
4.74625,-8.014666666666667
4.746666666666667,-8.003666666666668
4.747083333333333,-7.9913333333333325
4.7475,-7.987333333333335
4.747916666666667,-7.988166666666667
4.748333333333333,-7.992
4.74875,-8.0065
4.7491666666666665,-8.017
4.749583333333334,-8.023666666666665
4.75,-8.023166666666667
4.750416666666666,-8.009333333333334
4.7508333333333335,-7.9905
4.75125,-7.9735000000000005
4.751666666666667,-7.963000000000001
4.752083333333333,-7.965
4.7525,-7.977666666666667
4.752916666666667,-7.9928333333333335
4.753333333333333,-8.0075
4.75375,-8.016333333333334
4.754166666666666,-8.020833333333334
4.754583333333334,-8.030166666666666
4.755,-8.0315
4.755416666666667,-8.034999999999998
4.755833333333333,-8.044
4.75625,-8.052333333333333
4.756666666666667,-8.072166666666666
4.757083333333333,-8.088166666666666
4.7575,-8.100499999999998
4.757916666666667,-8.118666666666668
4.758333333333334,-8.123166666666668
4.75875,-8.118833333333333
4.759166666666666,-8.097666666666667
4.7595833333333335,-8.065333333333333
4.76,-8.031999999999998
4.760416666666667,-7.9926666666666675
4.760833333333333,-7.969999999999999
4.76125,-7.957
4.761666666666667,-7.9639999999999995
4.762083333333333,-7.988333333333333
4.7625,-8.0145
4.7629166666666665,-8.039166666666667
4.763333333333334,-8.046333333333335
4.76375,-8.043833333333334
4.764166666666667,-8.033833333333332
4.764583333333333,-8.015166666666667
4.765,-7.9941666666666675
4.765416666666667,-7.9785
4.765833333333333,-7.974833333333333
4.76625,-7.975666666666666
4.766666666666667,-7.9830000000000005
4.767083333333333,-7.994
4.7675,-8.005333333333333
4.767916666666666,-8.013166666666665
4.7683333333333335,-8.009166666666667
4.76875,-7.994166666666666
4.769166666666667,-7.971166666666666
4.769583333333333,-7.9396666666666675
4.77,-7.915
4.770416666666667,-7.891333333333333
4.770833333333333,-7.8806666666666665
4.77125,-7.898833333333333
4.7716666666666665,-7.926500000000001
4.772083333333334,-7.961166666666666
4.7725,-7.982666666666667
4.772916666666666,-7.9955
4.773333333333333,-8.0
4.77375,-7.9878333333333345
4.774166666666667,-7.965333333333334
4.774583333333333,-7.938166666666667
4.775,-7.918833333333333
4.775416666666667,-7.918333333333333
4.775833333333333,-7.935666666666666
4.77625,-7.9695
4.776666666666666,-8.001833333333334
4.777083333333334,-8.0315
4.7775,-8.054833333333333
4.777916666666667,-8.049833333333332
4.778333333333333,-8.028666666666666
4.77875,-7.9805
4.779166666666667,-7.937833333333333
4.779583333333333,-7.903333333333333
4.78,-7.879333333333334
4.7804166666666665,-7.898499999999999
4.780833333333334,-7.918333333333333
4.78125,-7.953833333333333
4.781666666666666,-7.993833333333335
4.7820833333333335,-8.017333333333333
4.7825,-8.028666666666666
4.782916666666667,-8.0145
4.783333333333333,-8.008166666666666
4.78375,-8.004833333333332
4.784166666666667,-8.007166666666667
4.784583333333333,-8.021833333333335
4.785,-8.040999999999999
4.785416666666666,-8.0615
4.785833333333334,-8.071833333333334
4.78625,-8.0755
4.786666666666667,-8.0615
4.787083333333333,-8.033166666666666
4.7875,-8.013166666666667
4.787916666666667,-7.995666666666666
4.788333333333333,-7.979666666666667
4.78875,-7.988500000000001
4.789166666666667,-8.010333333333334
4.789583333333334,-8.0445
4.79,-8.081166666666668
4.790416666666666,-8.104666666666667
4.7908333333333335,-8.119333333333334
4.79125,-8.112333333333334
4.791666666666667,-8.088000000000001
4.792083333333333,-8.051333333333334
4.7925,-8.009666666666666
4.792916666666667,-7.978833333333334
4.793333333333333,-7.967666666666666
4.79375,-7.963166666666667
4.7941666666666665,-7.963333333333334
4.794583333333334,-7.980833333333333
4.795,-8.000166666666667
4.795416666666667,-8.021666666666667
4.795833333333333,-8.0445
4.79625,-8.056666666666667
4.796666666666667,-8.070500000000001
4.797083333333333,-8.084000000000001
4.7975,-8.086
4.797916666666667,-8.081999999999999
4.798333333333333,-8.076500000000001
4.79875,-8.0805
4.799166666666666,-8.093333333333334
4.7995833333333335,-8.104833333333334
4.8,-8.110666666666667
4.800416666666667,-8.105
4.800833333333333,-8.082
4.80125,-8.0475
4.801666666666667,-8.022666666666666
4.802083333333333,-8.008
4.8025,-8.02
4.8029166666666665,-8.053166666666666
4.803333333333334,-8.082166666666668
4.80375,-8.106166666666667
4.804166666666666,-8.103666666666667
4.804583333333333,-8.087000000000002
4.805,-8.0495
4.805416666666667,-8.006
4.805833333333333,-7.988666666666667
4.80625,-7.9879999999999995
4.806666666666667,-7.999166666666667
4.807083333333333,-8.0055
4.8075,-8.003166666666667
4.807916666666666,-7.992333333333332
4.808333333333334,-7.982
4.80875,-7.972166666666666
4.809166666666667,-7.968333333333334
4.809583333333333,-7.969333333333334
4.81,-7.980333333333333
4.810416666666667,-8.008166666666666
4.810833333333333,-8.026166666666667
4.81125,-8.027833333333334
4.8116666666666665,-8.015333333333333
4.812083333333334,-7.988499999999999
4.8125,-7.960999999999999
4.812916666666666,-7.9415000000000004
4.8133333333333335,-7.934666666666668
4.81375,-7.9381666666666675
4.814166666666667,-7.950666666666667
4.814583333333333,-7.969166666666666
4.815,-7.981166666666667
4.815416666666667,-7.982166666666667
4.815833333333333,-7.965333333333334
4.81625,-7.9526666666666666
4.816666666666666,-7.9446666666666665
4.817083333333334,-7.942333333333333
4.8175,-7.953
4.817916666666667,-7.964333333333333
4.818333333333333,-7.977333333333334
4.81875,-7.984500000000001
4.819166666666667,-7.989
4.819583333333333,-7.985333333333334
4.82,-7.973499999999999
4.820416666666667,-7.949666666666666
4.820833333333334,-7.921333333333333
4.82125,-7.889833333333333
4.821666666666666,-7.855999999999999
4.8220833333333335,-7.842666666666666
4.8225,-7.836666666666667
4.822916666666667,-7.848166666666667
4.823333333333333,-7.863666666666667
4.82375,-7.883166666666667
4.824166666666667,-7.903166666666667
4.824583333333333,-7.914499999999999
4.825,-7.926333333333333
4.8254166666666665,-7.927833333333333
4.825833333333334,-7.9253333333333345
4.82625,-7.903833333333334
4.826666666666667,-7.8775
4.827083333333333,-7.847166666666666
4.8275,-7.812166666666666
4.827916666666667,-7.788333333333334
4.828333333333333,-7.770833333333333
4.82875,-7.782
4.829166666666667,-7.815833333333333
4.829583333333333,-7.858666666666667
4.83,-7.914499999999999
4.830416666666666,-7.9615
4.8308333333333335,-7.993333333333332
4.83125,-8.013
4.831666666666667,-8.008333333333335
4.832083333333333,-7.990333333333332
4.8325,-7.958666666666667
4.832916666666667,-7.9318333333333335
4.833333333333333,-7.925
4.83375,-7.919833333333334
4.8341666666666665,-7.920333333333333
4.834583333333334,-7.920666666666666
4.835,-7.913333333333334
4.835416666666666,-7.896333333333334
4.835833333333333,-7.8675
4.83625,-7.835
4.836666666666667,-7.804333333333332
4.837083333333333,-7.781166666666667
4.8375,-7.772666666666666
4.837916666666667,-7.7749999999999995
4.838333333333333,-7.789666666666666
4.83875,-7.817166666666668
4.839166666666666,-7.850333333333334
4.839583333333334,-7.885000000000001
4.84,-7.9205000000000005
4.840416666666667,-7.950833333333333
4.840833333333333,-7.981333333333333
4.84125,-8.0045
4.841666666666667,-8.018166666666668
4.842083333333333,-8.034999999999998
4.8425,-8.040666666666667
4.8429166666666665,-8.043333333333335
4.843333333333334,-8.031666666666666
4.84375,-8.010833333333332
4.844166666666666,-7.992166666666666
4.8445833333333335,-7.963666666666668
4.845,-7.941
4.845416666666667,-7.918333333333333
4.845833333333333,-7.898666666666667
4.84625,-7.869333333333333
4.846666666666667,-7.839666666666667
4.847083333333333,-7.826333333333333
4.8475,-7.806
4.847916666666666,-7.802666666666667
4.848333333333334,-7.800999999999999
4.84875,-7.8115
4.849166666666667,-7.843333333333334
4.849583333333333,-7.864999999999999
4.85,-7.895666666666666
4.850416666666667,-7.906833333333332
4.850833333333333,-7.9115
4.85125,-7.925999999999999
4.851666666666667,-7.915833333333334
4.852083333333334,-7.8934999999999995
4.8525,-7.863666666666667
4.852916666666666,-7.834166666666667
4.8533333333333335,-7.817
4.85375,-7.804333333333333
4.854166666666667,-7.795333333333333
4.854583333333333,-7.809166666666667
4.855,-7.835
4.855416666666667,-7.876166666666667
4.855833333333333,-7.922
4.85625,-7.963166666666666
4.8566666666666665,-8.005
4.857083333333334,-8.025333333333334
4.8575,-8.025666666666668
4.857916666666667,-8.008333333333333
4.858333333333333,-7.9751666666666665
4.85875,-7.943833333333333
4.859166666666667,-7.918499999999999
4.859583333333333,-7.9031666666666665
4.86,-7.8999999999999995
4.860416666666667,-7.897333333333333
4.860833333333333,-7.896166666666667
4.86125,-7.881333333333333
4.861666666666666,-7.858999999999999
4.8620833333333335,-7.842000000000001
4.8625,-7.831499999999999
4.862916666666667,-7.825333333333333
4.863333333333333,-7.8235
4.86375,-7.8215
4.864166666666667,-7.813833333333334
4.864583333333333,-7.809333333333332
4.865,-7.8035
4.8654166666666665,-7.807166666666666
4.865833333333334,-7.805666666666667
4.86625,-7.8211666666666675
4.866666666666666,-7.840833333333332
4.867083333333333,-7.8598333333333334
4.8675,-7.881
4.867916666666667,-7.884166666666666
4.868333333333333,-7.892499999999999
4.86875,-7.890833333333333
4.869166666666667,-7.895
4.869583333333333,-7.8839999999999995
4.87,-7.872
4.870416666666666,-7.8715
4.870833333333334,-7.884333333333333
4.87125,-7.910666666666667
4.871666666666667,-7.932166666666666
4.872083333333333,-7.958833333333334
4.8725,-7.964666666666666
4.872916666666667,-7.973
4.873333333333333,-7.963666666666666
4.87375,-7.949000000000001
4.8741666666666665,-7.944333333333333
4.874583333333334,-7.937166666666666
4.875,-7.949999999999999
4.875416666666666,-7.952333333333333
4.8758333333333335,-7.959500000000001
4.87625,-7.965333333333334
4.876666666666667,-7.965166666666668
4.877083333333333,-7.9753333333333325
4.8775,-7.984333333333333
4.877916666666667,-8.0045
4.878333333333333,-8.021166666666666
4.87875,-8.033499999999998
4.879166666666666,-8.03
4.879583333333334,-8.004833333333332
4.88,-7.981166666666666
4.880416666666667,-7.943666666666666
4.880833333333333,-7.9115
4.88125,-7.897333333333333
4.881666666666667,-7.888333333333333
4.882083333333333,-7.9013333333333335
4.8825,-7.916666666666667
4.882916666666667,-7.937166666666666
4.883333333333334,-7.957666666666667
4.88375,-7.951833333333333
4.884166666666666,-7.949000000000001
4.8845833333333335,-7.936666666666667
4.885,-7.908166666666666
4.885416666666667,-7.898666666666666
4.885833333333333,-7.886166666666667
4.88625,-7.877
4.886666666666667,-7.876333333333334
4.887083333333333,-7.869166666666666
4.8875,-7.8685
4.8879166666666665,-7.857499999999999
4.888333333333334,-7.8453333333333335
4.88875,-7.838166666666666
4.889166666666667,-7.832666666666667
4.889583333333333,-7.838333333333334
4.89,-7.848333333333333
4.890416666666667,-7.857666666666667
4.890833333333333,-7.859833333333334
4.89125,-7.8645
4.891666666666667,-7.866166666666667
4.892083333333333,-7.860499999999999
4.8925,-7.8598333333333334
4.892916666666666,-7.8534999999999995
4.8933333333333335,-7.851666666666667
4.89375,-7.847
4.894166666666667,-7.834166666666666
4.894583333333333,-7.826
4.895,-7.811333333333334
4.895416666666667,-7.803333333333335
4.895833333333333,-7.802
4.89625,-7.795999999999999
4.8966666666666665,-7.797999999999999
4.897083333333334,-7.804666666666667
4.8975,-7.8069999999999995
4.897916666666666,-7.816333333333333
4.898333333333333,-7.822166666666668
4.89875,-7.835333333333334
4.899166666666667,-7.855833333333333
4.899583333333333,-7.867333333333334
4.9,-7.885166666666667
4.900416666666667,-7.892666666666667
4.900833333333333,-7.906166666666667
4.90125,-7.908333333333334
4.901666666666666,-7.895833333333333
4.902083333333334,-7.884166666666666
4.9025,-7.863499999999999
4.902916666666667,-7.849666666666667
4.903333333333333,-7.826833333333333
4.90375,-7.814333333333334
4.904166666666667,-7.808833333333333
4.904583333333333,-7.813
4.905,-7.84
4.9054166666666665,-7.858499999999999
4.905833333333334,-7.8675
4.90625,-7.8705
4.906666666666666,-7.865166666666667
4.9070833333333335,-7.855
4.9075,-7.828833333333333
4.907916666666667,-7.787333333333334
4.908333333333333,-7.755
4.90875,-7.713166666666667
4.909166666666667,-7.678333333333334
4.909583333333333,-7.66
4.91,-7.643166666666667
4.910416666666666,-7.660666666666667
4.910833333333334,-7.697666666666666
4.91125,-7.751166666666666
4.911666666666667,-7.8053333333333335
4.912083333333333,-7.834500000000001
4.9125,-7.852999999999999
4.912916666666667,-7.843
4.913333333333333,-7.815333333333332
4.91375,-7.785666666666667
4.914166666666667,-7.763833333333333
4.914583333333334,-7.761
4.915,-7.774333333333334
4.915416666666666,-7.801833333333334
4.9158333333333335,-7.826999999999999
4.91625,-7.860333333333334
4.916666666666667,-7.887833333333333
4.917083333333333,-7.8998333333333335
4.9175,-7.897500000000001
4.917916666666667,-7.888166666666667
4.918333333333333,-7.880333333333334
4.91875,-7.875666666666667
4.9191666666666665,-7.8821666666666665
4.919583333333334,-7.887333333333333
4.92,-7.901000000000001
4.920416666666667,-7.9055
4.920833333333333,-7.908666666666666
4.92125,-7.895666666666666
4.921666666666667,-7.861000000000001
4.922083333333333,-7.843166666666666
4.9225,-7.836333333333333
4.922916666666667,-7.846333333333334
4.923333333333333,-7.857499999999999
4.92375,-7.869166666666666
4.924166666666666,-7.877
4.9245833333333335,-7.877666666666667
4.925,-7.87
4.925416666666667,-7.854333333333333
4.925833333333333,-7.842333333333333
4.92625,-7.824999999999999
4.926666666666667,-7.8215
4.927083333333333,-7.8205
4.9275,-7.819
4.9279166666666665,-7.824166666666667
4.928333333333334,-7.823666666666667
4.92875,-7.8243333333333345
4.929166666666666,-7.816833333333332
4.929583333333333,-7.797666666666667
4.93,-7.775833333333334
4.930416666666667,-7.744666666666667
4.930833333333333,-7.707999999999999
4.93125,-7.677833333333333
4.931666666666667,-7.656666666666666
4.932083333333333,-7.6433333333333335
4.9325,-7.651833333333333
4.932916666666666,-7.679666666666667
4.933333333333334,-7.728166666666667
4.93375,-7.784666666666666
4.934166666666667,-7.8196666666666665
4.934583333333333,-7.837
4.935,-7.819166666666667
4.935416666666667,-7.788666666666667
4.935833333333333,-7.745333333333334
4.93625,-7.7043333333333335
4.9366666666666665,-7.686333333333333
4.937083333333334,-7.6845
4.9375,-7.708666666666666
4.937916666666666,-7.732166666666667
4.9383333333333335,-7.759333333333333
4.93875,-7.7731666666666674
4.939166666666667,-7.7805
4.939583333333333,-7.792666666666666
4.94,-7.791499999999999
4.940416666666667,-7.801666666666666
4.940833333333333,-7.816666666666666
4.94125,-7.837500000000001
4.941666666666666,-7.8625
4.942083333333334,-7.868333333333333
4.9425,-7.867333333333334
4.942916666666667,-7.856166666666667
4.943333333333333,-7.8371666666666675
4.94375,-7.834833333333333
4.944166666666667,-7.8388333333333335
4.944583333333333,-7.8501666666666665
4.945,-7.871833333333334
4.945416666666667,-7.887333333333333
4.945833333333334,-7.887166666666666
4.94625,-7.8741666666666665
4.946666666666666,-7.8435
4.9470833333333335,-7.807833333333334
4.9475,-7.770499999999999
4.947916666666667,-7.727499999999999
4.948333333333333,-7.709
4.94875,-7.685666666666667
4.949166666666667,-7.6765
4.949583333333333,-7.675666666666667
4.95,-7.668333333333334
4.9504166666666665,-7.677
4.950833333333334,-7.6834999999999996
4.95125,-7.709333333333333
4.951666666666667,-7.736666666666667
4.952083333333333,-7.769666666666667
4.9525,-7.810666666666666
4.952916666666667,-7.836833333333334
4.953333333333333,-7.848499999999999
4.95375,-7.8495
4.954166666666667,-7.849
4.954583333333333,-7.8565
4.955,-7.870333333333334
4.955416666666666,-7.888333333333333
4.9558333333333335,-7.906666666666666
4.95625,-7.9031666666666665
4.956666666666667,-7.887333333333333
4.957083333333333,-7.864666666666667
4.9575,-7.837833333333333
4.957916666666667,-7.811833333333333
4.958333333333333,-7.807833333333334
4.95875,-7.808666666666666
4.9591666666666665,-7.812333333333334
4.959583333333334,-7.82
4.96,-7.816666666666666
4.960416666666666,-7.812833333333334
4.960833333333333,-7.794999999999999
4.96125,-7.792833333333333
4.961666666666667,-7.793666666666667
4.962083333333333,-7.7805
4.9625,-7.762
4.962916666666667,-7.7395
4.963333333333333,-7.711833333333334
4.96375,-7.685166666666667
4.964166666666666,-7.672166666666667
4.964583333333334,-7.679666666666666
4.965,-7.716833333333334
4.965416666666667,-7.7668333333333335
4.965833333333333,-7.828833333333333
4.96625,-7.870166666666666
4.966666666666667,-7.886333333333333
4.967083333333333,-7.890666666666667
4.9675,-7.876
4.9679166666666665,-7.8565
4.968333333333334,-7.825500000000001
4.96875,-7.798666666666667
4.969166666666666,-7.7785
4.9695833333333335,-7.758666666666667
4.97,-7.742333333333334
4.970416666666667,-7.7275
4.970833333333333,-7.7085
4.97125,-7.692333333333333
4.971666666666667,-7.6868333333333325
4.972083333333333,-7.690833333333333
4.9725,-7.6995000000000005
4.972916666666666,-7.710666666666666
4.973333333333334,-7.735166666666667
4.97375,-7.761833333333333
4.974166666666667,-7.7828333333333335
4.974583333333333,-7.798666666666667
4.975,-7.802833333333332
4.975416666666667,-7.798333333333333
4.975833333333333,-7.7973333333333334
4.97625,-7.8035
4.976666666666667,-7.805333333333333
4.977083333333334,-7.809333333333334
4.9775,-7.8185
4.977916666666666,-7.818833333333333
4.9783333333333335,-7.815833333333334
4.97875,-7.798666666666667
4.979166666666667,-7.7835
4.979583333333333,-7.762833333333333
4.98,-7.738499999999999
4.980416666666667,-7.737833333333334
4.980833333333333,-7.7251666666666665
4.98125,-7.722999999999999
4.9816666666666665,-7.724666666666667
4.982083333333334,-7.714833333333334
4.9825,-7.718833333333333
4.982916666666667,-7.730499999999999
4.983333333333333,-7.7508333333333335
4.98375,-7.766333333333333
4.984166666666667,-7.7701666666666656
4.984583333333333,-7.759166666666666
4.985,-7.737833333333334
4.985416666666667,-7.706
4.985833333333333,-7.684333333333332
4.98625,-7.678166666666667
4.986666666666666,-7.684
4.9870833333333335,-7.717
4.9875,-7.7476666666666665
4.987916666666667,-7.771
4.988333333333333,-7.780833333333334
4.98875,-7.778
4.989166666666667,-7.767499999999999
4.989583333333333,-7.749
4.99,-7.736833333333334
4.9904166666666665,-7.724833333333333
4.990833333333334,-7.715166666666666
4.99125,-7.6955
4.991666666666666,-7.677666666666667
4.992083333333333,-7.668166666666667
4.9925,-7.662
4.992916666666667,-7.668833333333333
4.993333333333333,-7.677833333333333
4.99375,-7.688
4.994166666666667,-7.694
4.994583333333333,-7.699666666666666
4.995,-7.691833333333334
4.995416666666666,-7.6803333333333335
4.995833333333334,-7.672
4.99625,-7.674333333333333
4.996666666666667,-7.6883333333333335
4.997083333333333,-7.693333333333334
4.9975,-7.705666666666666
4.997916666666667,-7.713166666666666
4.998333333333333,-7.724166666666666
4.99875,-7.743833333333332
4.9991666666666665,-7.769666666666667
4.999583333333334,-7.803
5.0,-7.833500000000001
5.000416666666666,-7.856333333333333
5.0008333333333335,-7.853166666666667
5.00125,-7.834166666666667
5.001666666666667,-7.801333333333333
5.002083333333333,-7.765833333333333
5.0025,-7.743666666666667
5.002916666666667,-7.737333333333333
5.003333333333333,-7.748
5.00375,-7.770166666666667
5.004166666666666,-7.807333333333332
5.004583333333334,-7.8356666666666674
5.005,-7.855333333333333
5.005416666666667,-7.8629999999999995
5.005833333333333,-7.849499999999999
5.00625,-7.832166666666667
5.006666666666667,-7.799166666666667
5.007083333333333,-7.772333333333333
5.0075,-7.739999999999999
5.007916666666667,-7.708166666666667
5.008333333333334,-7.687166666666667
5.00875,-7.6525
5.009166666666666,-7.628833333333334
5.0095833333333335,-7.605166666666666
5.01,-7.599333333333334
5.010416666666667,-7.6005
5.010833333333333,-7.608833333333334
5.01125,-7.628833333333333
5.011666666666667,-7.637833333333333
5.012083333333333,-7.6625000000000005
5.0125,-7.679833333333332
5.0129166666666665,-7.703
5.013333333333334,-7.733666666666667
5.01375,-7.7540000000000004
5.014166666666667,-7.771
5.014583333333333,-7.7555000000000005
5.015,-7.731833333333334
5.015416666666667,-7.706
5.015833333333333,-7.682333333333333
5.01625,-7.6866666666666665
5.016666666666667,-7.695166666666666
5.017083333333333,-7.722833333333334
5.0175,-7.757000000000001
5.017916666666666,-7.772666666666667
5.0183333333333335,-7.775333333333333
5.01875,-7.7565
5.019166666666667,-7.7405
5.019583333333333,-7.736999999999999
5.02,-7.734166666666667
5.020416666666667,-7.746333333333333
5.020833333333333,-7.761833333333333
5.02125,-7.771833333333333
5.0216666666666665,-7.787166666666667
5.022083333333334,-7.788666666666667
5.0225,-7.780833333333334
5.022916666666666,-7.7701666666666656
5.023333333333333,-7.759666666666667
5.02375,-7.7555000000000005
5.024166666666667,-7.743333333333333
5.024583333333333,-7.731833333333333
5.025,-7.726166666666667
5.025416666666667,-7.710333333333334
5.025833333333333,-7.703666666666667
5.02625,-7.7045
5.026666666666666,-7.713000000000001
5.027083333333334,-7.730499999999999
5.0275,-7.735833333333335
5.027916666666667,-7.738166666666667
5.028333333333333,-7.717666666666666
5.02875,-7.689833333333333
5.029166666666667,-7.670833333333333
5.029583333333333,-7.6525
5.03,-7.6610000000000005
5.0304166666666665,-7.682833333333334
5.030833333333334,-7.7123333333333335
5.03125,-7.745833333333334
5.031666666666666,-7.767666666666666
5.0320833333333335,-7.78
5.0325,-7.778833333333334
5.032916666666667,-7.769833333333334
5.033333333333333,-7.764499999999999
5.03375,-7.760666666666666
5.034166666666667,-7.750666666666667
5.034583333333333,-7.741499999999999
5.035,-7.720166666666667
5.035416666666666,-7.703333333333333
5.035833333333334,-7.695666666666667
5.03625,-7.677500000000001
5.036666666666667,-7.6723333333333334
5.037083333333333,-7.678166666666667
5.0375,-7.690666666666668
5.037916666666667,-7.719333333333334
5.038333333333333,-7.7395
5.03875,-7.754333333333334
5.039166666666667,-7.763833333333333
5.039583333333334,-7.761833333333333
5.04,-7.769500000000001
5.040416666666666,-7.7695
5.0408333333333335,-7.771833333333333
5.04125,-7.7805
5.041666666666667,-7.7798333333333325
5.042083333333333,-7.768666666666667
5.0425,-7.755166666666667
5.042916666666667,-7.737333333333333
5.043333333333333,-7.7275
5.04375,-7.730333333333333
5.0441666666666665,-7.740833333333334
5.044583333333334,-7.761500000000001
5.045,-7.779
5.045416666666667,-7.7956666666666665
5.045833333333333,-7.804833333333334
5.04625,-7.808166666666668
5.046666666666667,-7.810333333333333
5.047083333333333,-7.810166666666667
5.0475,-7.7985
5.047916666666667,-7.779833333333333
5.048333333333333,-7.763333333333333
5.04875,-7.7525
5.049166666666666,-7.752166666666667
5.0495833333333335,-7.753333333333333
5.05,-7.7525
5.050416666666667,-7.745833333333334
5.050833333333333,-7.740166666666667
5.05125,-7.738666666666667
5.051666666666667,-7.7425
5.052083333333333,-7.758333333333334
5.0525,-7.790166666666667
5.0529166666666665,-7.833666666666666
5.053333333333334,-7.871333333333333
5.05375,-7.883
5.054166666666666,-7.883333333333333
5.054583333333333,-7.863499999999999
5.055,-7.834833333333333
5.055416666666667,-7.814
5.055833333333333,-7.780833333333334
5.05625,-7.7668333333333335
5.056666666666667,-7.754166666666667
5.057083333333333,-7.7475
5.0575,-7.755999999999999
5.057916666666666,-7.7535
5.058333333333334,-7.762833333333333
5.05875,-7.7605
5.059166666666667,-7.7426666666666675
5.059583333333333,-7.724666666666667
5.06,-7.694
5.060416666666667,-7.675999999999999
5.060833333333333,-7.674166666666667
5.06125,-7.682166666666666
5.0616666666666665,-7.6965
5.062083333333334,-7.706166666666667
5.0625,-7.713166666666666
5.062916666666666,-7.7061666666666655
5.0633333333333335,-7.690833333333333
5.06375,-7.682833333333334
5.064166666666667,-7.681166666666667
5.064583333333333,-7.694166666666667
5.065,-7.726166666666667
5.065416666666667,-7.766000000000001
5.065833333333333,-7.795166666666667
5.06625,-7.812833333333334
5.066666666666666,-7.818833333333333
5.067083333333334,-7.803666666666667
5.0675,-7.770333333333333
5.067916666666667,-7.739999999999999
5.068333333333333,-7.710500000000001
5.06875,-7.6853333333333325
5.069166666666667,-7.6705
5.069583333333333,-7.661666666666666
5.07,-7.666166666666666
5.070416666666667,-7.6723333333333334
5.070833333333334,-7.684666666666666
5.07125,-7.698166666666666
5.071666666666666,-7.7044999999999995
5.0720833333333335,-7.724333333333334
5.0725,-7.730333333333334
5.072916666666667,-7.729166666666667
5.073333333333333,-7.7348333333333334
5.07375,-7.743833333333332
5.074166666666667,-7.775666666666666
5.074583333333333,-7.7940000000000005
5.075,-7.8051666666666675
5.0754166666666665,-7.794333333333333
5.075833333333334,-7.764500000000001
5.07625,-7.728833333333333
5.076666666666667,-7.6825
5.077083333333333,-7.658333333333334
5.0775,-7.6433333333333335
5.077916666666667,-7.653333333333333
5.078333333333333,-7.675999999999999
5.07875,-7.698333333333334
5.079166666666667,-7.731999999999999
5.079583333333333,-7.749666666666666
5.08,-7.773
5.080416666666666,-7.78
5.0808333333333335,-7.777166666666667
5.08125,-7.779833333333333
5.081666666666667,-7.7636666666666665
5.082083333333333,-7.755166666666668
5.0825,-7.736833333333333
5.082916666666667,-7.7236666666666665
5.083333333333333,-7.7138333333333335
5.08375,-7.691333333333333
5.0841666666666665,-7.674833333333333
5.084583333333334,-7.654
5.085,-7.639166666666665
5.085416666666666,-7.638333333333333
5.085833333333333,-7.646333333333334
5.08625,-7.668666666666667
5.086666666666667,-7.698666666666667
5.087083333333333,-7.731333333333333
5.0875,-7.759666666666667
5.087916666666667,-7.775833333333334
5.088333333333333,-7.789333333333334
5.08875,-7.795000000000001
5.089166666666666,-7.786333333333334
5.089583333333334,-7.771
5.09,-7.745833333333334
5.090416666666667,-7.734999999999999
5.090833333333333,-7.734000000000001
5.09125,-7.736666666666667
5.091666666666667,-7.741666666666666
5.092083333333333,-7.740166666666667
5.0925,-7.748166666666667
5.0929166666666665,-7.745833333333334
5.093333333333334,-7.738333333333333
5.09375,-7.719166666666666
5.094166666666666,-7.703333333333333
5.0945833333333335,-7.696000000000001
5.095,-7.683333333333333
5.095416666666667,-7.677
5.095833333333333,-7.659666666666666
5.09625,-7.657666666666667
5.096666666666667,-7.660166666666666
5.097083333333333,-7.664333333333334
5.0975,-7.683333333333334
5.097916666666666,-7.6819999999999995
5.098333333333334,-7.689
5.09875,-7.689333333333333
5.099166666666667,-7.675
5.099583333333333,-7.668
5.1,-7.6555
5.100416666666667,-7.654833333333333
5.100833333333333,-7.655333333333334
5.10125,-7.6525
5.101666666666667,-7.655
5.102083333333334,-7.650666666666667
5.1025,-7.643999999999999
5.102916666666666,-7.6355
5.1033333333333335,-7.622833333333333
5.10375,-7.613333333333334
5.104166666666667,-7.613166666666667
5.104583333333333,-7.626833333333333
5.105,-7.647333333333333
5.105416666666667,-7.668833333333333
5.105833333333333,-7.682333333333332
5.10625,-7.689333333333334
5.1066666666666665,-7.6801666666666675
5.107083333333334,-7.650666666666666
5.1075,-7.6175
5.107916666666667,-7.585
5.108333333333333,-7.564833333333333
5.10875,-7.5655
5.109166666666667,-7.5871666666666675
5.109583333333333,-7.614
5.11,-7.638833333333333
5.110416666666667,-7.6585
5.110833333333333,-7.668833333333333
5.11125,-7.674499999999999
5.111666666666666,-7.663666666666667
5.1120833333333335,-7.6545
5.1125,-7.638833333333334
5.112916666666667,-7.626833333333334
5.113333333333333,-7.634333333333333
5.11375,-7.639499999999999
5.114166666666667,-7.650666666666666
5.114583333333333,-7.672166666666667
5.115,-7.6933333333333325
5.1154166666666665,-7.718499999999999
5.115833333333334,-7.7485
5.11625,-7.754833333333334
5.116666666666666,-7.759
5.117083333333333,-7.745333333333334
5.1175,-7.7275
5.117916666666667,-7.706333333333333
5.118333333333333,-7.660666666666667
5.11875,-7.635333333333333
5.119166666666667,-7.612833333333334
5.119583333333333,-7.611999999999999
5.12,-7.633666666666667
5.120416666666666,-7.658666666666666
5.120833333333334,-7.692166666666666
5.12125,-7.721
5.121666666666667,-7.745
5.122083333333333,-7.752
5.1225,-7.742166666666667
5.122916666666667,-7.726
5.123333333333333,-7.704
5.12375,-7.68
5.1241666666666665,-7.649666666666666
5.124583333333334,-7.617666666666666
5.125,-7.5873333333333335
5.125416666666666,-7.559333333333334
5.1258333333333335,-7.541
5.12625,-7.532666666666667
5.126666666666667,-7.538
5.127083333333333,-7.554333333333333
5.1275,-7.570666666666667
5.127916666666667,-7.591999999999999
5.128333333333333,-7.603666666666666
5.12875,-7.607833333333333
5.129166666666666,-7.617
5.129583333333334,-7.621333333333333
5.13,-7.634666666666667
5.130416666666667,-7.6433333333333335
5.130833333333333,-7.652666666666666
5.13125,-7.659166666666667
5.131666666666667,-7.6465
5.132083333333333,-7.636666666666666
5.1325,-7.619166666666666
5.132916666666667,-7.5995
5.133333333333334,-7.5871666666666675
5.13375,-7.574000000000001
5.134166666666666,-7.565666666666666
5.1345833333333335,-7.550166666666667
5.135,-7.5440000000000005
5.135416666666667,-7.547833333333333
5.135833333333333,-7.553666666666666
5.13625,-7.575500000000001
5.136666666666667,-7.591166666666666
5.137083333333333,-7.6025
5.1375,-7.603333333333334
5.1379166666666665,-7.588666666666666
5.138333333333334,-7.571333333333333
5.13875,-7.543333333333334
5.139166666666667,-7.525666666666666
5.139583333333333,-7.5168333333333335
5.14,-7.513833333333333
5.140416666666667,-7.527833333333334
5.140833333333333,-7.5343333333333335
5.14125,-7.543166666666667
5.141666666666667,-7.545166666666667
5.142083333333333,-7.5295
5.1425,-7.5075
5.142916666666666,-7.4638333333333335
5.1433333333333335,-7.4159999999999995
5.14375,-7.361
5.144166666666667,-7.308
5.144583333333333,-7.274
5.145,-7.246833333333332
5.145416666666667,-7.234500000000001
5.145833333333333,-7.231166666666667
5.14625,-7.229500000000001
5.1466666666666665,-7.226666666666667
5.147083333333334,-7.213166666666667
5.1475,-7.177666666666667
5.147916666666666,-7.132666666666666
5.148333333333333,-7.089666666666667
5.14875,-7.0485
5.149166666666667,-7.016000000000001
5.149583333333333,-6.987666666666667
5.15,-6.9735000000000005
5.150416666666667,-6.968166666666666
5.150833333333333,-6.962500000000001
5.15125,-6.959333333333333
5.151666666666666,-6.944500000000001
5.152083333333334,-6.926333333333333
5.1525,-6.900000000000001
5.152916666666667,-6.854
5.153333333333333,-6.794833333333333
5.15375,-6.724833333333334
5.154166666666667,-6.651
5.154583333333333,-6.583833333333334
5.155,-6.5195
5.1554166666666665,-6.469833333333334
5.155833333333334,-6.424499999999999
5.15625,-6.3790000000000004
5.156666666666666,-6.3374999999999995
5.1570833333333335,-6.274333333333334
5.1575,-6.212833333333333
5.157916666666667,-6.143999999999999
5.158333333333333,-6.074166666666667
5.15875,-6.0168333333333335
5.159166666666667,-5.957666666666667
5.159583333333333,-5.9095
5.16,-5.852333333333333
5.160416666666666,-5.790833333333333
5.160833333333334,-5.727333333333334
5.16125,-5.652500000000001
5.161666666666667,-5.5745000000000005
5.162083333333333,-5.4925
5.1625,-5.41
5.162916666666667,-5.324833333333333
5.163333333333333,-5.243666666666666
5.16375,-5.155333333333334
5.164166666666667,-5.0601666666666665
5.164583333333334,-4.960999999999999
5.165,-4.8605
5.165416666666666,-4.762166666666666
5.1658333333333335,-4.66
5.16625,-4.565166666666666
5.166666666666667,-4.4655
5.167083333333333,-4.3685
5.1675,-4.270166666666667
5.167916666666667,-4.161833333333333
5.168333333333333,-4.040333333333334
5.16875,-3.901
5.1691666666666665,-3.7680000000000002
5.169583333333334,-3.6333333333333333
5.17,-3.5041666666666664
5.170416666666667,-3.374333333333334
5.170833333333333,-3.231666666666667
5.17125,-3.077666666666667
5.171666666666667,-2.9139999999999997
5.172083333333333,-2.7511666666666663
5.1725,-2.5915
5.172916666666667,-2.4415
5.173333333333333,-2.2958333333333334
5.17375,-2.166166666666667
5.174166666666666,-2.034333333333333
5.1745833333333335,-1.8941666666666668
5.175,-1.7403333333333333
5.175416666666667,-1.5646666666666667
5.175833333333333,-1.3783333333333332
5.17625,-1.1730000000000003
5.176666666666667,-0.9700000000000001
5.177083333333333,-0.7633333333333333
5.1775,-0.5604999999999999
5.1779166666666665,-0.3764999999999998
5.178333333333334,-0.20650000000000013
5.17875,-0.04383333333333347
5.179166666666666,0.11700000000000028
5.179583333333333,0.2791666666666665
5.18,0.4528333333333334
5.180416666666667,0.6253333333333332
5.180833333333333,0.8019999999999999
5.18125,0.9734999999999999
5.181666666666667,1.1568333333333334
5.182083333333333,1.357
5.1825,1.5650000000000002
5.182916666666666,1.8010000000000002
5.183333333333334,2.0425
5.18375,2.2876666666666665
5.184166666666667,2.5253333333333328
5.184583333333333,2.7496666666666667
5.185,2.9604999999999997
5.185416666666667,3.154
5.185833333333333,3.3538333333333328
5.18625,3.5566666666666666
5.1866666666666665,3.770166666666667
5.187083333333334,3.9968333333333326
5.1875,4.2265
5.187916666666666,4.4605
5.1883333333333335,4.678166666666666
5.18875,4.896999999999999
5.189166666666667,5.1165
5.189583333333333,5.331666666666667
5.19,5.549333333333333
5.190416666666667,5.7669999999999995
5.190833333333333,5.9944999999999995
5.19125,6.219
5.191666666666666,6.445666666666667
5.192083333333334,6.664999999999999
5.1925,6.8823333333333325
5.192916666666667,7.099
5.193333333333333,7.3125
5.19375,7.536166666666667
5.194166666666667,7.748333333333334
5.194583333333333,7.9688333333333325
5.195,8.1975
5.195416666666667,8.429166666666667
5.195833333333334,8.672833333333333
5.19625,8.917
5.196666666666666,9.165999999999999
5.1970833333333335,9.413666666666668
5.1975,9.645666666666665
5.197916666666667,9.877
5.198333333333333,10.0975
5.19875,10.3085
5.199166666666667,10.526333333333334
5.199583333333333,10.747833333333332
5.2,10.983833333333335
5.2004166666666665,11.213333333333333
5.200833333333334,11.447333333333333
5.20125,11.668
5.201666666666667,11.8675
5.202083333333333,12.064666666666666
5.2025,12.240833333333335
5.202916666666667,12.430333333333335
5.203333333333333,12.6105
5.20375,12.801333333333334
5.204166666666667,12.994666666666667
5.204583333333333,13.170500000000002
5.205,13.362833333333333
5.205416666666666,13.545499999999999
5.2058333333333335,13.746
5.20625,13.956000000000001
5.206666666666667,14.170499999999999
5.207083333333333,14.391666666666666
5.2075,14.591500000000002
5.207916666666667,14.780333333333333
5.208333333333333,14.953333333333335
5.20875,15.114666666666666
5.2091666666666665,15.286833333333334
5.209583333333334,15.464666666666668
5.21,15.652666666666669
5.210416666666666,15.845500000000001
5.210833333333333,16.024666666666665
5.21125,16.189833333333333
5.211666666666667,16.333166666666667
5.212083333333333,16.463833333333334
5.2125,16.586666666666666
5.212916666666667,16.709999999999997
5.213333333333333,16.84733333333333
5.21375,16.994833333333332
5.214166666666666,17.148999999999997
5.214583333333334,17.298
5.215,17.441333333333336
5.215416666666667,17.56833333333333
5.215833333333333,17.6915
5.21625,17.820833333333333
5.216666666666667,17.9465
5.217083333333333,18.081
5.2175,18.226666666666667
5.2179166666666665,18.383666666666667
5.218333333333334,18.53833333333333
5.21875,18.690833333333334
5.219166666666666,18.837833333333332
5.2195833333333335,18.96216666666667
5.22,19.081999999999997
5.220416666666667,19.191
5.220833333333333,19.282666666666668
5.22125,19.354333333333333
5.221666666666667,19.42
5.222083333333333,19.498166666666666
5.2225,19.575166666666664
5.222916666666666,19.6735
5.223333333333334,19.771666666666665
5.22375,19.87216666666667
5.224166666666667,19.9785
5.224583333333333,20.075000000000003
5.225,20.1635
5.225416666666667,20.219333333333335
5.225833333333333,20.25866666666667
5.22625,20.293000000000003
5.226666666666667,20.320166666666665
5.227083333333334,20.352333333333334
5.2275,20.393833333333333
5.227916666666666,20.43183333333333
5.2283333333333335,20.479
5.22875,20.530166666666666
5.229166666666667,20.569
5.229583333333333,20.60383333333333
5.23,20.6305
5.230416666666667,20.659333333333333
5.230833333333333,20.6895
5.23125,20.717666666666666
5.2316666666666665,20.749666666666666
5.232083333333334,20.766333333333336
5.2325,20.769666666666666
5.232916666666667,20.763166666666667
5.233333333333333,20.739
5.23375,20.703333333333337
5.234166666666667,20.660833333333333
5.234583333333333,20.621666666666666
5.235,20.58366666666667
5.235416666666667,20.57166666666667
5.235833333333333,20.575333333333333
5.23625,20.581333333333333
5.236666666666666,20.60083333333333
5.2370833333333335,20.607833333333335
5.2375,20.619666666666664
5.237916666666667,20.607166666666668
5.238333333333333,20.585333333333335
5.23875,20.561833333333336
5.239166666666667,20.527
5.239583333333333,20.512500000000003
5.24,20.484666666666666
5.2404166666666665,20.4505
5.240833333333334,20.406833333333335
5.24125,20.348333333333333
5.241666666666666,20.2805
5.242083333333333,20.198666666666668
5.2425,20.116333333333333
5.242916666666667,20.041999999999998
5.243333333333333,19.9855
5.24375,19.94
5.244166666666667,19.895666666666667
5.244583333333333,19.852500000000003
5.245,19.811833333333336
5.245416666666666,19.770333333333333
5.245833333333334,19.729499999999998
5.24625,19.69516666666667
5.246666666666667,19.66283333333333
5.247083333333333,19.632166666666667
5.2475,19.599666666666668
5.247916666666667,19.56083333333333
5.248333333333333,19.507499999999997
5.24875,19.440833333333334
5.2491666666666665,19.367833333333333
5.249583333333334,19.280833333333334
5.25,19.184666666666665
5.250416666666666,19.097166666666663
5.2508333333333335,19.00433333333333
5.25125,18.915000000000003
5.251666666666667,18.825333333333333
5.252083333333333,18.735833333333332
5.2525,18.666999999999998
5.252916666666667,18.586333333333332
5.253333333333333,18.5145
5.25375,18.438
5.254166666666666,18.35033333333333
5.254583333333334,18.280166666666663
5.255,18.1975
5.255416666666667,18.123
5.255833333333333,18.042333333333335
5.25625,17.961333333333332
5.256666666666667,17.885666666666665
5.257083333333333,17.791666666666668
5.2575,17.692166666666665
5.257916666666667,17.576999999999998
5.258333333333334,17.483
5.25875,17.398333333333333
5.259166666666666,17.326333333333334
5.2595833333333335,17.26666666666667
5.26,17.197333333333333
5.260416666666667,17.123833333333334
5.260833333333333,17.031333333333333
5.26125,16.943166666666666
5.261666666666667,16.862833333333334
5.262083333333333,16.797166666666666
5.2625,16.752166666666668
5.2629166666666665,16.719166666666666
5.263333333333334,16.671499999999998
5.26375,16.607666666666663
5.264166666666667,16.532500000000002
5.264583333333333,16.444333333333333
5.265,16.348499999999998
5.265416666666667,16.247666666666667
5.265833333333333,16.154999999999998
5.26625,16.0535
5.266666666666667,15.952666666666666
5.267083333333333,15.850999999999999
5.2675,15.7535
5.267916666666666,15.662
5.2683333333333335,15.584000000000001
5.26875,15.5265
5.269166666666667,15.460666666666668
5.269583333333333,15.396666666666667
5.27,15.323500000000001
5.270416666666667,15.261333333333333
5.270833333333333,15.189499999999997
5.27125,15.1205
5.2716666666666665,15.064833333333334
5.272083333333334,14.999666666666668
5.2725,14.9505
5.272916666666666,14.8895
5.273333333333333,14.817166666666667
5.27375,14.727500000000001
5.274166666666667,14.63
5.274583333333333,14.531833333333331
5.275,14.423500000000002
5.275416666666667,14.3145
5.275833333333333,14.208666666666666
5.27625,14.112333333333334
5.276666666666666,14.013333333333334
5.277083333333334,13.927
5.2775,13.847666666666667
5.277916666666667,13.772666666666666
5.278333333333333,13.712333333333333
5.27875,13.646666666666668
5.279166666666667,13.580166666666669
5.279583333333333,13.5035
5.28,13.419500000000001
5.2804166666666665,13.328666666666665
5.280833333333334,13.229333333333335
5.28125,13.1415
5.281666666666666,13.065166666666668
5.2820833333333335,13.0005
5.2825,12.943166666666665
5.282916666666667,12.889333333333335
5.283333333333333,12.833
5.28375,12.765666666666666
5.284166666666667,12.686833333333334
5.284583333333333,12.593666666666666
5.285,12.5035
5.285416666666666,12.420333333333334
5.285833333333334,12.354333333333335
5.28625,12.299333333333331
5.286666666666667,12.252166666666668
5.287083333333333,12.206666666666665
5.2875,12.1545
5.287916666666667,12.100666666666667
5.288333333333333,12.035666666666666
5.28875,11.992666666666665
5.289166666666667,11.950666666666665
5.289583333333334,11.915166666666666
5.29,11.870333333333335
5.290416666666666,11.797333333333334
5.2908333333333335,11.7185
5.29125,11.610666666666667
5.291666666666667,11.5025
5.292083333333333,11.395333333333333
5.2925,11.2935
5.292916666666667,11.224499999999999
5.293333333333333,11.163166666666667
5.29375,11.103666666666667
5.2941666666666665,11.036333333333332
5.294583333333334,10.957666666666668
5.295,10.879833333333332
5.295416666666667,10.800833333333335
5.295833333333333,10.7325
5.29625,10.674
5.296666666666667,10.633333333333333
5.297083333333333,10.603833333333332
5.2975,10.570500000000001
5.297916666666667,10.529833333333334
5.298333333333333,10.471833333333333
5.29875,10.415000000000001
5.299166666666666,10.351833333333333
5.2995833333333335,10.286166666666665
5.3,10.229166666666666
5.300416666666667,10.180833333333334
5.300833333333333,10.145333333333332
5.30125,10.105500000000001
5.301666666666667,10.056333333333333
5.302083333333333,9.996166666666666
5.3025,9.938166666666667
5.3029166666666665,9.875
5.303333333333334,9.8105
5.30375,9.7435
5.304166666666666,9.668333333333333
5.304583333333333,9.595666666666666
5.305,9.524000000000001
5.305416666666667,9.455333333333334
5.305833333333333,9.394333333333334
5.30625,9.346833333333334
5.306666666666667,9.308333333333334
5.307083333333333,9.2815
5.3075,9.254500000000002
5.307916666666666,9.224166666666667
5.308333333333334,9.189499999999999
5.30875,9.1455
5.309166666666667,9.108666666666666
5.309583333333333,9.073166666666667
5.31,9.049166666666666
5.310416666666667,9.035
5.310833333333333,9.007333333333333
5.31125,8.9605
5.3116666666666665,8.887
5.312083333333334,8.791833333333333
5.3125,8.692333333333334
5.312916666666666,8.584166666666667
5.3133333333333335,8.496666666666668
5.31375,8.442166666666667
5.314166666666667,8.404666666666666
5.314583333333333,8.392333333333335
5.315,8.361333333333334
5.315416666666667,8.322833333333334
5.315833333333333,8.270499999999998
5.31625,8.217166666666666
5.316666666666666,8.171
5.317083333333334,8.113166666666666
5.3175,8.057833333333333
5.317916666666667,7.9995
5.318333333333333,7.943666666666666
5.31875,7.884833333333333
5.319166666666667,7.847666666666666
5.319583333333333,7.816999999999999
5.32,7.8045
5.320416666666667,7.804666666666667
5.320833333333334,7.7893333333333326
5.32125,7.7625
5.321666666666666,7.718333333333333
5.3220833333333335,7.668666666666667
5.3225,7.609333333333332
5.322916666666667,7.546833333333335
5.323333333333333,7.488666666666667
5.32375,7.425833333333333
5.324166666666667,7.367833333333334
5.324583333333333,7.317000000000001
5.325,7.2731666666666674
5.3254166666666665,7.2305
5.325833333333334,7.199833333333333
5.32625,7.174666666666668
5.326666666666667,7.1295
5.327083333333333,7.081666666666667
5.3275,7.0296666666666665
5.327916666666667,6.981666666666666
5.328333333333333,6.940833333333333
5.32875,6.8999999999999995
5.329166666666667,6.864666666666667
5.329583333333333,6.839666666666666
5.33,6.8165000000000004
5.330416666666666,6.808666666666667
5.3308333333333335,6.800333333333334
5.33125,6.775166666666666
5.331666666666667,6.764
5.332083333333333,6.734333333333335
5.3325,6.698666666666667
5.332916666666667,6.652166666666666
5.333333333333333,6.589166666666666
5.33375,6.539000000000001
5.3341666666666665,6.486833333333332
5.334583333333334,6.4510000000000005
5.335,6.421333333333333
5.335416666666666,6.391000000000001
5.335833333333333,6.370333333333334
5.33625,6.355166666666666
5.336666666666667,6.346
5.337083333333333,6.328
5.3375,6.305666666666667
5.337916666666667,6.285666666666667
5.338333333333333,6.264666666666668
5.33875,6.253166666666666
5.339166666666666,6.230333333333334
5.339583333333334,6.201666666666668
5.34,6.164666666666665
5.340416666666667,6.115166666666666
5.340833333333333,6.067166666666666
5.34125,6.004166666666666
5.341666666666667,5.947
5.342083333333333,5.894333333333333
5.3425,5.8495
5.3429166666666665,5.806666666666666
5.343333333333334,5.761666666666667
5.34375,5.712
5.344166666666666,5.656833333333332
5.3445833333333335,5.610833333333333
5.345,5.571333333333333
5.345416666666667,5.552
5.345833333333333,5.547666666666667
5.34625,5.553833333333333
5.346666666666667,5.553166666666666
5.347083333333333,5.540833333333334
5.3475,5.509333333333333
5.347916666666666,5.461000000000001
5.348333333333334,5.4048333333333325
5.34875,5.345166666666667
5.349166666666667,5.303333333333333
5.349583333333333,5.265333333333333
5.35,5.246666666666666
5.350416666666667,5.232500000000001
5.350833333333333,5.2
5.35125,5.166500000000001
5.351666666666667,5.126333333333334
5.352083333333334,5.0895
5.3525,5.064166666666668
5.352916666666666,5.043833333333333
5.3533333333333335,5.035666666666667
5.35375,5.0361666666666665
5.354166666666667,5.030333333333333
5.354583333333333,5.019666666666667
5.355,4.983333333333333
5.355416666666667,4.934833333333334
5.355833333333333,4.8945
5.35625,4.862500000000001
5.3566666666666665,4.849
5.357083333333334,4.839833333333334
5.3575,4.840333333333333
5.357916666666667,4.835999999999999
5.358333333333333,4.829666666666667
5.35875,4.8101666666666665
5.359166666666667,4.781666666666667
5.359583333333333,4.7595
5.36,4.739666666666667
5.360416666666667,4.7348333333333334
5.360833333333333,4.733666666666667
5.36125,4.731999999999999
5.361666666666666,4.724
5.3620833333333335,4.704833333333333
5.3625,4.676166666666666
5.362916666666667,4.642666666666666
5.363333333333333,4.597666666666666
5.36375,4.5575
5.364166666666667,4.522166666666667
5.364583333333333,4.4965
5.365,4.482833333333333
5.3654166666666665,4.480833333333333
5.365833333333334,4.481833333333333
5.36625,4.4815000000000005
5.366666666666666,4.479666666666667
5.367083333333333,4.4623333333333335
5.3675,4.436166666666666
5.367916666666667,4.3875
5.368333333333333,4.336666666666667
5.36875,4.284
5.369166666666667,4.232166666666667
5.369583333333333,4.213
5.37,4.210833333333333
5.370416666666666,4.225333333333333
5.370833333333334,4.2465
5.37125,4.250166666666667
5.371666666666667,4.241499999999999
5.372083333333333,4.210500000000001
5.3725,4.166166666666666
5.372916666666667,4.126
5.373333333333333,4.087833333333333
5.37375,4.066333333333334
5.3741666666666665,4.056333333333333
5.374583333333334,4.036833333333333
5.375,4.017333333333333
5.375416666666666,3.9873333333333325
5.3758333333333335,3.949333333333333
5.37625,3.9124999999999996
5.376666666666667,3.8649999999999998
5.377083333333333,3.8226666666666667
5.3775,3.7824999999999993
5.377916666666667,3.7423333333333333
5.378333333333333,3.7135
5.37875,3.7018333333333335
5.379166666666666,3.7025
5.379583333333334,3.720333333333333
5.38,3.7425
5.380416666666667,3.752333333333334
5.380833333333333,3.7575000000000003
5.38125,3.7394999999999996
5.381666666666667,3.7118333333333333
5.382083333333333,3.685
5.3825,3.6474999999999995
5.382916666666667,3.6213333333333337
5.383333333333334,3.5941666666666663
5.38375,3.5720000000000005
5.384166666666666,3.5723333333333334
5.3845833333333335,3.5658333333333334
5.385,3.559833333333333
5.385416666666667,3.5468333333333333
5.385833333333333,3.5163333333333333
5.38625,3.4791666666666665
5.386666666666667,3.419166666666667
5.387083333333333,3.3550000000000004
5.3875,3.2853333333333326
5.3879166666666665,3.2323333333333335
5.388333333333334,3.205166666666667
5.38875,3.1848333333333336
5.389166666666667,3.176833333333333
5.389583333333333,3.1683333333333334
5.39,3.173666666666667
5.390416666666667,3.173166666666667
5.390833333333333,3.1734999999999993
5.39125,3.1763333333333335
5.391666666666667,3.176833333333333
5.392083333333333,3.175666666666667
5.3925,3.1586666666666665
5.392916666666666,3.130666666666667
5.3933333333333335,3.076666666666666
5.39375,3.0175
5.394166666666667,2.9621666666666666
5.394583333333333,2.9026666666666667
5.395,2.870833333333333
5.395416666666667,2.8646666666666665
5.395833333333333,2.8710000000000004
5.39625,2.8965
5.3966666666666665,2.919
5.397083333333334,2.9403333333333332
5.3975,2.9470000000000005
5.397916666666666,2.939
5.398333333333333,2.921666666666667
5.39875,2.8841666666666668
5.399166666666667,2.845333333333334
5.399583333333333,2.8041666666666667
5.4,2.765
5.400416666666667,2.7235
5.400833333333333,2.693166666666668
5.40125,2.6771666666666665
5.401666666666666,2.659166666666667
5.402083333333334,2.659666666666667
5.4025,2.6596666666666664
5.402916666666667,2.6645000000000003
5.403333333333333,2.6778333333333335
5.40375,2.6796666666666664
5.404166666666667,2.6785
5.404583333333333,2.659666666666667
5.405,2.6341666666666668
5.4054166666666665,2.605
5.405833333333334,2.5795000000000003
5.40625,2.566666666666667
5.406666666666666,2.564166666666667
5.4070833333333335,2.5721666666666674
5.4075,2.5775
5.407916666666667,2.5798333333333328
5.408333333333333,2.5588333333333337
5.40875,2.5248333333333335
5.409166666666667,2.4904999999999995
5.409583333333333,2.4621666666666666
5.41,2.4585000000000004
5.410416666666666,2.4691666666666663
5.410833333333334,2.4971666666666668
5.41125,2.529666666666667
5.411666666666667,2.5458333333333334
5.412083333333333,2.551333333333334
5.4125,2.5396666666666667
5.412916666666667,2.5121666666666664
5.413333333333333,2.485333333333333
5.41375,2.452166666666667
5.414166666666667,2.4403333333333332
5.414583333333334,2.426833333333333
5.415,2.4156666666666666
5.415416666666666,2.4071666666666673
5.4158333333333335,2.3831666666666664
5.41625,2.3663333333333334
5.416666666666667,2.324666666666667
5.417083333333333,2.2849999999999997
5.4175,2.239333333333333
5.417916666666667,2.1969999999999996
5.418333333333333,2.173666666666666
5.41875,2.149
5.4191666666666665,2.1285
5.419583333333334,2.111166666666667
5.42,2.1005
5.420416666666667,2.0986666666666665
5.420833333333333,2.098166666666667
5.42125,2.0909999999999997
5.421666666666667,2.0920000000000005
5.422083333333333,2.1
5.4225,2.1041666666666665
5.422916666666667,2.1038333333333337
5.423333333333333,2.0885
5.42375,2.055
5.424166666666666,2.0220000000000002
5.4245833333333335,1.9833333333333332
5.425,1.948333333333333
5.425416666666667,1.9181666666666668
5.425833333333333,1.886166666666667
5.42625,1.8736666666666668
5.426666666666667,1.8636666666666664
5.427083333333333,1.8535000000000004
5.4275,1.8400000000000005
5.4279166666666665,1.8213333333333335
5.428333333333334,1.8126666666666662
5.42875,1.809833333333333
5.429166666666666,1.8056666666666665
5.429583333333333,1.793
5.43,1.7793333333333334
5.430416666666667,1.764
5.430833333333333,1.7518333333333331
5.43125,1.7553333333333334
5.431666666666667,1.7573333333333332
5.432083333333333,1.7736666666666665
5.4325,1.7976666666666663
5.432916666666666,1.8163333333333334
5.433333333333334,1.8263333333333331
5.43375,1.8178333333333334
5.434166666666667,1.8038333333333332
5.434583333333333,1.7855
5.435,1.7620000000000005
5.435416666666667,1.7441666666666669
5.435833333333333,1.7374999999999996
5.43625,1.7321666666666669
5.4366666666666665,1.7276666666666667
5.437083333333334,1.7240000000000002
5.4375,1.7156666666666667
5.437916666666666,1.7016666666666669
5.4383333333333335,1.6893333333333336
5.43875,1.6951666666666665
5.439166666666667,1.7113333333333334
5.439583333333333,1.7288333333333334
5.44,1.7503333333333335
5.440416666666667,1.7538333333333334
5.440833333333333,1.7345
5.44125,1.6964999999999997
5.441666666666666,1.6503333333333332
5.442083333333334,1.6041666666666663
5.4425,1.564
5.442916666666667,1.5236666666666665
5.443333333333333,1.4995
5.44375,1.473166666666667
5.444166666666667,1.4515
5.444583333333333,1.442
5.445,1.4103333333333332
5.445416666666667,1.3931666666666664
5.445833333333334,1.3810000000000002
5.44625,1.3743333333333334
5.446666666666666,1.3763333333333332
5.4470833333333335,1.3681666666666665
5.4475,1.3693333333333335
5.447916666666667,1.3838333333333335
5.448333333333333,1.3925
5.44875,1.4068333333333332
5.449166666666667,1.4155000000000004
5.449583333333333,1.4169999999999998
5.45,1.4326666666666668
5.4504166666666665,1.436
5.450833333333334,1.4341666666666664
5.45125,1.4263333333333332
5.451666666666667,1.406666666666667
5.452083333333333,1.3881666666666668
5.4525,1.3639999999999999
5.452916666666667,1.3425
5.453333333333333,1.3258333333333334
5.45375,1.3010000000000004
5.454166666666667,1.2868333333333333
5.454583333333333,1.2758333333333334
5.455,1.261166666666667
5.455416666666666,1.2601666666666667
5.4558333333333335,1.2550000000000001
5.45625,1.253
5.456666666666667,1.2543333333333333
5.457083333333333,1.2451666666666663
5.4575,1.2311666666666665
5.457916666666667,1.2060000000000002
5.458333333333333,1.1773333333333331
5.45875,1.1538333333333335
5.4591666666666665,1.1215
5.459583333333334,1.1066666666666667
5.46,1.0973333333333335
5.460416666666666,1.0816666666666668
5.460833333333333,1.0776666666666666
5.46125,1.0651666666666666
5.461666666666667,1.0546666666666666
5.462083333333333,1.0413333333333334
5.4625,1.0276666666666665
5.462916666666667,1.0133333333333332
5.463333333333333,0.9966666666666669
5.46375,0.9853333333333333
5.464166666666666,0.9806666666666667
5.464583333333334,0.9713333333333334
5.465,0.9619999999999999
5.465416666666667,0.9718333333333331
5.465833333333333,0.9773333333333332
5.46625,0.988
5.466666666666667,0.9929999999999999
5.467083333333333,0.9855
5.4675,0.9783333333333335
5.4679166666666665,0.9611666666666666
5.468333333333334,0.9456666666666669
5.46875,0.9313333333333333
5.469166666666666,0.9105
5.4695833333333335,0.908
5.47,0.9056666666666668
5.470416666666667,0.8921666666666667
5.470833333333333,0.8811666666666667
5.47125,0.8541666666666665
5.471666666666667,0.8376666666666664
5.472083333333333,0.8141666666666668
5.4725,0.7843333333333335
5.472916666666666,0.7633333333333335
5.473333333333334,0.7399999999999999
5.47375,0.7345000000000003
5.474166666666667,0.7316666666666665
5.474583333333333,0.7313333333333333
5.475,0.7454999999999998
5.475416666666667,0.7580000000000001
5.475833333333333,0.7725
5.47625,0.7783333333333333
5.476666666666667,0.7743333333333334
5.477083333333334,0.7703333333333333
5.4775,0.7628333333333334
5.477916666666666,0.7534999999999998
5.4783333333333335,0.7363333333333332
5.47875,0.7123333333333335
5.479166666666667,0.6818333333333332
5.479583333333333,0.6493333333333332
5.48,0.6228333333333337
5.480416666666667,0.6026666666666666
5.480833333333333,0.601
5.48125,0.6050000000000001
5.4816666666666665,0.613
5.482083333333334,0.6224999999999999
5.4825,0.6266666666666668
5.482916666666667,0.634
5.483333333333333,0.6366666666666668
5.48375,0.6488333333333336
5.484166666666667,0.6616666666666667
5.484583333333333,0.6581666666666667
5.485,0.6424999999999997
5.485416666666667,0.6178333333333331
5.485833333333333,0.5933333333333334
5.48625,0.5745
5.486666666666666,0.5666666666666665
5.4870833333333335,0.5705
5.4875,0.5723333333333334
5.487916666666667,0.584
5.488333333333333,0.5906666666666665
5.48875,0.5793333333333334
5.489166666666667,0.5731666666666667
5.489583333333333,0.5585
5.49,0.5593333333333333
5.4904166666666665,0.5571666666666667
5.490833333333334,0.5483333333333332
5.49125,0.5478333333333335
5.491666666666666,0.5228333333333334
5.492083333333333,0.5046666666666667
5.4925,0.4831666666666667
5.492916666666667,0.454
5.493333333333333,0.4376666666666666
5.49375,0.42550000000000016
5.494166666666667,0.41850000000000004
5.494583333333333,0.4168333333333332
5.495,0.4146666666666666
5.495416666666666,0.4125000000000001
5.495833333333334,0.41016666666666673
5.49625,0.40650000000000003
5.496666666666667,0.40983333333333344
5.497083333333333,0.41400000000000015
5.4975,0.41050000000000014
5.497916666666667,0.4006666666666668
5.498333333333333,0.38766666666666677
5.49875,0.3638333333333333
5.4991666666666665,0.3425000000000001
5.499583333333334,0.3288333333333333
5.5,0.3201666666666667
5.500416666666666,0.3153333333333334
5.5008333333333335,0.30716666666666664
5.50125,0.2918333333333334
5.501666666666667,0.2731666666666667
5.502083333333333,0.25266666666666654
5.5025,0.23433333333333328
5.502916666666667,0.22649999999999984
5.503333333333333,0.22266666666666657
5.50375,0.2143333333333334
5.504166666666666,0.2113333333333333
5.504583333333334,0.20683333333333342
5.505,0.19633333333333333
5.505416666666667,0.18266666666666684
5.505833333333333,0.15683333333333346
5.50625,0.13666666666666671
5.506666666666667,0.11316666666666657
5.507083333333333,0.08933333333333326
5.5075,0.07583333333333335
5.507916666666667,0.06083333333333322
5.508333333333334,0.04900000000000008
5.50875,0.050499999999999844
5.509166666666666,0.059333333333333606
5.5095833333333335,0.0581666666666667
5.51,0.053166666666666806
5.510416666666667,0.04483333333333336
5.510833333333333,0.04600000000000026
5.51125,0.061666666666666536
5.511666666666667,0.08650000000000002
5.512083333333333,0.12400000000000011
5.5125,0.156
5.5129166666666665,0.1711666666666667
5.513333333333334,0.17149999999999999
5.51375,0.1326666666666667
5.514166666666667,0.06766666666666647
5.514583333333333,-0.0033333333333332624
5.515,-0.06466666666666665
5.515416666666667,-0.10049999999999996
5.515833333333333,-0.12166666666666659
5.51625,-0.12049999999999998
5.516666666666667,-0.11216666666666653
5.517083333333333,-0.09733333333333342
5.5175,-0.08316666666666676
5.517916666666666,-0.07816666666666687
5.5183333333333335,-0.07116666666666675
5.51875,-0.06700000000000002
5.519166666666667,-0.0436666666666666
5.519583333333333,-0.01733333333333335
5.52,0.011833333333333288
5.520416666666667,0.04733333333333315
5.520833333333333,0.06566666666666683
5.52125,0.082
5.5216666666666665,0.07766666666666684
5.522083333333334,0.059499999999999886
5.5225,0.03616666666666646
5.522916666666666,0.011666666666666714
5.523333333333333,-0.0008333333333334636
5.52375,-0.017166666666666625
5.524166666666667,-0.030833333333333417
5.524583333333333,-0.0581666666666667
5.525,-0.09383333333333344
5.525416666666667,-0.1256666666666666
5.525833333333333,-0.1566666666666666
5.52625,-0.16233333333333322
5.526666666666666,-0.1473333333333334
5.527083333333334,-0.12533333333333316
5.5275,-0.10283333333333348
5.527916666666667,-0.09266666666666683
5.528333333333333,-0.09533333333333334
5.52875,-0.10400000000000009
5.529166666666667,-0.11566666666666665
5.529583333333333,-0.12333333333333352
5.53,-0.12950000000000003
5.5304166666666665,-0.13016666666666662
5.530833333333334,-0.1271666666666668
5.53125,-0.1401666666666667
5.531666666666666,-0.1661666666666668
5.5320833333333335,-0.2038333333333333
5.5325,-0.2370000000000001
5.532916666666667,-0.2631666666666666
5.533333333333333,-0.2843333333333334
5.53375,-0.2923333333333333
5.534166666666667,-0.29316666666666674
5.534583333333333,-0.2731666666666667
5.535,-0.24216666666666656
5.535416666666666,-0.20583333333333323
5.535833333333334,-0.17366666666666664
5.53625,-0.1565
5.536666666666667,-0.15266666666666673
5.537083333333333,-0.15950000000000011
5.5375,-0.18000000000000002
5.537916666666667,-0.2196666666666666
5.538333333333333,-0.26033333333333336
5.53875,-0.29750000000000015
5.539166666666667,-0.32616666666666677
5.539583333333334,-0.33716666666666645
5.54,-0.3428333333333334
5.540416666666666,-0.33649999999999985
5.5408333333333335,-0.3253333333333335
5.54125,-0.31466666666666665
5.541666666666667,-0.3006666666666667
5.542083333333333,-0.30983333333333335
5.5425,-0.33083333333333326
5.542916666666667,-0.35633333333333334
5.543333333333333,-0.38116666666666665
5.54375,-0.391
5.5441666666666665,-0.3861666666666667
5.544583333333334,-0.37033333333333324
5.545,-0.35716666666666663
5.545416666666667,-0.34366666666666673
5.545833333333333,-0.33066666666666666
5.54625,-0.31883333333333336
5.546666666666667,-0.3246666666666667
5.547083333333333,-0.3269999999999998
5.5475,-0.32150000000000006
5.547916666666667,-0.31833333333333336
5.548333333333333,-0.30266666666666664
5.54875,-0.29083333333333333
5.549166666666666,-0.27666666666666667
5.5495833333333335,-0.26383333333333336
5.55,-0.23899999999999988
5.550416666666667,-0.22000000000000006
5.550833333333333,-0.21933333333333316
5.55125,-0.2231666666666666
5.551666666666667,-0.23583333333333334
5.552083333333333,-0.24983333333333343
5.5525,-0.2678333333333332
5.5529166666666665,-0.2823333333333333
5.553333333333334,-0.28950000000000004
5.55375,-0.2960000000000001
5.554166666666666,-0.2886666666666667
5.554583333333333,-0.26916666666666655
5.555,-0.2501666666666667
5.555416666666667,-0.2239999999999999
5.555833333333333,-0.20716666666666672
5.55625,-0.2004999999999999
5.556666666666667,-0.20299999999999999
5.557083333333333,-0.2105
5.5575,-0.2226666666666667
5.557916666666666,-0.23916666666666675
5.558333333333334,-0.2496666666666667
5.55875,-0.2665
5.559166666666667,-0.2885
5.559583333333333,-0.3294999999999999
5.56,-0.37966666666666676
5.560416666666667,-0.42399999999999993
5.560833333333333,-0.4673333333333332
5.56125,-0.48050000000000015
5.5616666666666665,-0.4793333333333334
5.562083333333334,-0.4651666666666669
5.5625,-0.4403333333333335
5.562916666666666,-0.4245000000000001
5.5633333333333335,-0.4246666666666667
5.56375,-0.4436666666666668
5.564166666666667,-0.4698333333333333
5.564583333333333,-0.4984999999999998
5.565,-0.5100000000000001
5.565416666666667,-0.5096666666666666
5.565833333333333,-0.48299999999999993
5.56625,-0.44716666666666677
5.566666666666666,-0.41133333333333333
5.567083333333334,-0.3703333333333334
5.5675,-0.3578333333333332
5.567916666666667,-0.34349999999999997
5.568333333333333,-0.34766666666666685
5.56875,-0.36133333333333334
5.569166666666667,-0.37283333333333335
5.569583333333333,-0.3978333333333334
5.57,-0.41133333333333333
5.570416666666667,-0.4415
5.570833333333334,-0.4584999999999999
5.57125,-0.4716666666666667
5.571666666666666,-0.4836666666666667
5.5720833333333335,-0.47816666666666663
5.5725,-0.48500000000000004
5.572916666666667,-0.48183333333333334
5.573333333333333,-0.4831666666666667
5.57375,-0.48616666666666664
5.574166666666667,-0.48699999999999993
5.574583333333333,-0.4953333333333334
5.575,-0.4911666666666667
5.5754166666666665,-0.492
5.575833333333334,-0.49116666666666653
5.57625,-0.48049999999999987
5.576666666666667,-0.47683333333333344
5.577083333333333,-0.4719999999999998
5.5775,-0.46433333333333343
5.577916666666667,-0.4673333333333332
5.578333333333333,-0.4786666666666665
5.57875,-0.5018333333333332
5.579166666666667,-0.533
5.579583333333333,-0.5683333333333334
5.58,-0.6136666666666667
5.580416666666666,-0.649
5.5808333333333335,-0.6725
5.58125,-0.681
5.581666666666667,-0.6713333333333332
5.582083333333333,-0.6531666666666668
5.5825,-0.6326666666666668
5.582916666666667,-0.6106666666666669
5.583333333333333,-0.5964999999999998
5.58375,-0.5986666666666668
5.5841666666666665,-0.6186666666666665
5.584583333333334,-0.6505
5.585,-0.6711666666666666
5.585416666666666,-0.6748333333333334
5.585833333333333,-0.6715
5.58625,-0.6758333333333332
5.586666666666667,-0.6791666666666667
5.587083333333333,-0.6863333333333332
5.5875,-0.6923333333333334
5.587916666666667,-0.6920000000000001
5.588333333333333,-0.6968333333333333
5.58875,-0.6823333333333332
5.589166666666666,-0.6653333333333333
5.589583333333334,-0.6459999999999999
5.59,-0.6190000000000001
5.590416666666667,-0.6185
5.590833333333333,-0.6120000000000001
5.59125,-0.6153333333333335
5.591666666666667,-0.6263333333333335
5.592083333333333,-0.6333333333333333
5.5925,-0.6615000000000001
5.5929166666666665,-0.6899999999999998
5.593333333333334,-0.7365
5.59375,-0.7731666666666666
5.594166666666666,-0.7888333333333333
5.5945833333333335,-0.7858333333333333
5.595,-0.7605000000000001
5.595416666666667,-0.7305000000000001
5.595833333333333,-0.6955
5.59625,-0.6785
5.596666666666667,-0.6726666666666666
5.597083333333333,-0.6898333333333334
5.5975,-0.7293333333333333
5.597916666666666,-0.7686666666666667
5.598333333333334,-0.8008333333333333
5.59875,-0.8238333333333333
5.599166666666667,-0.8456666666666667
5.599583333333333,-0.8623333333333334
5.6,-0.8733333333333332
5.600416666666667,-0.8756666666666666
5.600833333333333,-0.8803333333333333
5.60125,-0.8748333333333332
5.601666666666667,-0.8683333333333332
5.602083333333334,-0.8616666666666665
5.6025,-0.84
5.602916666666666,-0.8243333333333335
5.6033333333333335,-0.8201666666666666
5.60375,-0.8263333333333333
5.604166666666667,-0.8461666666666665
5.604583333333333,-0.8698333333333332
5.605,-0.8943333333333334
5.605416666666667,-0.9170000000000001
5.605833333333333,-0.9168333333333334
5.60625,-0.9148333333333333
5.6066666666666665,-0.891
5.607083333333334,-0.8528333333333333
5.6075,-0.8273333333333333
5.607916666666667,-0.791
5.608333333333333,-0.7745000000000002
5.60875,-0.7704999999999999
5.609166666666667,-0.7846666666666665
5.609583333333333,-0.8178333333333332
5.61,-0.8459999999999998
5.610416666666667,-0.8816666666666667
5.610833333333333,-0.9085000000000002
5.61125,-0.9253333333333332
5.611666666666666,-0.9436666666666665
5.6120833333333335,-0.9518333333333332
5.6125,-0.959
5.612916666666667,-0.9663333333333335
5.613333333333333,-0.9771666666666667
5.61375,-0.9856666666666666
5.614166666666667,-0.9923333333333334
5.614583333333333,-0.9993333333333334
5.615,-1.0126666666666668
5.6154166666666665,-1.0330000000000001
5.615833333333334,-1.0466666666666666
5.61625,-1.0571666666666666
5.616666666666666,-1.0476666666666665
5.617083333333333,-1.029
5.6175,-1.0021666666666664
5.617916666666667,-0.9756666666666667
5.618333333333333,-0.9525
5.61875,-0.9366666666666665
5.619166666666667,-0.9456666666666668
5.619583333333333,-0.9648333333333333
5.62,-0.9931666666666666
5.620416666666666,-1.0246666666666666
5.620833333333334,-1.0478333333333334
5.62125,-1.0650000000000002
5.621666666666667,-1.0741666666666667
5.622083333333333,-1.0686666666666667
5.6225,-1.0559999999999998
5.622916666666667,-1.039
5.623333333333333,-1.0221666666666664
5.62375,-1.0081666666666667
5.6241666666666665,-1.0051666666666665
5.624583333333334,-1.0199999999999998
5.625,-1.051
5.625416666666666,-1.0855
5.6258333333333335,-1.1198333333333335
5.62625,-1.157
5.626666666666667,-1.1758333333333335
5.627083333333333,-1.1971666666666667
5.6275,-1.2169999999999999
5.627916666666667,-1.2286666666666666
5.628333333333333,-1.2575
5.62875,-1.2753333333333334
5.629166666666666,-1.288166666666667
5.629583333333334,-1.2858333333333334
5.63,-1.2691666666666668
5.630416666666667,-1.2578333333333334
5.630833333333333,-1.24
5.63125,-1.2346666666666666
5.631666666666667,-1.238
5.632083333333333,-1.258
5.6325,-1.2913333333333334
5.632916666666667,-1.3196666666666668
5.633333333333334,-1.337
5.63375,-1.334666666666667
5.634166666666666,-1.324
5.6345833333333335,-1.3006666666666666
5.635,-1.2746666666666666
5.635416666666667,-1.246
5.635833333333333,-1.2211666666666667
5.63625,-1.2045000000000001
5.636666666666667,-1.1856666666666669
5.637083333333333,-1.1805
5.6375,-1.1641666666666668
5.6379166666666665,-1.156666666666667
5.638333333333334,-1.164
5.63875,-1.1758333333333333
5.639166666666667,-1.2126666666666666
5.639583333333333,-1.2426666666666666
5.64,-1.2711666666666666
5.640416666666667,-1.2985
5.640833333333333,-1.3123333333333334
5.64125,-1.3201666666666667
5.641666666666667,-1.3193333333333332
5.642083333333333,-1.3088333333333333
5.6425,-1.3026666666666666
5.642916666666666,-1.3066666666666666
5.6433333333333335,-1.3201666666666665
5.64375,-1.3491666666666668
5.644166666666667,-1.3606666666666667
5.644583333333333,-1.3773333333333333
5.645,-1.4076666666666668
5.645416666666667,-1.4213333333333333
5.645833333333333,-1.4260000000000002
5.64625,-1.4169999999999998
5.6466666666666665,-1.4048333333333334
5.647083333333334,-1.3881666666666668
5.6475,-1.3698333333333335
5.647916666666666,-1.3511666666666666
5.648333333333333,-1.3230000000000002
5.64875,-1.3075
5.649166666666667,-1.3088333333333335
5.649583333333333,-1.3098333333333334
5.65,-1.3131666666666668
5.650416666666667,-1.3100000000000003
5.650833333333333,-1.3175000000000001
5.65125,-1.328833333333333
5.651666666666666,-1.3416666666666668
5.652083333333334,-1.3613333333333335
5.6525,-1.3755
5.652916666666667,-1.3895
5.653333333333333,-1.3925
5.65375,-1.3884999999999998
5.654166666666667,-1.3833333333333335
5.654583333333333,-1.3916666666666668
5.655,-1.403833333333333
5.6554166666666665,-1.4088333333333332
5.655833333333334,-1.4065
5.65625,-1.3861666666666668
5.656666666666666,-1.3616666666666666
5.6570833333333335,-1.349
5.6575,-1.3483333333333334
5.657916666666667,-1.3736666666666668
5.658333333333333,-1.4195
5.65875,-1.4608333333333334
5.659166666666667,-1.5066666666666666
5.659583333333333,-1.5206666666666668
5.66,-1.5206666666666668
5.660416666666666,-1.529333333333333
5.660833333333334,-1.5151666666666668
5.66125,-1.5121666666666667
5.661666666666667,-1.4938333333333331
5.662083333333333,-1.4715
5.6625,-1.458
5.662916666666667,-1.4456666666666667
5.663333333333333,-1.4723333333333333
5.66375,-1.513
5.664166666666667,-1.5568333333333335
5.664583333333334,-1.5995000000000001
5.665,-1.6226666666666667
5.665416666666666,-1.6281666666666668
5.6658333333333335,-1.6153333333333333
5.66625,-1.5916666666666668
5.666666666666667,-1.572
5.667083333333333,-1.5621666666666665
5.6675,-1.5653333333333332
5.667916666666667,-1.5826666666666667
5.668333333333333,-1.5983333333333334
5.66875,-1.614
5.6691666666666665,-1.6226666666666667
5.669583333333334,-1.6313333333333333
5.67,-1.6381666666666665
5.670416666666667,-1.6281666666666668
5.670833333333333,-1.6179999999999997
5.67125,-1.6075
5.671666666666667,-1.5928333333333333
5.672083333333333,-1.5791666666666668
5.6725,-1.5733333333333333
5.672916666666667,-1.5776666666666666
5.673333333333333,-1.5938333333333334
5.67375,-1.6153333333333333
5.674166666666666,-1.6473333333333333
5.6745833333333335,-1.6811666666666667
5.675,-1.6976666666666667
5.675416666666667,-1.7103333333333335
5.675833333333333,-1.7171666666666667
5.67625,-1.7100000000000002
5.676666666666667,-1.71
5.677083333333333,-1.6971666666666667
5.6775,-1.6716666666666666
5.6779166666666665,-1.6388333333333334
5.678333333333334,-1.5966666666666665
5.67875,-1.583
5.679166666666666,-1.5750000000000002
5.679583333333333,-1.5858333333333332
5.68,-1.6136666666666668
5.680416666666667,-1.6363333333333332
5.680833333333333,-1.6676666666666666
5.68125,-1.6768333333333334
5.681666666666667,-1.6821666666666666
5.682083333333333,-1.6769999999999998
5.6825,-1.6646666666666665
5.682916666666666,-1.6591666666666665
5.683333333333334,-1.6468333333333334
5.68375,-1.6376666666666668
5.684166666666667,-1.6246666666666665
5.684583333333333,-1.6161666666666668
5.685,-1.6076666666666668
5.685416666666667,-1.6108333333333331
5.685833333333333,-1.6213333333333333
5.68625,-1.6296666666666668
5.6866666666666665,-1.6418333333333335
5.687083333333334,-1.655333333333333
5.6875,-1.6846666666666668
5.687916666666666,-1.7068333333333332
5.6883333333333335,-1.7208333333333332
5.68875,-1.7256666666666665
5.689166666666667,-1.7203333333333333
5.689583333333333,-1.7046666666666663
5.69,-1.6768333333333334
5.690416666666667,-1.6496666666666666
5.690833333333333,-1.615
5.69125,-1.6018333333333334
5.691666666666666,-1.5938333333333334
5.692083333333334,-1.5863333333333332
5.6925,-1.591
5.692916666666667,-1.5931666666666668
5.693333333333333,-1.6138333333333332
5.69375,-1.6276666666666666
5.694166666666667,-1.6323333333333334
5.694583333333333,-1.636
5.695,-1.6301666666666668
5.695416666666667,-1.6191666666666666
5.695833333333334,-1.6018333333333334
5.69625,-1.5746666666666664
5.696666666666666,-1.5478333333333332
5.6970833333333335,-1.527
5.6975,-1.5021666666666667
5.697916666666667,-1.4885000000000002
5.698333333333333,-1.4693333333333332
5.69875,-1.47
5.699166666666667,-1.4885000000000002
5.699583333333333,-1.5128333333333333
5.7,-1.5483333333333331
5.7004166666666665,-1.5701666666666665
5.700833333333334,-1.5838333333333334
5.70125,-1.5816666666666668
5.701666666666667,-1.5724999999999998
5.702083333333333,-1.5623333333333334
5.7025,-1.553
5.702916666666667,-1.547
5.703333333333333,-1.5376666666666667
5.70375,-1.518
5.704166666666667,-1.4956666666666667
5.704583333333333,-1.4683333333333335
5.705,-1.440166666666667
5.705416666666666,-1.4253333333333333
5.7058333333333335,-1.4151666666666667
5.70625,-1.4211666666666665
5.706666666666667,-1.4333333333333336
5.707083333333333,-1.4341666666666668
5.7075,-1.438
5.707916666666667,-1.4270000000000003
5.708333333333333,-1.4233333333333336
5.70875,-1.4231666666666667
5.7091666666666665,-1.405
5.709583333333334,-1.4078333333333333
5.71,-1.3998333333333335
5.710416666666666,-1.4015000000000002
5.710833333333333,-1.4265
5.71125,-1.4428333333333334
5.711666666666667,-1.4738333333333333
5.712083333333333,-1.4886666666666668
5.7125,-1.4811666666666667
5.712916666666667,-1.4698333333333335
5.713333333333333,-1.4445
5.71375,-1.4334999999999998
5.714166666666666,-1.4373333333333331
5.714583333333334,-1.4431666666666667
5.715,-1.466833333333333
5.715416666666667,-1.4841666666666669
5.715833333333333,-1.4883333333333333
5.71625,-1.4731666666666667
5.716666666666667,-1.4383333333333332
5.717083333333333,-1.4101666666666668
5.7175,-1.3861666666666668
5.7179166666666665,-1.365
5.718333333333334,-1.3461666666666667
5.71875,-1.32
5.719166666666666,-1.2918333333333334
5.7195833333333335,-1.2665
5.72,-1.2333333333333334
5.720416666666667,-1.1989999999999998
5.720833333333333,-1.1706666666666665
5.72125,-1.1563333333333334
5.721666666666667,-1.1645
5.722083333333333,-1.1666666666666665
5.7225,-1.1656666666666666
5.722916666666666,-1.1576666666666668
5.723333333333334,-1.1280000000000001
5.72375,-1.102833333333333
5.724166666666667,-1.0676666666666665
5.724583333333333,-1.0223333333333333
5.725,-0.988
5.725416666666667,-0.9598333333333332
5.725833333333333,-0.9529999999999998
5.72625,-0.9624999999999999
5.726666666666667,-0.9698333333333334
5.727083333333334,-0.9861666666666666
5.7275,-0.9958333333333335
5.727916666666666,-0.9976666666666668
5.7283333333333335,-0.9981666666666666
5.72875,-0.9793333333333333
5.729166666666667,-0.9533333333333331
5.729583333333333,-0.9316666666666665
5.73,-0.9211666666666667
5.730416666666667,-0.9295
5.730833333333333,-0.939
5.73125,-0.9463333333333331
5.7316666666666665,-0.9605
5.732083333333334,-0.9624999999999999
5.7325,-0.9651666666666667
5.732916666666667,-0.9585000000000002
5.733333333333333,-0.9305
5.73375,-0.9071666666666666
5.734166666666667,-0.8696666666666668
5.734583333333333,-0.8388333333333332
5.735,-0.8068333333333332
5.735416666666667,-0.7735
5.735833333333333,-0.7570000000000001
5.73625,-0.7239999999999999
5.736666666666666,-0.6851666666666666
5.7370833333333335,-0.6354999999999998
5.7375,-0.5756666666666667
5.737916666666667,-0.5316666666666666
5.738333333333333,-0.5038333333333332
5.73875,-0.5020000000000001
5.739166666666667,-0.5151666666666667
5.739583333333333,-0.5308333333333334
5.74,-0.5385
5.7404166666666665,-0.5213333333333333
5.740833333333334,-0.4878333333333333
5.74125,-0.4498333333333333
5.741666666666666,-0.41949999999999993
5.742083333333333,-0.4025
5.7425,-0.3919999999999999
5.742916666666667,-0.38116666666666665
5.743333333333333,-0.3713333333333333
5.74375,-0.3591666666666667
5.744166666666667,-0.3431666666666667
5.744583333333333,-0.32783333333333325
5.745,-0.3123333333333333
5.745416666666666,-0.2971666666666666
5.745833333333334,-0.28216666666666673
5.74625,-0.2575000000000001
5.746666666666667,-0.23066666666666658
5.747083333333333,-0.19216666666666674
5.7475,-0.1574999999999999
5.747916666666667,-0.12833333333333327
5.748333333333333,-0.0921666666666668
5.74875,-0.0718333333333332
5.7491666666666665,-0.050333333333333265
5.749583333333334,-0.04066666666666663
5.75,-0.028666666666666618
5.750416666666666,-0.003833333333333281
5.7508333333333335,0.02016666666666674
5.75125,0.06300000000000001
5.751666666666667,0.11466666666666663
5.752083333333333,0.16383333333333341
5.7525,0.20500000000000007
5.752916666666667,0.22366666666666676
5.753333333333333,0.23349999999999996
5.75375,0.24383333333333335
5.754166666666666,0.2623333333333333
5.754583333333334,0.29466666666666663
5.755,0.3383333333333334
5.755416666666667,0.38466666666666666
5.755833333333333,0.43316666666666653
5.75625,0.4801666666666667
5.756666666666667,0.5049999999999999
5.757083333333333,0.5311666666666667
5.7575,0.5463333333333332
5.757916666666667,0.5695
5.758333333333334,0.5966666666666666
5.75875,0.6176666666666667
5.759166666666666,0.6579999999999999
5.7595833333333335,0.6823333333333333
5.76,0.7169999999999997
5.760416666666667,0.7584999999999998
5.760833333333333,0.7848333333333334
5.76125,0.8221666666666666
5.761666666666667,0.842166666666667
5.762083333333333,0.8668333333333335
5.7625,0.9053333333333334
5.7629166666666665,0.9353333333333333
5.763333333333334,0.9796666666666666
5.76375,1.0150000000000001
5.764166666666667,1.0391666666666666
5.764583333333333,1.0755000000000001
5.765,1.0961666666666665
5.765416666666667,1.1201666666666663
5.765833333333333,1.1525
5.76625,1.1841666666666668
5.766666666666667,1.2476666666666667
5.767083333333333,1.3095
5.7675,1.3688333333333336
5.767916666666666,1.4221666666666668
5.7683333333333335,1.4643333333333335
5.76875,1.507
5.769166666666667,1.5393333333333334
5.769583333333333,1.5730000000000002
5.77,1.6048333333333333
5.770416666666667,1.6420000000000001
5.770833333333333,1.6883333333333332
5.77125,1.7294999999999998
5.7716666666666665,1.7766666666666666
5.772083333333334,1.8203333333333334
5.7725,1.8596666666666664
5.772916666666666,1.9111666666666665
5.773333333333333,1.9579999999999995
5.77375,2.0241666666666664
5.774166666666667,2.0925
5.774583333333333,2.1575
5.775,2.2273333333333336
5.775416666666667,2.2645000000000004
5.775833333333333,2.292
5.77625,2.3016666666666663
5.776666666666666,2.3043333333333336
5.777083333333334,2.3174999999999994
5.7775,2.341666666666667
5.777916666666667,2.3916666666666666
5.778333333333333,2.4569999999999994
5.77875,2.533
5.779166666666667,2.6186666666666665
5.779583333333333,2.7006666666666663
5.78,2.7715
5.7804166666666665,2.8425
5.780833333333334,2.896333333333333
5.78125,2.9471666666666665
5.781666666666666,2.9904999999999995
5.7820833333333335,3.0310000000000006
5.7825,3.083166666666667
5.782916666666667,3.1434999999999995
5.783333333333333,3.222
5.78375,3.3068333333333335
5.784166666666667,3.394166666666667
5.784583333333333,3.464166666666666
5.785,3.5145
5.785416666666666,3.540333333333333
5.785833333333334,3.5548333333333333
5.78625,3.5745
5.786666666666667,3.6020000000000003
5.787083333333333,3.6628333333333334
5.7875,3.7365
5.787916666666667,3.8218333333333327
5.788333333333333,3.9151666666666665
5.78875,3.983333333333333
5.789166666666667,4.056500000000001
5.789583333333334,4.118666666666667
5.79,4.176833333333334
5.790416666666666,4.2405
5.7908333333333335,4.298666666666667
5.79125,4.361166666666667
5.791666666666667,4.407833333333333
5.792083333333333,4.458333333333333
5.7925,4.5135
5.792916666666667,4.574333333333333
5.793333333333333,4.645166666666667
5.79375,4.733666666666666
5.7941666666666665,4.835666666666667
5.794583333333334,4.930000000000001
5.795,5.0296666666666665
5.795416666666667,5.117500000000001
5.795833333333333,5.1815
5.79625,5.2365
5.796666666666667,5.280833333333333
5.797083333333333,5.330499999999999
5.7975,5.385333333333334
5.797916666666667,5.451
5.798333333333333,5.537
5.79875,5.635833333333333
5.799166666666666,5.744833333333332
5.7995833333333335,5.8566666666666665
5.8,5.947833333333333
5.800416666666667,6.023500000000001
5.800833333333333,6.0925
5.80125,6.1546666666666665
5.801666666666667,6.225666666666668
5.802083333333333,6.285
5.8025,6.359000000000001
5.8029166666666665,6.446833333333333
5.803333333333334,6.554166666666667
5.80375,6.676333333333333
5.804166666666666,6.786499999999999
5.804583333333333,6.914166666666667
5.805,7.027666666666666
5.805416666666667,7.146166666666667
5.805833333333333,7.265333333333333
5.80625,7.3755000000000015
5.806666666666667,7.477999999999999
5.807083333333333,7.5675
5.8075,7.657666666666667
5.807916666666666,7.741166666666666
5.808333333333334,7.82
5.80875,7.902499999999999
5.809166666666667,7.986666666666667
5.809583333333333,8.075
5.81,8.175166666666668
5.810416666666667,8.276833333333334
5.810833333333333,8.385666666666667
5.81125,8.479666666666668
5.8116666666666665,8.571333333333333
5.812083333333334,8.654166666666667
5.8125,8.733666666666666
5.812916666666666,8.825666666666667
5.8133333333333335,8.921166666666666
5.81375,9.0405
5.814166666666667,9.174666666666667
5.814583333333333,9.333
5.815,9.512166666666667
5.815416666666667,9.690999999999999
5.815833333333333,9.858833333333333
5.81625,10.012166666666667
5.816666666666666,10.1485
5.817083333333334,10.254833333333334
5.8175,10.342333333333332
5.817916666666667,10.413166666666667
5.818333333333333,10.486833333333333
5.81875,10.588833333333334
5.819166666666667,10.719166666666666
5.819583333333333,10.8815
5.82,11.050333333333334
5.820416666666667,11.225500000000002
5.820833333333334,11.400333333333334
5.82125,11.5535
5.821666666666666,11.694666666666665
5.8220833333333335,11.8225
5.8225,11.9475
5.822916666666667,12.071833333333332
5.823333333333333,12.193
5.82375,12.322333333333333
5.824166666666667,12.465166666666667
5.824583333333333,12.622833333333332
5.825,12.798
5.8254166666666665,12.974833333333335
5.825833333333334,13.145000000000001
5.82625,13.297666666666666
5.826666666666667,13.437
5.827083333333333,13.5715
5.8275,13.697833333333334
5.827916666666667,13.838999999999999
5.828333333333333,14.005166666666666
5.82875,14.185166666666667
5.829166666666667,14.376
5.829583333333333,14.573666666666668
5.83,14.773166666666667
5.830416666666666,14.956333333333333
5.8308333333333335,15.122333333333332
5.83125,15.275
5.831666666666667,15.417499999999999
5.832083333333333,15.572833333333334
5.8325,15.738333333333332
5.832916666666667,15.927833333333334
5.833333333333333,16.123166666666666
5.83375,16.329833333333333
5.8341666666666665,16.535833333333333
5.834583333333334,16.730333333333334
5.835,16.925
5.835416666666666,17.114333333333335
5.835833333333333,17.306833333333334
5.83625,17.493833333333335
5.836666666666667,17.691333333333333
5.837083333333333,17.88933333333333
5.8375,18.094833333333334
5.837916666666667,18.310666666666666
5.838333333333333,18.534499999999998
5.83875,18.776833333333332
5.839166666666666,19.0215
5.839583333333334,19.260666666666665
5.84,19.487666666666666
5.840416666666667,19.706166666666668
5.840833333333333,19.934833333333334
5.84125,20.168833333333335
5.841666666666667,20.415499999999998
5.842083333333333,20.66
5.8425,20.89933333333333
5.8429166666666665,21.157833333333333
5.843333333333334,21.412666666666667
5.84375,21.67316666666667
5.844166666666666,21.9255
5.8445833333333335,22.179833333333335
5.845,22.440833333333334
5.845416666666667,22.69
5.845833333333333,22.942833333333336
5.84625,23.18983333333333
5.846666666666667,23.4375
5.847083333333333,23.710333333333335
5.8475,24.004
5.847916666666666,24.308166666666665
5.848333333333334,24.62133333333333
5.84875,24.92916666666667
5.849166666666667,25.238166666666668
5.849583333333333,25.539
5.85,25.835166666666666
5.850416666666667,26.135166666666667
5.850833333333333,26.439333333333334
5.85125,26.762
5.851666666666667,27.092
5.852083333333334,27.42483333333333
5.8525,27.751500000000004
5.852916666666666,28.070000000000004
5.8533333333333335,28.387999999999995
5.85375,28.707166666666666
5.854166666666667,29.0485
5.854583333333333,29.406499999999998
5.855,29.776833333333332
5.855416666666667,30.159000000000002
5.855833333333333,30.535
5.85625,30.906499999999998
5.8566666666666665,31.268833333333337
5.857083333333334,31.630166666666668
5.8575,31.998666666666665
5.857916666666667,32.35783333333333
5.858333333333333,32.720666666666666
5.85875,33.094833333333334
5.859166666666667,33.469500000000004
5.859583333333333,33.84766666666667
5.86,34.23066666666667
5.860416666666667,34.624
5.860833333333333,35.02633333333333
5.86125,35.443
5.861666666666666,35.87199999999999
5.8620833333333335,36.30566666666667
5.8625,36.738499999999995
5.862916666666667,37.184333333333335
5.863333333333333,37.6305
5.86375,38.07
5.864166666666667,38.50683333333333
5.864583333333333,38.9385
5.865,39.39233333333333
5.8654166666666665,39.864
5.865833333333334,40.36566666666667
5.86625,40.88699999999999
5.866666666666666,41.41
5.867083333333333,41.94583333333333
5.8675,42.458666666666666
5.867916666666667,42.961000000000006
5.868333333333333,43.44566666666666
5.86875,43.920500000000004
5.869166666666667,44.39983333333333
5.869583333333333,44.87983333333333
5.87,45.38366666666667
5.870416666666666,45.88283333333333
5.870833333333334,46.40016666666667
5.87125,46.94083333333333
5.871666666666667,47.49816666666666
5.872083333333333,48.0815
5.8725,48.67466666666667
5.872916666666667,49.280499999999996
5.873333333333333,49.88916666666666
5.87375,50.49466666666667
5.8741666666666665,51.09616666666667
5.874583333333334,51.69916666666666
5.875,52.30033333333333
5.875416666666666,52.919333333333334
5.8758333333333335,53.556666666666665
5.87625,54.205333333333336
5.876666666666667,54.878166666666665
5.877083333333333,55.544666666666664
5.8775,56.229000000000006
5.877916666666667,56.91383333333332
5.878333333333333,57.5965
5.87875,58.28783333333334
5.879166666666666,58.97933333333333
5.879583333333334,59.68099999999999
5.88,60.383500000000005
5.880416666666667,61.102666666666664
5.880833333333333,61.821333333333335
5.88125,62.532999999999994
5.881666666666667,63.25283333333332
5.882083333333333,63.975500000000004
5.8825,64.72
5.882916666666667,65.491
5.883333333333334,66.27483333333332
5.88375,67.079
5.884166666666666,67.88083333333333
5.8845833333333335,68.68549999999999
5.885,69.4835
5.885416666666667,70.26466666666667
5.885833333333333,71.0565
5.88625,71.86283333333334
5.886666666666667,72.68333333333334
5.887083333333333,73.53833333333333
5.8875,74.40849999999999
5.8879166666666665,75.27983333333333
5.888333333333334,76.16799999999999
5.88875,77.05733333333333
5.889166666666667,77.946
5.889583333333333,78.8385
5.89,79.7285
5.890416666666667,80.619
5.890833333333333,81.51666666666667
5.89125,82.41616666666667
5.891666666666667,83.3395
5.892083333333333,84.295
5.8925,85.27166666666666
5.892916666666666,86.279
5.8933333333333335,87.30799999999999
5.89375,88.341
5.894166666666667,89.39083333333333
5.894583333333333,90.4295
5.895,91.46866666666666
5.895416666666667,92.50600000000001
5.895833333333333,93.52016666666667
5.89625,94.55233333333332
5.8966666666666665,95.57316666666667
5.897083333333334,96.60766666666666
5.8975,97.66966666666667
5.897916666666666,98.7525
5.898333333333333,99.8565
5.89875,100.96883333333334
5.899166666666667,102.09649999999999
5.899583333333333,103.23766666666666
5.9,104.39466666666665
5.900416666666667,105.56383333333333
5.900833333333333,106.74516666666666
5.90125,107.93950000000001
5.901666666666666,109.14800000000001
5.902083333333334,110.35633333333332
5.9025,111.56833333333333
5.902916666666667,112.7975
5.903333333333333,114.0305
5.90375,115.26983333333332
5.904166666666667,116.52166666666666
5.904583333333333,117.76650000000001
5.905,119.02783333333333
5.9054166666666665,120.30533333333334
5.905833333333334,121.59433333333332
5.90625,122.907
5.906666666666666,124.24066666666668
5.9070833333333335,125.61333333333334
5.9075,127.00299999999999
5.907916666666667,128.39116666666663
5.908333333333333,129.78750000000002
5.90875,131.17249999999999
5.909166666666667,132.54216666666667
5.909583333333333,133.932
5.91,135.33166666666668
5.910416666666666,136.767
5.910833333333334,138.25483333333332
5.91125,139.768
5.911666666666667,141.31083333333333
5.912083333333333,142.84983333333332
5.9125,144.376
5.912916666666667,145.87883333333335
5.913333333333333,147.363
5.91375,148.84900000000002
5.914166666666667,150.34783333333334
5.914583333333334,151.87133333333333
5.915,153.41533333333334
5.915416666666666,154.98933333333335
5.9158333333333335,156.5935
5.91625,158.22733333333332
5.916666666666667,159.8715
5.917083333333333,161.51716666666667
5.9175,163.16433333333333
5.917916666666667,164.82416666666666
5.918333333333333,166.50416666666666
5.91875,168.21533333333332
5.9191666666666665,169.9581666666667
5.919583333333334,171.71766666666667
5.92,173.5035
5.920416666666667,175.29566666666665
5.920833333333333,177.08516666666665
5.92125,178.87316666666666
5.921666666666667,180.6685
5.922083333333333,182.47416666666666
5.9225,184.29866666666666
5.922916666666667,186.13866666666664
5.923333333333333,187.98433333333332
5.92375,189.83933333333334
5.924166666666666,191.69583333333333
5.9245833333333335,193.56216666666668
5.925,195.4295
5.925416666666667,197.32033333333334
5.925833333333333,199.22733333333335
5.92625,201.15599999999998
5.926666666666667,203.11750000000004
5.927083333333333,205.0811666666667
5.9275,207.073
5.9279166666666665,209.06816666666668
5.928333333333334,211.07516666666666
5.92875,213.10799999999998
5.929166666666666,215.14616666666666
5.929583333333333,217.22883333333334
5.93,219.308
5.930416666666667,221.3985
5.930833333333333,223.509
5.93125,225.61283333333333
5.931666666666667,227.75566666666666
5.932083333333333,229.89566666666667
5.9325,232.05416666666667
5.932916666666666,234.2255
5.933333333333334,236.39283333333336
5.93375,238.55633333333333
5.934166666666667,240.68983333333333
5.934583333333333,242.8285
5.935,244.97633333333332
5.935416666666667,247.18800000000002
5.935833333333333,249.4723333333333
5.93625,251.81933333333336
5.9366666666666665,254.2288333333333
5.937083333333334,256.6568333333333
5.9375,259.1021666666667
5.937916666666666,261.5098333333333
5.9383333333333335,263.8851666666667
5.93875,266.2418333333333
5.939166666666667,268.57216666666665
5.939583333333333,270.94533333333334
5.94,273.3491666666667
5.940416666666667,275.7928333333333
5.940833333333333,278.2525
5.94125,280.72833333333335
5.941666666666666,283.2193333333334
5.942083333333334,285.6893333333333
5.9425,288.1865
5.942916666666667,290.6863333333333
5.943333333333333,293.21816666666666
5.94375,295.77383333333336
5.944166666666667,298.37033333333335
5.944583333333333,300.994
5.945,303.60783333333336
5.945416666666667,306.245
5.945833333333334,308.88033333333334
5.94625,311.53299999999996
5.946666666666666,314.18466666666666
5.9470833333333335,316.8396666666667
5.9475,319.5125
5.947916666666667,322.1855
5.948333333333333,324.8705
5.94875,327.569
5.949166666666667,330.2726666666667
5.949583333333333,332.9885
5.95,335.72316666666666
5.9504166666666665,338.50233333333335
5.950833333333334,341.289
5.95125,344.0696666666667
5.951666666666667,346.8685
5.952083333333333,349.6875
5.9525,352.557
5.952916666666667,355.4458333333334
5.953333333333333,358.378
5.95375,361.3596666666667
5.954166666666667,364.3401666666667
5.954583333333333,367.33833333333337
5.955,370.30400000000003
5.955416666666666,373.2181666666667
5.9558333333333335,376.11899999999997
5.95625,379.0055
5.956666666666667,381.9401666666667
5.957083333333333,384.90616666666665
5.9575,387.88966666666664
5.957916666666667,390.90833333333336
5.958333333333333,393.9191666666666
5.95875,396.9478333333334
5.9591666666666665,399.98983333333337
5.959583333333334,403.0671666666667
5.96,406.18066666666664
5.960416666666666,409.3288333333333
5.960833333333333,412.52383333333336
5.96125,415.72399999999993
5.961666666666667,418.906
5.962083333333333,422.0568333333333
5.9625,425.1965
5.962916666666667,428.33833333333337
5.963333333333333,431.5163333333333
5.96375,434.69433333333336
5.964166666666666,437.8781666666667
5.964583333333334,441.0488333333333
5.965,444.19066666666663
5.965416666666667,447.35383333333334
5.965833333333333,450.5258333333333
5.96625,453.72883333333334
5.966666666666667,456.97433333333333
5.967083333333333,460.243
5.9675,463.54
5.9679166666666665,466.8658333333333
5.968333333333334,470.1931666666667
5.96875,473.55099999999993
5.969166666666666,476.87083333333334
5.9695833333333335,480.203
5.97,483.56266666666664
5.970416666666667,486.91900000000004
5.970833333333333,490.31183333333337
5.97125,493.7075
5.971666666666667,497.13550000000004
5.972083333333333,500.58033333333333
5.9725,504.0553333333333
5.972916666666666,507.5088333333333
5.973333333333334,510.9721666666667
5.97375,514.4511666666666
5.974166666666667,517.919
5.974583333333333,521.3938333333334
5.975,524.831
5.975416666666667,528.2693333333333
5.975833333333333,531.6850000000001
5.97625,535.0731666666667
5.976666666666667,538.4865
5.977083333333334,541.8956666666667
5.9775,545.325
5.977916666666666,548.7788333333333
5.9783333333333335,552.2026666666667
5.97875,555.6136666666666
5.979166666666667,558.9933333333333
5.979583333333333,562.413
5.98,565.8838333333333
5.980416666666667,569.3673333333334
5.980833333333333,572.9060000000001
5.98125,576.4815
5.9816666666666665,580.1073333333333
5.982083333333334,583.7425
5.9825,587.3656666666667
5.982916666666667,590.9426666666667
5.983333333333333,594.4683333333334
5.98375,597.9888333333333
5.984166666666667,601.4841666666667
5.984583333333333,604.9741666666667
5.985,608.4544999999999
5.985416666666667,611.9136666666667
5.985833333333333,615.3608333333333
5.98625,618.8066666666667
5.986666666666666,622.2901666666667
5.9870833333333335,625.8318333333334
5.9875,629.4336666666667
5.987916666666667,633.081
5.988333333333333,636.7273333333334
5.98875,640.3166666666666
5.989166666666667,643.8991666666666
5.989583333333333,647.4103333333334
5.99,650.8303333333333
5.9904166666666665,654.3121666666667
5.990833333333334,657.8396666666667
5.99125,661.4451666666668
5.991666666666666,665.0541666666667
5.992083333333333,668.5581666666667
5.9925,671.9816666666667
5.992916666666667,675.3118333333333
5.993333333333333,678.663
5.99375,682.0986666666666
5.994166666666667,685.6030000000001
5.994583333333333,689.1985
5.995,692.814
5.995416666666666,696.4221666666667
5.995833333333334,699.9198333333334
5.99625,703.3001666666668
5.996666666666667,706.6503333333334
5.997083333333333,710.0181666666667
5.9975,713.4630000000001
5.997916666666667,716.8996666666667
5.998333333333333,720.3208333333333
5.99875,723.7238333333335
5.9991666666666665,727.1363333333334
5.999583333333334,730.591
6.0,734.0450000000001
6.000416666666666,737.3876666666666
6.0008333333333335,740.6355
6.00125,743.8571666666667
6.001666666666667,746.9746666666666
6.002083333333333,750.0688333333334
6.0025,753.1456666666668
6.002916666666667,756.2796666666667
6.003333333333333,759.5185
6.00375,762.6836666666667
6.004166666666666,765.6913333333332
6.004583333333334,768.4544999999999
6.005,771.0626666666667
6.005416666666667,773.6713333333333
6.005833333333333,776.2633333333333
6.00625,778.9051666666668
6.006666666666667,781.5695
6.007083333333333,784.3193333333334
6.0075,787.221
6.007916666666667,790.1831666666667
6.008333333333334,793.0698333333333
6.00875,795.7633333333333
6.009166666666666,798.3243333333334
6.0095833333333335,800.7033333333334
6.01,803.0213333333335
6.010416666666667,805.2646666666666
6.010833333333333,807.4638333333332
6.01125,809.7044999999999
6.011666666666667,811.9788333333332
6.012083333333333,814.2711666666668
6.0125,816.4578333333334
6.0129166666666665,818.6486666666666
6.013333333333334,820.8251666666666
6.01375,823.0949999999999
6.014166666666667,825.4076666666668
6.014583333333333,827.6776666666668
6.015,829.8126666666667
6.015416666666667,831.8056666666666
6.015833333333333,833.7545
6.01625,835.6281666666665
6.016666666666667,837.5286666666667
6.017083333333333,839.3564999999999
6.0175,841.0848333333333
6.017916666666666,842.6658333333334
6.0183333333333335,844.2800000000001
6.01875,845.8945
6.019166666666667,847.4580000000001
6.019583333333333,849.1325
6.02,850.8053333333334
6.020416666666667,852.4913333333334
6.020833333333333,854.0106666666667
6.02125,855.2991666666667
6.0216666666666665,856.4156666666667
6.022083333333334,857.3801666666668
6.0225,858.4335000000001
6.022916666666666,859.4948333333333
6.023333333333333,860.4068333333335
6.02375,861.1260000000001
6.024166666666667,861.6515
6.024583333333333,861.9991666666666
6.025,861.9668333333333
6.025416666666667,861.7333333333332
6.025833333333333,861.3043333333334
6.02625,860.7780000000001
6.026666666666666,860.2871666666668
6.027083333333334,859.6448333333334
6.0275,858.9656666666666
6.027916666666667,858.1058333333334
6.028333333333333,857.087
6.02875,855.977
6.029166666666667,854.6931666666666
6.029583333333333,853.2398333333332
6.03,851.6866666666666
6.0304166666666665,849.8580000000001
6.030833333333334,847.8425000000001
6.03125,845.6773333333332
6.031666666666666,843.2553333333332
6.0320833333333335,840.7726666666667
6.0325,838.0696666666668
6.032916666666667,835.151
6.033333333333333,832.0563333333333
6.03375,828.7328333333335
6.034166666666667,825.206
6.034583333333333,821.5218333333333
6.035,817.7203333333333
6.035416666666666,813.9564999999999
6.035833333333334,810.2391666666666
6.03625,806.4873333333334
6.036666666666667,802.7096666666667
6.037083333333333,798.7941666666667
6.0375,794.784
6.037916666666667,790.7024999999999
6.038333333333333,786.4816666666666
6.03875,782.1185
6.039166666666667,777.524
6.039583333333334,772.7738333333333
6.04,767.8553333333334
6.040416666666666,762.837
6.0408333333333335,757.7858333333334
6.04125,752.6948333333333
6.041666666666667,747.6370000000001
6.042083333333333,742.5664999999999
6.0425,737.4643333333333
6.042916666666667,732.1928333333334
6.043333333333333,726.8351666666667
6.04375,721.3703333333333
6.0441666666666665,715.8148333333334
6.044583333333334,710.1933333333333
6.045,704.4960000000001
6.045416666666667,698.7719999999999
6.045833333333333,692.9486666666667
6.04625,687.0281666666666
6.046666666666667,680.9895
6.047083333333333,674.8353333333333
6.0475,668.5568333333333
6.047916666666667,662.2338333333333
6.048333333333333,655.7743333333334
6.04875,649.149
6.049166666666666,642.4048333333334
6.0495833333333335,635.4744999999999
6.05,628.4366666666667
6.050416666666667,621.2408333333333
6.050833333333333,613.937
6.05125,606.5695
6.051666666666667,599.0803333333334
6.052083333333333,591.5293333333333
6.0525,583.853
6.0529166666666665,576.0363333333333
6.053333333333334,568.089
6.05375,560.005
6.054166666666666,551.7755000000001
6.054583333333333,543.411
6.055,534.9156666666667
6.055416666666667,526.3075
6.055833333333333,517.6208333333333
6.05625,508.8865
6.056666666666667,500.1416666666667
6.057083333333333,491.34649999999993
6.0575,482.51416666666665
6.057916666666666,473.60999999999996
6.058333333333334,464.61650000000003
6.05875,455.56583333333333
6.059166666666667,446.4551666666666
6.059583333333333,437.3231666666666
6.06,428.1748333333334
6.060416666666667,419.0118333333333
6.060833333333333,409.90166666666664
6.06125,400.827
6.0616666666666665,391.8186666666666
6.062083333333334,382.888
6.0625,373.9925
6.062916666666666,365.1743333333333
6.0633333333333335,356.4096666666667
6.06375,347.70266666666663
6.064166666666667,339.068
6.064583333333333,330.4943333333333
6.065,322.0353333333333
6.065416666666667,313.705
6.065833333333333,305.51783333333333
6.06625,297.47749999999996
6.066666666666666,289.5686666666667
6.067083333333334,281.81233333333336
6.0675,274.2
6.067916666666667,266.7421666666667
6.068333333333333,259.419
6.06875,252.227
6.069166666666667,245.18883333333335
6.069583333333333,238.30916666666667
6.07,231.6045
6.070416666666667,225.072
6.070833333333334,218.72366666666667
6.07125,212.57083333333333
6.071666666666666,206.59466666666665
6.0720833333333335,200.77949999999998
6.0725,195.10799999999998
6.072916666666667,189.56283333333332
6.073333333333333,184.1496666666667
6.07375,178.88583333333335
6.074166666666667,173.768
6.074583333333333,168.81949999999998
6.075,164.05016666666668
6.0754166666666665,159.46016666666665
6.075833333333334,155.01966666666667
6.07625,150.70283333333333
6.076666666666667,146.50883333333334
6.077083333333333,142.42516666666668
6.0775,138.4535
6.077916666666667,134.60066666666668
6.078333333333333,130.88883333333334
6.07875,127.29983333333332
6.079166666666667,123.85616666666668
6.079583333333333,120.53916666666667
6.08,117.33933333333333
6.080416666666666,114.26433333333334
6.0808333333333335,111.2805
6.08125,108.40716666666667
6.081666666666667,105.6355
6.082083333333333,102.97300000000001
6.0825,100.41866666666665
6.082916666666667,97.95716666666665
6.083333333333333,95.58049999999999
6.08375,93.28649999999999
6.0841666666666665,91.062
6.084583333333334,88.89416666666666
6.085,86.786
6.085416666666666,84.7315
6.085833333333333,82.75083333333333
6.08625,80.85333333333334
6.086666666666667,79.02449999999999
6.087083333333333,77.28216666666667
6.0875,75.62383333333334
6.087916666666667,74.041
6.088333333333333,72.5335
6.08875,71.062
6.089166666666666,69.6365
6.089583333333334,68.2465
6.09,66.88933333333334
6.090416666666667,65.57183333333333
6.090833333333333,64.27533333333334
6.09125,63.01766666666668
6.091666666666667,61.79516666666668
6.092083333333333,60.61333333333334
6.0925,59.486333333333334
6.0929166666666665,58.410333333333334
6.093333333333334,57.40033333333333
6.09375,56.44766666666667
6.094166666666666,55.54066666666666
6.0945833333333335,54.669333333333334
6.095,53.8065
6.095416666666667,52.945166666666665
6.095833333333333,52.083
6.09625,51.237500000000004
6.096666666666667,50.41316666666666
6.097083333333333,49.63249999999999
6.0975,48.895833333333336
6.097916666666666,48.19233333333333
6.098333333333334,47.525666666666666
6.09875,46.8675
6.099166666666667,46.22583333333333
6.099583333333333,45.58016666666666
6.1,44.93333333333334
6.100416666666667,44.31
6.100833333333333,43.69233333333333
6.10125,43.10466666666667
6.101666666666667,42.54083333333333
6.102083333333334,41.99516666666667
6.1025,41.470666666666666
6.102916666666666,40.94883333333333
6.1033333333333335,40.439166666666665
6.10375,39.93666666666666
6.104166666666667,39.45516666666666
6.104583333333333,39.0055
6.105,38.589
6.105416666666667,38.213
6.105833333333333,37.84716666666666
6.10625,37.48083333333333
6.1066666666666665,37.097833333333334
6.107083333333334,36.68683333333333
6.1075,36.258
6.107916666666667,35.805
6.108333333333333,35.3675
6.10875,34.945166666666665
6.109166666666667,34.554833333333335
6.109583333333333,34.21
6.11,33.88483333333333
6.110416666666667,33.604
6.110833333333333,33.335
6.11125,33.08166666666667
6.111666666666666,32.815
6.1120833333333335,32.52133333333334
6.1125,32.22266666666667
6.112916666666667,31.902833333333337
6.113333333333333,31.590166666666665
6.11375,31.269833333333334
6.114166666666667,30.961333333333332
6.114583333333333,30.674666666666667
6.115,30.397333333333336
6.1154166666666665,30.129
6.115833333333334,29.863666666666663
6.11625,29.610333333333333
6.116666666666666,29.37183333333333
6.117083333333333,29.145666666666667
6.1175,28.93466666666667
6.117916666666667,28.730166666666662
6.118333333333333,28.52633333333333
6.11875,28.333166666666667
6.119166666666667,28.127
6.119583333333333,27.90733333333333
6.12,27.685666666666666
6.120416666666666,27.459999999999997
6.120833333333334,27.236333333333334
6.12125,27.016333333333332
6.121666666666667,26.81566666666667
6.122083333333333,26.637666666666664
6.1225,26.4615
6.122916666666667,26.291833333333333
6.123333333333333,26.108666666666664
6.12375,25.9175
6.1241666666666665,25.73466666666667
6.124583333333334,25.555333333333333
6.125,25.38566666666667
6.125416666666666,25.220833333333335
6.1258333333333335,25.080666666666662
6.12625,24.94666666666667
6.126666666666667,24.804666666666666
6.127083333333333,24.662000000000003
6.1275,24.50883333333333
6.127916666666667,24.35466666666667
6.128333333333333,24.19483333333333
6.12875,24.031500000000005
6.129166666666666,23.859166666666667
6.129583333333334,23.67833333333333
6.13,23.520666666666667
6.130416666666667,23.381666666666664
6.130833333333333,23.259666666666664
6.13125,23.1635
6.131666666666667,23.073666666666664
6.132083333333333,22.9765
6.1325,22.8685
6.132916666666667,22.754833333333334
6.133333333333334,22.63083333333333
6.13375,22.4975
6.134166666666666,22.369666666666664
6.1345833333333335,22.229833333333332
6.135,22.084333333333333
6.135416666666667,21.92833333333333
6.135833333333333,21.764833333333332
6.13625,21.605499999999996
6.136666666666667,21.458499999999997
6.137083333333333,21.341333333333335
6.1375,21.24
6.1379166666666665,21.15516666666667
6.138333333333334,21.078333333333333
6.13875,21.001499999999997
6.139166666666667,20.921666666666667
6.139583333333333,20.83083333333333
6.14,20.734666666666666
6.140416666666667,20.633166666666664
6.140833333333333,20.53616666666667
6.14125,20.44066666666667
6.141666666666667,20.3455
6.142083333333333,20.24983333333333
6.1425,20.135
6.142916666666666,20.014333333333333
6.1433333333333335,19.8915
6.14375,19.764666666666667
6.144166666666667,19.6505
6.144583333333333,19.548166666666667
6.145,19.460166666666666
6.145416666666667,19.375500000000002
6.145833333333333,19.291500000000003
6.14625,19.207666666666665
6.1466666666666665,19.106166666666667
6.147083333333334,19.00766666666667
6.1475,18.910833333333333
6.147916666666666,18.821166666666667
6.148333333333333,18.7405
6.14875,18.666833333333333
6.149166666666667,18.617
6.149583333333333,18.578666666666667
6.15,18.552833333333332
6.150416666666667,18.5275
6.150833333333333,18.493166666666667
6.15125,18.456166666666665
6.151666666666666,18.405833333333334
6.152083333333334,18.34183333333333
6.1525,18.256333333333334
6.152916666666667,18.170666666666666
6.153333333333333,18.092333333333332
6.15375,18.01233333333333
6.154166666666667,17.93133333333333
6.154583333333333,17.8405
6.155,17.749333333333336
6.1554166666666665,17.652
6.155833333333334,17.558000000000003
6.15625,17.473
6.156666666666666,17.396833333333333
6.1570833333333335,17.346833333333333
6.1575,17.3145
6.157916666666667,17.284666666666666
6.158333333333333,17.249
6.15875,17.206666666666667
6.159166666666667,17.152833333333334
6.159583333333333,17.079
6.16,17.002499999999998
6.160416666666666,16.922166666666666
6.160833333333334,16.8495
6.16125,16.784333333333333
6.161666666666667,16.714
6.162083333333333,16.642166666666665
6.1625,16.56683333333333
6.162916666666667,16.502
6.163333333333333,16.434333333333335
6.16375,16.366833333333336
6.164166666666667,16.308333333333334
6.164583333333334,16.256833333333336
6.165,16.212833333333336
6.165416666666666,16.177
6.1658333333333335,16.130833333333335
6.16625,16.084833333333332
6.166666666666667,16.05666666666667
6.167083333333333,16.02333333333333
6.1675,15.990499999999999
6.167916666666667,15.931166666666668
6.168333333333333,15.876333333333333
6.16875,15.829166666666667
6.1691666666666665,15.774499999999998
6.169583333333334,15.742666666666667
6.17,15.693833333333332
6.170416666666667,15.652000000000001
6.170833333333333,15.6195
6.17125,15.571333333333333
6.171666666666667,15.530499999999998
6.172083333333333,15.495
6.1725,15.480666666666664
6.172916666666667,15.472666666666667
6.173333333333333,15.459999999999999
6.17375,15.433
6.174166666666666,15.387166666666667
6.1745833333333335,15.331666666666665
6.175,15.261333333333333
6.175416666666667,15.206333333333333
6.175833333333333,15.159833333333333
6.17625,15.129999999999997
6.176666666666667,15.106
6.177083333333333,15.075000000000001
6.1775,15.059166666666668
6.1779166666666665,15.051499999999999
6.178333333333334,15.0555
6.17875,15.051666666666668
6.179166666666666,15.040833333333333
6.179583333333333,15.0225
6.18,14.985833333333332
6.180416666666667,14.935833333333335
6.180833333333333,14.8645
6.18125,14.793333333333331
6.181666666666667,14.732333333333331
6.182083333333333,14.671666666666667
6.1825,14.618
6.182916666666666,14.561666666666667
6.183333333333334,14.513833333333332
6.18375,14.483333333333334
6.184166666666667,14.4535
6.184583333333333,14.426166666666667
6.185,14.408333333333333
6.185416666666667,14.38
6.185833333333333,14.344666666666667
6.18625,14.3025
6.1866666666666665,14.245166666666668
6.187083333333334,14.198
6.1875,14.143166666666668
6.187916666666666,14.088833333333334
6.1883333333333335,14.040166666666666
6.18875,13.993000000000002
6.189166666666667,13.965166666666667
6.189583333333333,13.939500000000002
6.19,13.909166666666666
6.190416666666667,13.887
6.190833333333333,13.856833333333332
6.19125,13.826666666666666
6.191666666666666,13.799333333333335
6.192083333333334,13.77816666666667
6.1925,13.765166666666666
6.192916666666667,13.751666666666665
6.193333333333333,13.747
6.19375,13.735333333333331
6.194166666666667,13.733666666666666
6.194583333333333,13.722833333333334
6.195,13.701999999999998
6.195416666666667,13.679166666666667
6.195833333333334,13.649333333333333
6.19625,13.629666666666665
6.196666666666666,13.601333333333335
6.1970833333333335,13.568333333333333
6.1975,13.542000000000002
6.197916666666667,13.5075
6.198333333333333,13.475833333333332
6.19875,13.441
6.199166666666667,13.397
6.199583333333333,13.362166666666667
6.2,13.333833333333333
6.2004166666666665,13.321666666666667
6.200833333333334,13.316
6.20125,13.305
6.201666666666667,13.296999999999999
6.202083333333333,13.272333333333334
6.2025,13.234000000000002
6.202916666666667,13.187666666666667
6.203333333333333,13.133333333333333
6.20375,13.085499999999998
6.204166666666667,13.0355
6.204583333333333,12.999333333333333
6.205,12.974666666666666
6.205416666666666,12.951499999999998
6.2058333333333335,12.941166666666666
6.20625,12.939
6.206666666666667,12.9355
6.207083333333333,12.927833333333332
6.2075,12.908833333333332
6.207916666666667,12.890833333333333
6.208333333333333,12.866999999999999
6.20875,12.840000000000002
6.2091666666666665,12.8195
6.209583333333334,12.802666666666667
6.21,12.795333333333334
6.210416666666666,12.780833333333332
6.210833333333333,12.763000000000003
6.21125,12.725833333333332
6.211666666666667,12.668333333333335
6.212083333333333,12.614333333333333
6.2125,12.556666666666667
6.212916666666667,12.514666666666665
6.213333333333333,12.488166666666666
6.21375,12.471166666666667
6.214166666666666,12.475999999999999
6.214583333333334,12.475999999999999
6.215,12.473833333333333
6.215416666666667,12.476666666666667
6.215833333333333,12.463499999999998
6.21625,12.451499999999998
6.216666666666667,12.435666666666668
6.217083333333333,12.411833333333334
6.2175,12.3975
6.2179166666666665,12.374666666666668
6.218333333333334,12.352666666666666
6.21875,12.337166666666667
6.219166666666666,12.3145
6.2195833333333335,12.293000000000001
6.22,12.271666666666667
6.220416666666667,12.249166666666666
6.220833333333333,12.235166666666665
6.22125,12.210666666666668
6.221666666666667,12.194333333333333
6.222083333333333,12.181666666666667
6.2225,12.164
6.222916666666666,12.159
6.223333333333334,12.138666666666667
6.22375,12.117666666666665
6.224166666666667,12.088166666666668
6.224583333333333,12.055833333333334
6.225,12.030333333333331
6.225416666666667,11.998
6.225833333333333,11.974333333333334
6.22625,11.959166666666667
6.226666666666667,11.941333333333333
6.227083333333334,11.920833333333333
6.2275,11.886166666666668
6.227916666666666,11.850999999999999
6.2283333333333335,11.824833333333332
6.22875,11.8115
6.229166666666667,11.813166666666667
6.229583333333333,11.825833333333334
6.23,11.850333333333333
6.230416666666667,11.871500000000003
6.230833333333333,11.8825
6.23125,11.866999999999999
6.2316666666666665,11.8335
6.232083333333334,11.785833333333334
6.2325,11.7435
6.232916666666667,11.711166666666665
6.233333333333333,11.686
6.23375,11.673833333333334
6.234166666666667,11.663333333333334
6.234583333333333,11.661333333333333
6.235,11.656999999999998
6.235416666666667,11.649833333333333
6.235833333333333,11.640833333333333
6.23625,11.622
6.236666666666666,11.605333333333332
6.2370833333333335,11.588333333333333
6.2375,11.559333333333335
6.237916666666667,11.524000000000001
6.238333333333333,11.479
6.23875,11.443
6.239166666666667,11.417333333333334
6.239583333333333,11.404333333333334
6.24,11.408999999999999
6.2404166666666665,11.410333333333334
6.240833333333334,11.409
6.24125,11.413499999999999
6.241666666666666,11.422166666666667
6.242083333333333,11.425666666666666
6.2425,11.427666666666667
6.242916666666667,11.427666666666667
6.243333333333333,11.418833333333332
6.24375,11.413666666666666
6.244166666666667,11.406
6.244583333333333,11.395166666666668
6.245,11.380333333333333
6.245416666666666,11.363333333333335
6.245833333333334,11.353500000000002
6.24625,11.326833333333333
6.246666666666667,11.289833333333334
6.247083333333333,11.253333333333332
6.2475,11.222499999999998
6.247916666666667,11.2125
6.248333333333333,11.202333333333334
6.24875,11.204833333333333
6.2491666666666665,11.204333333333333
6.249583333333334,11.193
6.25,11.175666666666666
6.250416666666666,11.13
6.2508333333333335,11.084166666666667
6.25125,11.031333333333334
6.251666666666667,10.982166666666666
6.252083333333333,10.951666666666668
6.2525,10.9305
6.252916666666667,10.927333333333332
6.253333333333333,10.943333333333333
6.25375,10.9715
6.254166666666666,10.988
6.254583333333334,10.988999999999999
6.255,10.972166666666666
6.255416666666667,10.942333333333332
6.255833333333333,10.905166666666666
6.25625,10.874
6.256666666666667,10.859666666666667
6.257083333333333,10.847166666666666
6.2575,10.832833333333333
6.257916666666667,10.814333333333332
6.258333333333334,10.792333333333334
6.25875,10.758833333333335
6.259166666666666,10.732
6.2595833333333335,10.7235
6.26,10.7145
6.260416666666667,10.713833333333334
6.260833333333333,10.711666666666666
6.26125,10.693666666666665
6.261666666666667,10.658666666666667
6.262083333333333,10.603
6.2625,10.564
6.2629166666666665,10.548166666666665
6.263333333333334,10.551833333333333
6.26375,10.579833333333333
6.264166666666667,10.611833333333333
6.264583333333333,10.6385
6.265,10.646833333333333
6.265416666666667,10.642166666666666
6.265833333333333,10.612333333333334
6.26625,10.571
6.266666666666667,10.545
6.267083333333333,10.518166666666666
6.2675,10.513833333333332
6.267916666666666,10.507166666666668
6.2683333333333335,10.491333333333333
6.26875,10.4825
6.269166666666667,10.4575
6.269583333333333,10.447666666666665
6.27,10.4355
6.270416666666667,10.424999999999999
6.270833333333333,10.430166666666667
6.27125,10.437166666666666
6.2716666666666665,10.460833333333333
6.272083333333334,10.479166666666666
6.2725,10.487833333333333
6.272916666666666,10.494333333333334
6.273333333333333,10.491
6.27375,10.4815
6.274166666666667,10.469333333333333
6.274583333333333,10.455333333333334
6.275,10.426666666666668
6.275416666666667,10.383000000000001
6.275833333333333,10.349666666666666
6.27625,10.309333333333333
6.276666666666666,10.268333333333333
6.277083333333334,10.254666666666667
6.2775,10.254333333333333
6.277916666666667,10.274
6.278333333333333,10.300166666666666
6.27875,10.310166666666666
6.279166666666667,10.306
6.279583333333333,10.274500000000002
6.28,10.253333333333332
6.2804166666666665,10.235999999999999
6.280833333333334,10.209833333333334
6.28125,10.206
6.281666666666666,10.2045
6.2820833333333335,10.216499999999998
6.2825,10.229666666666667
6.282916666666667,10.245
6.283333333333333,10.264000000000001
6.28375,10.280166666666666
6.284166666666667,10.302999999999999
6.284583333333333,10.3075
6.285,10.307333333333334
6.285416666666666,10.295499999999999
6.285833333333334,10.289666666666667
6.28625,10.291500000000001
6.286666666666667,10.281833333333333
6.287083333333333,10.276833333333332
6.2875,10.254166666666666
6.287916666666667,10.226333333333335
6.288333333333333,10.191500000000001
6.28875,10.158666666666667
6.289166666666667,10.140833333333333
6.289583333333334,10.127999999999998
6.29,10.136666666666668
6.290416666666666,10.159
6.2908333333333335,10.181833333333335
6.29125,10.197000000000001
6.291666666666667,10.207333333333333
6.292083333333333,10.205833333333333
6.2925,10.188333333333334
6.292916666666667,10.169333333333332
6.293333333333333,10.150833333333333
6.29375,10.133000000000001
6.2941666666666665,10.116166666666667
6.294583333333334,10.106166666666667
6.295,10.103833333333332
6.295416666666667,10.098
6.295833333333333,10.089166666666666
6.29625,10.075666666666669
6.296666666666667,10.061166666666667
6.297083333333333,10.046833333333334
6.2975,10.029666666666666
6.297916666666667,9.996166666666667
6.298333333333333,9.957166666666668
6.29875,9.923666666666666
6.299166666666666,9.900333333333334
6.2995833333333335,9.902333333333333
6.3,9.903333333333334
6.300416666666667,9.913166666666667
6.300833333333333,9.931
6.30125,9.943166666666666
6.301666666666667,9.959666666666665
6.302083333333333,9.966333333333333
6.3025,9.977666666666666
6.3029166666666665,9.989666666666666
6.303333333333334,9.998666666666667
6.30375,9.996666666666668
6.304166666666666,9.973
6.304583333333333,9.937833333333334
6.305,9.899666666666667
6.305416666666667,9.873333333333333
6.305833333333333,9.857000000000001
6.30625,9.847333333333333
6.306666666666667,9.836666666666666
6.307083333333333,9.825333333333331
6.3075,9.818333333333333
6.307916666666666,9.813666666666666
6.308333333333334,9.802333333333335
6.30875,9.796999999999999
6.309166666666667,9.796333333333333
6.309583333333333,9.788499999999999
6.31,9.786
6.310416666666667,9.776666666666666
6.310833333333333,9.774666666666667
6.31125,9.775666666666668
6.3116666666666665,9.785666666666666
6.312083333333334,9.8035
6.3125,9.805
6.312916666666666,9.803666666666667
6.3133333333333335,9.790166666666666
6.31375,9.771666666666667
6.314166666666667,9.747833333333334
6.314583333333333,9.7135
6.315,9.689333333333334
6.315416666666667,9.663499999999999
6.315833333333333,9.6535
6.31625,9.666666666666666
6.316666666666666,9.682833333333333
6.317083333333334,9.715833333333334
6.3175,9.737333333333334
6.317916666666667,9.7525
6.318333333333333,9.759666666666666
6.31875,9.741833333333332
6.319166666666667,9.720166666666668
6.319583333333333,9.688833333333333
6.32,9.658333333333333
6.320416666666667,9.627333333333334
6.320833333333334,9.602166666666665
6.32125,9.582
6.321666666666666,9.566833333333333
6.3220833333333335,9.579166666666667
6.3225,9.5925
6.322916666666667,9.611166666666668
6.323333333333333,9.615499999999999
6.32375,9.596
6.324166666666667,9.569833333333333
6.324583333333333,9.517999999999999
6.325,9.485333333333333
6.3254166666666665,9.478166666666667
6.325833333333334,9.4885
6.32625,9.534833333333333
6.326666666666667,9.586333333333334
6.327083333333333,9.618666666666666
6.3275,9.618333333333332
6.327916666666667,9.597333333333333
6.328333333333333,9.573333333333332
6.32875,9.546833333333334
6.329166666666667,9.529333333333334
6.329583333333333,9.534
6.33,9.548166666666667
6.330416666666666,9.570833333333333
6.3308333333333335,9.601833333333332
6.33125,9.620333333333333
6.331666666666667,9.6115
6.332083333333333,9.576833333333335
6.3325,9.528166666666666
6.332916666666667,9.458
6.333333333333333,9.3805
6.33375,9.315666666666667
6.3341666666666665,9.271166666666668
6.334583333333334,9.259166666666667
6.335,9.267333333333333
6.335416666666666,9.299999999999999
6.335833333333333,9.3315
6.33625,9.354
6.336666666666667,9.387333333333334
6.337083333333333,9.4145
6.3375,9.451500000000001
6.337916666666667,9.479333333333333
6.338333333333333,9.496666666666668
6.33875,9.5055
6.339166666666666,9.493666666666668
6.339583333333334,9.4845
6.34,9.472833333333334
6.340416666666667,9.451666666666666
6.340833333333333,9.430333333333333
6.34125,9.422333333333333
6.341666666666667,9.414833333333332
6.342083333333333,9.425833333333333
6.3425,9.442333333333332
6.3429166666666665,9.460166666666668
6.343333333333334,9.485
6.34375,9.481
6.344166666666666,9.480666666666668
6.3445833333333335,9.458499999999999
6.345,9.427666666666665
6.345416666666667,9.4125
6.345833333333333,9.381333333333332
6.34625,9.372333333333334
6.346666666666667,9.365333333333334
6.347083333333333,9.356666666666666
6.3475,9.356333333333332
6.347916666666666,9.353666666666667
6.348333333333334,9.362666666666668
6.34875,9.379333333333333
6.349166666666667,9.401166666666667
6.349583333333333,9.4145
6.35,9.412666666666667
6.350416666666667,9.402
6.350833333333333,9.3835
6.35125,9.365666666666666
6.351666666666667,9.344333333333333
6.352083333333334,9.3415
6.3525,9.366
6.352916666666666,9.392833333333334
6.3533333333333335,9.4325
6.35375,9.454833333333333
6.354166666666667,9.465666666666667
6.354583333333333,9.4605
6.355,9.4305
6.355416666666667,9.394499999999999
6.355833333333333,9.355833333333333
6.35625,9.342
6.3566666666666665,9.337833333333334
6.357083333333334,9.342833333333333
6.3575,9.356666666666667
6.357916666666667,9.372
6.358333333333333,9.390500000000001
6.35875,9.395833333333334
6.359166666666667,9.407833333333334
6.359583333333333,9.414499999999999
6.36,9.420499999999999
6.360416666666667,9.437
6.360833333333333,9.429166666666665
6.36125,9.416833333333333
6.361666666666666,9.396500000000001
6.3620833333333335,9.382
6.3625,9.366666666666667
6.362916666666667,9.342333333333332
6.363333333333333,9.345166666666666
6.36375,9.359666666666667
6.364166666666667,9.384833333333335
6.364583333333333,9.416333333333332
6.365,9.442833333333335
6.3654166666666665,9.462666666666665
6.365833333333334,9.470666666666666
6.36625,9.4745
6.366666666666666,9.474
6.367083333333333,9.465166666666667
6.3675,9.473333333333334
6.367916666666667,9.476666666666668
6.368333333333333,9.472666666666667
6.36875,9.4615
6.369166666666667,9.427999999999999
6.369583333333333,9.395999999999999
6.37,9.349166666666667
6.370416666666666,9.3105
6.370833333333334,9.285666666666666
6.37125,9.2615
6.371666666666667,9.257333333333333
6.372083333333333,9.265
6.3725,9.282333333333334
6.372916666666667,9.3265
6.373333333333333,9.375166666666665
6.37375,9.4325
6.3741666666666665,9.484
6.374583333333334,9.5025
6.375,9.510833333333332
6.375416666666666,9.483166666666667
6.3758333333333335,9.4365
6.37625,9.378333333333334
6.376666666666667,9.318166666666666
6.377083333333333,9.283833333333332
6.3775,9.260166666666667
6.377916666666667,9.262666666666666
6.378333333333333,9.272
6.37875,9.287333333333335
6.379166666666666,9.3285
6.379583333333334,9.361500000000001
6.38,9.388499999999999
6.380416666666667,9.403666666666666
6.380833333333333,9.406166666666666
6.38125,9.412166666666666
6.381666666666667,9.392000000000001
6.382083333333333,9.377666666666666
6.3825,9.367166666666666
6.382916666666667,9.362666666666668
6.383333333333334,9.3905
6.38375,9.424333333333333
6.384166666666666,9.463166666666666
6.3845833333333335,9.496833333333333
6.385,9.521666666666667
6.385416666666667,9.528500000000001
6.385833333333333,9.510666666666667
6.38625,9.477333333333332
6.386666666666667,9.448666666666666
6.387083333333333,9.431833333333334
6.3875,9.4185
6.3879166666666665,9.4275
6.388333333333334,9.441666666666668
6.38875,9.451833333333335
6.389166666666667,9.449833333333332
6.389583333333333,9.427833333333334
6.39,9.397333333333334
6.390416666666667,9.362333333333334
6.390833333333333,9.347999999999999
6.39125,9.365833333333333
6.391666666666667,9.406833333333333
6.392083333333333,9.461
6.3925,9.521166666666668
6.392916666666666,9.545166666666667
6.3933333333333335,9.538333333333334
6.39375,9.516666666666667
6.394166666666667,9.490333333333334
6.394583333333333,9.474499999999999
6.395,9.470166666666666
6.395416666666667,9.485666666666667
6.395833333333333,9.498333333333333
6.39625,9.517
6.3966666666666665,9.525999999999998
6.397083333333334,9.523000000000001
6.3975,9.515833333333335
6.397916666666666,9.516666666666666
6.398333333333333,9.5375
6.39875,9.5425
6.399166666666667,9.5425
6.399583333333333,9.532666666666666
6.4,9.515166666666667
6.400416666666667,9.502833333333333
6.400833333333333,9.4885
6.40125,9.475
6.401666666666666,9.458166666666667
6.402083333333334,9.445
6.4025,9.442166666666667
6.402916666666667,9.438333333333333
6.403333333333333,9.436833333333334
6.40375,9.431
6.404166666666667,9.4255
6.404583333333333,9.4255
6.405,9.424
6.4054166666666665,9.427
6.405833333333334,9.433666666666667
6.40625,9.452833333333333
6.406666666666666,9.485333333333333
6.4070833333333335,9.516333333333334
6.4075,9.538666666666668
6.407916666666667,9.551833333333335
6.408333333333333,9.5605
6.40875,9.564833333333334
6.409166666666667,9.561166666666667
6.409583333333333,9.562333333333333
6.41,9.5585
6.410416666666666,9.561666666666667
6.410833333333334,9.567666666666666
6.41125,9.570833333333335
6.411666666666667,9.581166666666666
6.412083333333333,9.582666666666666
6.4125,9.584166666666667
6.412916666666667,9.565166666666668
6.413333333333333,9.531
6.41375,9.497
6.414166666666667,9.466
6.414583333333334,9.457666666666666
6.415,9.469
6.415416666666666,9.502333333333333
6.4158333333333335,9.549833333333334
6.41625,9.594500000000002
6.416666666666667,9.618
6.417083333333333,9.610833333333334
6.4175,9.5825
6.417916666666667,9.539166666666667
6.418333333333333,9.498333333333333
6.41875,9.471000000000002
6.4191666666666665,9.471
6.419583333333334,9.4925
6.42,9.527
6.420416666666667,9.575999999999999
6.420833333333333,9.6165
6.42125,9.65
6.421666666666667,9.664166666666668
6.422083333333333,9.668166666666666
6.4225,9.6705
6.422916666666667,9.657666666666668
6.423333333333333,9.661833333333332
6.42375,9.671666666666667
6.424166666666666,9.681166666666668
6.4245833333333335,9.688
6.425,9.685666666666666
6.425416666666667,9.680166666666667
6.425833333333333,9.665666666666667
6.42625,9.648000000000001
6.426666666666667,9.638499999999999
6.427083333333333,9.625333333333332
6.4275,9.6105
6.4279166666666665,9.604666666666667
6.428333333333334,9.595
6.42875,9.579666666666666
6.429166666666666,9.572833333333334
6.429583333333333,9.5775
6.43,9.590166666666667
6.430416666666667,9.614166666666668
6.430833333333333,9.635
6.43125,9.6595
6.431666666666667,9.662666666666668
6.432083333333333,9.657833333333333
6.4325,9.648333333333333
6.432916666666666,9.633333333333333
6.433333333333334,9.632
6.43375,9.621
6.434166666666667,9.624333333333334
6.434583333333333,9.626166666666666
6.435,9.638333333333334
6.435416666666667,9.657666666666668
6.435833333333333,9.669666666666666
6.43625,9.687
6.4366666666666665,9.693833333333334
6.437083333333334,9.698500000000001
6.4375,9.699166666666667
6.437916666666666,9.691166666666668
6.4383333333333335,9.6835
6.43875,9.679
6.439166666666667,9.672666666666666
6.439583333333333,9.669666666666666
6.44,9.666500000000001
6.440416666666667,9.672833333333333
6.440833333333333,9.687
6.44125,9.701
6.441666666666666,9.728166666666667
6.442083333333334,9.757499999999999
6.4425,9.795166666666667
6.442916666666667,9.823333333333334
6.443333333333333,9.841
6.44375,9.852833333333333
6.444166666666667,9.843666666666666
6.444583333333333,9.838666666666667
6.445,9.815166666666666
6.445416666666667,9.789166666666667
6.445833333333334,9.773166666666667
6.44625,9.761000000000001
6.446666666666666,9.761666666666667
6.4470833333333335,9.768500000000001
6.4475,9.785666666666668
6.447916666666667,9.806166666666668
6.448333333333333,9.828333333333333
6.44875,9.853166666666667
6.449166666666667,9.8735
6.449583333333333,9.873333333333333
6.45,9.874666666666668
6.4504166666666665,9.863333333333333
6.450833333333334,9.8395
6.45125,9.825166666666666
6.451666666666667,9.806166666666666
6.452083333333333,9.812
6.4525,9.826666666666666
6.452916666666667,9.854333333333335
6.453333333333333,9.892666666666665
6.45375,9.906833333333333
6.454166666666667,9.919166666666667
6.454583333333333,9.9115
6.455,9.886000000000001
6.455416666666666,9.854
6.4558333333333335,9.809666666666667
6.45625,9.7815
6.456666666666667,9.765333333333334
6.457083333333333,9.774833333333333
6.4575,9.798833333333333
6.457916666666667,9.834666666666665
6.458333333333333,9.885833333333332
6.45875,9.933166666666667
6.4591666666666665,9.982166666666666
6.459583333333334,10.014166666666666
6.46,10.032666666666666
6.460416666666666,10.0365
6.460833333333333,10.022166666666667
6.46125,10.005166666666666
6.461666666666667,9.993833333333333
6.462083333333333,9.985166666666666
6.4625,9.994166666666667
6.462916666666667,10.0075
6.463333333333333,10.029833333333334
6.46375,10.0535
6.464166666666666,10.065166666666665
6.464583333333334,10.069166666666666
6.465,10.049
6.465416666666667,10.034333333333333
6.465833333333333,10.020999999999999
6.46625,10.027166666666668
6.466666666666667,10.044166666666667
6.467083333333333,10.066
6.4675,10.0955
6.4679166666666665,10.1135
6.468333333333334,10.1295
6.46875,10.129833333333332
6.469166666666666,10.137166666666667
6.4695833333333335,10.1545
6.47,10.175666666666666
6.470416666666667,10.203666666666669
6.470833333333333,10.224166666666667
6.47125,10.233166666666667
6.471666666666667,10.2295
6.472083333333333,10.2185
6.4725,10.217500000000001
6.472916666666666,10.232333333333331
6.473333333333334,10.249166666666666
6.47375,10.275666666666668
6.474166666666667,10.301666666666666
6.474583333333333,10.312833333333334
6.475,10.321333333333333
6.475416666666667,10.3195
6.475833333333333,10.319833333333333
6.47625,10.335166666666666
6.476666666666667,10.362499999999999
6.477083333333334,10.406833333333333
6.4775,10.444
6.477916666666666,10.475
6.4783333333333335,10.497833333333334
6.47875,10.494
6.479166666666667,10.470333333333334
6.479583333333333,10.433
6.48,10.401000000000002
6.480416666666667,10.381833333333335
6.480833333333333,10.372166666666667
6.48125,10.377
6.4816666666666665,10.400833333333333
6.482083333333334,10.444166666666668
6.4825,10.495666666666667
6.482916666666667,10.541333333333332
6.483333333333333,10.59
6.48375,10.639666666666665
6.484166666666667,10.687166666666664
6.484583333333333,10.728
6.485,10.745333333333335
6.485416666666667,10.754
6.485833333333333,10.750666666666667
6.48625,10.749
6.486666666666666,10.749833333333335
6.4870833333333335,10.747333333333332
6.4875,10.750666666666666
6.487916666666667,10.747833333333332
6.488333333333333,10.734833333333333
6.48875,10.709666666666665
6.489166666666667,10.698666666666666
6.489583333333333,10.7005
6.49,10.7355
6.4904166666666665,10.7945
6.490833333333334,10.860500000000002
6.49125,10.924999999999999
6.491666666666666,10.947333333333333
6.492083333333333,10.948500000000001
6.4925,10.921
6.492916666666667,10.881333333333332
6.493333333333333,10.860999999999999
6.49375,10.847
6.494166666666667,10.850833333333334
6.494583333333333,10.864166666666668
6.495,10.890166666666666
6.495416666666666,10.924
6.495833333333334,10.963166666666666
6.49625,11.005333333333335
6.496666666666667,11.034
6.497083333333333,11.061333333333332
6.4975,11.0665
6.497916666666667,11.070333333333332
6.498333333333333,11.064666666666668
6.49875,11.0575
6.4991666666666665,11.072000000000001
6.499583333333334,11.092500000000001
6.5,11.128333333333332
6.500416666666666,11.158166666666666
6.5008333333333335,11.177833333333332
6.50125,11.191166666666666
6.501666666666667,11.2005
6.502083333333333,11.210333333333333
6.5025,11.227166666666667
6.502916666666667,11.245666666666667
6.503333333333333,11.273166666666667
6.50375,11.318
6.504166666666666,11.377166666666666
6.504583333333334,11.430166666666665
6.505,11.470333333333334
6.505416666666667,11.501166666666668
6.505833333333333,11.520000000000001
6.50625,11.536499999999998
6.506666666666667,11.532833333333334
6.507083333333333,11.528833333333333
6.5075,11.528666666666666
6.507916666666667,11.5435
6.508333333333334,11.578000000000001
6.50875,11.610999999999999
6.509166666666666,11.656833333333333
6.5095833333333335,11.700000000000001
6.51,11.743
6.510416666666667,11.773333333333333
6.510833333333333,11.779333333333334
6.51125,11.782833333333334
6.511666666666667,11.775666666666666
6.512083333333333,11.768166666666668
6.5125,11.756166666666667
6.5129166666666665,11.744833333333334
6.513333333333334,11.748
6.51375,11.748333333333333
6.514166666666667,11.7535
6.514583333333333,11.761666666666665
6.515,11.783
6.515416666666667,11.818666666666665
6.515833333333333,11.863666666666667
6.51625,11.914666666666667
6.516666666666667,11.961
6.517083333333333,12.006
6.5175,12.039833333333334
6.517916666666666,12.064333333333332
6.5183333333333335,12.0815
6.51875,12.094166666666666
6.519166666666667,12.1185
6.519583333333333,12.153666666666666
6.52,12.1855
6.520416666666667,12.216999999999999
6.520833333333333,12.247333333333332
6.52125,12.268666666666666
6.5216666666666665,12.285499999999999
6.522083333333334,12.293333333333335
6.5225,12.303166666666668
6.522916666666666,12.307
6.523333333333333,12.308
6.52375,12.321166666666668
6.524166666666667,12.32
6.524583333333333,12.321166666666665
6.525,12.329500000000001
6.525416666666667,12.343833333333334
6.525833333333333,12.374500000000003
6.52625,12.4065
6.526666666666666,12.446833333333332
6.527083333333334,12.484666666666667
6.5275,12.51
6.527916666666667,12.537833333333333
6.528333333333333,12.554
6.52875,12.570166666666667
6.529166666666667,12.598666666666666
6.529583333333333,12.638499999999999
6.53,12.695166666666665
6.5304166666666665,12.745166666666668
6.530833333333334,12.792166666666667
6.53125,12.825333333333333
6.531666666666666,12.838166666666666
6.5320833333333335,12.844166666666666
6.5325,12.832833333333333
6.532916666666667,12.8245
6.533333333333333,12.826500000000001
6.53375,12.8405
6.534166666666667,12.875666666666667
6.534583333333333,12.916833333333335
6.535,12.970500000000001
6.535416666666666,13.031333333333334
6.535833333333334,13.088666666666668
6.53625,13.141
6.536666666666667,13.174000000000001
6.537083333333333,13.189666666666668
6.5375,13.1935
6.537916666666667,13.1855
6.538333333333333,13.1685
6.53875,13.165000000000001
6.539166666666667,13.176
6.539583333333334,13.205833333333333
6.54,13.251666666666667
6.540416666666666,13.2935
6.5408333333333335,13.341833333333334
6.54125,13.384166666666665
6.541666666666667,13.431500000000002
6.542083333333333,13.478
6.5425,13.505333333333335
6.542916666666667,13.538666666666666
6.543333333333333,13.569
6.54375,13.583333333333334
6.5441666666666665,13.598166666666666
6.544583333333334,13.608333333333334
6.545,13.633833333333333
6.545416666666667,13.684833333333332
6.545833333333333,13.747333333333332
6.54625,13.821166666666668
6.546666666666667,13.876333333333333
6.547083333333333,13.9275
6.5475,13.971666666666666
6.547916666666667,13.990500000000003
6.548333333333333,13.998
6.54875,13.9995
6.549166666666666,14.009333333333336
6.5495833333333335,14.034333333333334
6.55,14.076500000000001
6.550416666666667,14.128666666666666
6.550833333333333,14.180333333333332
6.55125,14.235166666666665
6.551666666666667,14.289666666666667
6.552083333333333,14.332500000000001
6.5525,14.353499999999999
6.5529166666666665,14.359333333333332
6.553333333333334,14.366833333333332
6.55375,14.371166666666667
6.554166666666666,14.391166666666669
6.554583333333333,14.432333333333334
6.555,14.4855
6.555416666666667,14.557333333333332
6.555833333333333,14.640333333333336
6.55625,14.727000000000002
6.556666666666667,14.807833333333335
6.557083333333333,14.8695
6.5575,14.915666666666667
6.557916666666666,14.943666666666667
6.558333333333334,14.954666666666666
6.55875,14.969500000000002
6.559166666666667,14.975333333333333
6.559583333333333,14.981500000000002
6.56,14.9985
6.560416666666667,15.025833333333333
6.560833333333333,15.0685
6.56125,15.112833333333334
6.5616666666666665,15.163166666666667
6.562083333333334,15.209333333333333
6.5625,15.254166666666668
6.562916666666666,15.303666666666667
6.5633333333333335,15.340000000000002
6.56375,15.3705
6.564166666666667,15.395833333333334
6.564583333333333,15.413833333333335
6.565,15.436
6.565416666666667,15.464166666666669
6.565833333333333,15.4945
6.56625,15.5325
6.566666666666666,15.576166666666667
6.567083333333334,15.634166666666665
6.5675,15.699333333333334
6.567916666666667,15.758833333333333
6.568333333333333,15.823999999999998
6.56875,15.881166666666665
6.569166666666667,15.932833333333335
6.569583333333333,15.983166666666667
6.57,16.025166666666667
6.570416666666667,16.061
6.570833333333334,16.095666666666666
6.57125,16.14466666666667
6.571666666666666,16.203500000000002
6.5720833333333335,16.264666666666667
6.5725,16.327166666666667
6.572916666666667,16.382166666666667
6.573333333333333,16.436333333333334
6.57375,16.48
6.574166666666667,16.517
6.574583333333333,16.567333333333334
6.575,16.6245
6.5754166666666665,16.707
6.575833333333334,16.801000000000002
6.57625,16.88083333333333
6.576666666666667,16.951666666666664
6.577083333333333,16.993833333333335
6.5775,17.0345
6.577916666666667,17.072666666666667
6.578333333333333,17.110500000000002
6.57875,17.176166666666663
6.579166666666667,17.24383333333333
6.579583333333333,17.3135
6.58,17.372333333333334
6.580416666666666,17.417833333333334
6.5808333333333335,17.461166666666667
6.58125,17.515
6.581666666666667,17.5855
6.582083333333333,17.679833333333335
6.5825,17.777833333333334
6.582916666666667,17.858333333333334
6.583333333333333,17.932333333333332
6.58375,17.96933333333333
6.5841666666666665,17.993666666666666
6.584583333333334,18.021833333333333
6.585,18.047166666666666
6.585416666666666,18.108333333333334
6.585833333333333,18.183666666666667
6.58625,18.275166666666667
6.586666666666667,18.386833333333332
6.587083333333333,18.488500000000002
6.5875,18.604
6.587916666666667,18.712333333333333
6.588333333333333,18.8145
6.58875,18.916
6.589166666666666,18.99566666666667
6.589583333333334,19.0685
6.59,19.1325
6.590416666666667,19.189166666666665
6.590833333333333,19.251
6.59125,19.326999999999998
6.591666666666667,19.408333333333335
6.592083333333333,19.49
6.5925,19.578666666666667
6.5929166666666665,19.661333333333335
6.593333333333334,19.730999999999998
6.59375,19.793333333333333
6.594166666666666,19.848000000000003
6.5945833333333335,19.910833333333333
6.595,19.977166666666665
6.595416666666667,20.062
6.595833333333333,20.14616666666667
6.59625,20.228333333333335
6.596666666666667,20.3255
6.597083333333333,20.423999999999996
6.5975,20.54133333333333
6.597916666666666,20.651166666666665
6.598333333333334,20.7805
6.59875,20.903000000000002
6.599166666666667,21.019333333333336
6.599583333333333,21.132833333333334
6.6,21.207666666666665
6.600416666666667,21.296833333333332
6.600833333333333,21.390333333333334
6.60125,21.495833333333334
6.601666666666667,21.617833333333333
6.602083333333334,21.732833333333332
6.6025,21.870833333333337
6.602916666666666,22.008666666666667
6.6033333333333335,22.132500000000004
6.60375,22.253666666666664
6.604166666666667,22.357166666666668
6.604583333333333,22.465166666666665
6.605,22.584500000000002
6.605416666666667,22.70533333333334
6.605833333333333,22.8225
6.60625,22.93583333333333
6.6066666666666665,23.05383333333333
6.607083333333334,23.175666666666668
6.6075,23.292666666666666
6.607916666666667,23.407833333333333
6.608333333333333,23.531166666666664
6.60875,23.665333333333333
6.609166666666667,23.811999999999998
6.609583333333333,23.971166666666665
6.61,24.139333333333337
6.610416666666667,24.297833333333333
6.610833333333333,24.464333333333332
6.61125,24.638333333333332
6.611666666666666,24.80666666666666
6.6120833333333335,24.978166666666667
6.6125,25.129
6.612916666666667,25.277500000000003
6.613333333333333,25.416833333333333
6.61375,25.546666666666667
6.614166666666667,25.69366666666667
6.614583333333333,25.82783333333333
6.615,25.9675
6.6154166666666665,26.11
6.615833333333334,26.251666666666665
6.61625,26.406333333333333
6.616666666666666,26.560833333333335
6.617083333333333,26.732833333333332
6.6175,26.91433333333333
6.617916666666667,27.1015
6.618333333333333,27.294666666666668
6.61875,27.478499999999997
6.619166666666667,27.662833333333335
6.619583333333333,27.846166666666665
6.62,28.034000000000002
6.620416666666666,28.234166666666667
6.620833333333334,28.429666666666666
6.62125,28.6255
6.621666666666667,28.81833333333333
6.622083333333333,29.010166666666667
6.6225,29.209000000000003
6.622916666666667,29.406666666666666
6.623333333333333,29.611166666666662
6.62375,29.820999999999998
6.6241666666666665,30.022499999999997
6.624583333333334,30.21683333333333
6.625,30.410833333333333
6.625416666666666,30.613500000000002
6.6258333333333335,30.834666666666664
6.62625,31.069999999999997
6.626666666666667,31.323166666666665
6.627083333333333,31.584333333333333
6.6275,31.8425
6.627916666666667,32.099666666666664
6.628333333333333,32.33766666666667
6.62875,32.5715
6.629166666666666,32.8
6.629583333333334,33.01733333333333
6.63,33.23833333333334
6.630416666666667,33.4485
6.630833333333333,33.6705
6.63125,33.903666666666666
6.631666666666667,34.145
6.632083333333333,34.405166666666666
6.6325,34.6795
6.632916666666667,34.96333333333333
6.633333333333334,35.252833333333335
6.63375,35.54116666666667
6.634166666666666,35.82683333333333
6.6345833333333335,36.129
6.635,36.4335
6.635416666666667,36.74266666666667
6.635833333333333,37.05083333333334
6.63625,37.35283333333333
6.636666666666667,37.67416666666667
6.637083333333333,38.010666666666665
6.6375,38.36716666666666
6.6379166666666665,38.7545
6.638333333333334,39.16283333333334
6.63875,39.59116666666667
6.639166666666667,40.01583333333334
6.639583333333333,40.428000000000004
6.64,40.84866666666667
6.640416666666667,41.272
6.640833333333333,41.714666666666666
6.64125,42.1915
6.641666666666667,42.68516666666667
6.642083333333333,43.19533333333334
6.6425,43.71533333333334
6.642916666666666,44.23666666666667
6.6433333333333335,44.7655
6.64375,45.31
6.644166666666667,45.883500000000005
6.644583333333333,46.507666666666665
6.645,47.16683333333333
6.645416666666667,47.86633333333333
6.645833333333333,48.597
6.64625,49.33166666666667
6.6466666666666665,50.089
6.647083333333334,50.842166666666664
6.6475,51.61366666666667
6.647916666666666,52.41466666666667
6.648333333333333,53.248
6.64875,54.12616666666667
6.649166666666667,55.026833333333336
6.649583333333333,55.95433333333333
6.65,56.886833333333335
6.650416666666667,57.818999999999996
6.650833333333333,58.758
6.65125,59.6995
6.651666666666666,60.66716666666667
6.652083333333334,61.65966666666666
6.6525,62.682500000000005
6.652916666666667,63.73333333333333
6.653333333333333,64.80666666666667
6.65375,65.90966666666667
6.654166666666667,67.04683333333334
6.654583333333333,68.21416666666666
6.655,69.39883333333334
6.6554166666666665,70.61416666666666
6.655833333333334,71.84416666666668
6.65625,73.0915
6.656666666666666,74.34899999999999
6.6570833333333335,75.61083333333333
6.6575,76.90233333333333
6.657916666666667,78.20433333333334
6.658333333333333,79.54733333333333
6.65875,80.91816666666666
6.659166666666667,82.28333333333333
6.659583333333333,83.66366666666667
6.66,85.04083333333334
6.660416666666666,86.42450000000001
6.660833333333334,87.82116666666667
6.66125,89.22666666666665
6.661666666666667,90.66133333333335
6.662083333333333,92.11883333333333
6.6625,93.59983333333334
6.662916666666667,95.10666666666667
6.663333333333333,96.62133333333334
6.66375,98.14466666666668
6.664166666666667,99.67883333333333
6.664583333333334,101.20916666666666
6.665,102.74849999999999
6.665416666666666,104.30733333333335
6.6658333333333335,105.8805
6.66625,107.4855
6.666666666666667,109.09466666666667
6.667083333333333,110.71533333333332
6.6675,112.36000000000001
6.667916666666667,114.00116666666666
6.668333333333333,115.66066666666667
6.66875,117.32350000000001
6.6691666666666665,119.00600000000001
6.669583333333334,120.71966666666667
6.67,122.43916666666667
6.670416666666667,124.1735
6.670833333333333,125.89933333333333
6.67125,127.6225
6.671666666666667,129.3516666666667
6.672083333333333,131.07266666666666
6.6725,132.79816666666667
6.672916666666667,134.53366666666668
6.673333333333333,136.28099999999998
6.67375,138.04333333333332
6.674166666666666,139.8118333333333
6.6745833333333335,141.5735
6.675,143.33416666666668
6.675416666666667,145.08766666666665
6.675833333333333,146.84699999999998
6.67625,148.61266666666666
6.676666666666667,150.37699999999998
6.677083333333333,152.162
6.6775,153.93166666666667
6.6779166666666665,155.71116666666666
6.678333333333334,157.4958333333333
6.67875,159.27650000000003
6.679166666666666,161.079
6.679583333333333,162.91483333333335
6.68,164.79616666666666
6.680416666666667,166.70683333333332
6.680833333333333,168.63716666666667
6.68125,170.547
6.681666666666667,172.43766666666667
6.682083333333333,174.29433333333336
6.6825,176.10833333333332
6.682916666666666,177.899
6.683333333333334,179.68066666666667
6.68375,181.51066666666668
6.684166666666667,183.394
6.684583333333333,185.31266666666667
6.685,187.25416666666663
6.685416666666667,189.18383333333335
6.685833333333333,191.09233333333336
6.68625,192.9766666666667
6.6866666666666665,194.81683333333334
6.687083333333334,196.61950000000002
6.6875,198.4176666666667
6.687916666666666,200.22633333333337
6.6883333333333335,202.06383333333335
6.68875,203.89333333333335
6.689166666666667,205.71133333333333
6.689583333333333,207.52966666666666
6.69,209.356
6.690416666666667,211.20883333333336
6.690833333333333,213.05100000000002
6.69125,214.88266666666667
6.691666666666666,216.71899999999997
6.692083333333334,218.56266666666667
6.6925,220.43466666666666
6.692916666666667,222.31566666666666
6.693333333333333,224.1815
6.69375,226.03833333333333
6.694166666666667,227.89466666666667
6.694583333333333,229.7485
6.695,231.57483333333334
6.695416666666667,233.3841666666667
6.695833333333334,235.16416666666666
6.69625,236.9455
6.696666666666666,238.72916666666666
6.6970833333333335,240.50199999999998
6.6975,242.26716666666667
6.697916666666667,244.00866666666664
6.698333333333333,245.7535
6.69875,247.4715
6.699166666666667,249.18733333333333
6.699583333333333,250.88766666666666
6.7,252.53416666666666
6.7004166666666665,254.13899999999998
6.700833333333334,255.71516666666665
6.70125,257.2776666666667
6.701666666666667,258.82666666666665
6.702083333333333,260.3706666666667
6.7025,261.91966666666667
6.702916666666667,263.4575
6.703333333333333,265.0063333333333
6.70375,266.58033333333333
6.704166666666667,268.1301666666667
6.704583333333333,269.6551666666667
6.705,271.1585
6.705416666666666,272.651
6.7058333333333335,274.1265
6.70625,275.57883333333336
6.706666666666667,277.00033333333334
6.707083333333333,278.3811666666666
6.7075,279.728
6.707916666666667,281.0296666666666
6.708333333333333,282.29650000000004
6.70875,283.5203333333333
6.7091666666666665,284.7095
6.709583333333334,285.89866666666666
6.71,287.0883333333333
6.710416666666666,288.29383333333334
6.710833333333333,289.51216666666664
6.71125,290.72600000000006
6.711666666666667,291.92699999999996
6.712083333333333,293.0953333333333
6.7125,294.2291666666667
6.712916666666667,295.3275
6.713333333333333,296.3691666666667
6.71375,297.3605
6.714166666666666,298.31283333333334
6.714583333333334,299.2343333333333
6.715,300.1513333333333
6.715416666666667,301.05333333333334
6.715833333333333,301.95416666666665
6.71625,302.844
6.716666666666667,303.7268333333334
6.717083333333333,304.613
6.7175,305.48133333333334
6.7179166666666665,306.33816666666667
6.718333333333334,307.16283333333337
6.71875,307.95816666666667
6.719166666666666,308.7198333333333
6.7195833333333335,309.4443333333333
6.72,310.145
6.720416666666667,310.8301666666667
6.720833333333333,311.5055
6.72125,312.16783333333336
6.721666666666667,312.8308333333334
6.722083333333333,313.4711666666667
6.7225,314.0781666666667
6.722916666666666,314.64366666666666
6.723333333333334,315.15316666666666
6.72375,315.6385
6.724166666666667,316.0871666666667
6.724583333333333,316.51033333333334
6.725,316.9245
6.725416666666667,317.31766666666664
6.725833333333333,317.7381666666667
6.72625,318.153
6.726666666666667,318.56666666666666
6.727083333333334,318.97266666666667
6.7275,319.358
6.727916666666666,319.75233333333335
6.7283333333333335,320.09566666666666
6.72875,320.4205
6.729166666666667,320.7101666666667
6.729583333333333,320.9563333333333
6.73,321.17533333333336
6.730416666666667,321.34366666666665
6.730833333333333,321.4698333333334
6.73125,321.56033333333335
6.7316666666666665,321.68216666666666
6.732083333333334,321.8183333333333
6.7325,321.9635
6.732916666666667,322.0945
6.733333333333333,322.18833333333333
6.73375,322.261
6.734166666666667,322.26433333333335
6.734583333333333,322.25833333333327
6.735,322.2265
6.735416666666667,322.17400000000004
6.735833333333333,322.15433333333334
6.73625,322.11883333333327
6.736666666666666,322.0693333333333
6.7370833333333335,321.97650000000004
6.7375,321.8685
6.737916666666667,321.7525
6.738333333333333,321.6263333333333
6.73875,321.5108333333333
6.739166666666667,321.35383333333334
6.739583333333333,321.15999999999997
6.74,320.9186666666667
6.7404166666666665,320.63266666666664
6.740833333333334,320.35100000000006
6.74125,320.0663333333334
6.741666666666666,319.82666666666665
6.742083333333333,319.61983333333336
6.7425,319.4055
6.742916666666667,319.1931666666667
6.743333333333333,318.9385
6.74375,318.64549999999997
6.744166666666667,318.2951666666666
6.744583333333333,317.9013333333333
6.745,317.49783333333335
6.745416666666666,317.07683333333335
6.745833333333334,316.64416666666665
6.74625,316.20433333333335
6.746666666666667,315.7575
6.747083333333333,315.2871666666667
6.7475,314.81033333333335
6.747916666666667,314.3186666666667
6.748333333333333,313.7805
6.74875,313.21916666666664
6.7491666666666665,312.6471666666667
6.749583333333334,312.0615
6.75,311.4545
6.750416666666666,310.8188333333333
6.7508333333333335,310.1741666666666
6.75125,309.48766666666666
6.751666666666667,308.7771666666667
6.752083333333333,308.0745
6.7525,307.35200000000003
6.752916666666667,306.64983333333333
6.753333333333333,305.9536666666667
6.75375,305.25
6.754166666666666,304.54349999999994
6.754583333333334,303.79383333333334
6.755,303.01133333333337
6.755416666666667,302.17816666666664
6.755833333333333,301.28683333333333
6.75625,300.37433333333337
6.756666666666667,299.4266666666667
6.757083333333333,298.46566666666666
6.7575,297.49466666666666
6.757916666666667,296.5128333333334
6.758333333333334,295.53566666666666
6.75875,294.54766666666666
6.759166666666666,293.55383333333333
6.7595833333333335,292.53383333333335
6.76,291.478
6.760416666666667,290.38416666666666
6.760833333333333,289.25350000000003
6.76125,288.08116666666666
6.761666666666667,286.87533333333334
6.762083333333333,285.65749999999997
6.7625,284.42283333333336
6.7629166666666665,283.17133333333334
6.763333333333334,281.9066666666667
6.76375,280.61716666666666
6.764166666666667,279.2965
6.764583333333333,277.9481666666667
6.765,276.6016666666667
6.765416666666667,275.2385
6.765833333333333,273.86016666666666
6.76625,272.4766666666667
6.766666666666667,271.05766666666665
6.767083333333333,269.608
6.7675,268.11516666666665
6.767916666666666,266.60583333333335
6.7683333333333335,265.0568333333333
6.76875,263.4703333333334
6.769166666666667,261.8811666666667
6.769583333333333,260.278
6.77,258.6743333333334
6.770416666666667,257.0635
6.770833333333333,255.4325
6.77125,253.7745
6.7716666666666665,252.07383333333334
6.772083333333334,250.3505
6.7725,248.59916666666663
6.772916666666666,246.80700000000002
6.773333333333333,245.0185
6.77375,243.23316666666665
6.774166666666667,241.46450000000002
6.774583333333333,239.67183333333332
6.775,237.8565
6.775416666666667,236.0041666666667
6.775833333333333,234.10083333333333
6.77625,232.189
6.776666666666666,230.2541666666667
6.777083333333334,228.32033333333334
6.7775,226.38966666666667
6.777916666666667,224.44516666666667
6.778333333333333,222.48316666666668
6.77875,220.479
6.779166666666667,218.45749999999998
6.779583333333333,216.44116666666665
6.78,214.40916666666666
6.7804166666666665,212.39333333333335
6.780833333333334,210.38733333333334
6.78125,208.38649999999998
6.781666666666666,206.36433333333332
6.7820833333333335,204.30533333333335
6.7825,202.20283333333336
6.782916666666667,200.06550000000001
6.783333333333333,197.93483333333336
6.78375,195.79816666666667
6.784166666666667,193.6555
6.784583333333333,191.50466666666668
6.785,189.35349999999997
6.785416666666666,187.21966666666665
6.785833333333334,185.08
6.78625,182.95183333333333
6.786666666666667,180.82383333333334
6.787083333333333,178.7006666666667
6.7875,176.58766666666665
6.787916666666667,174.44866666666667
6.788333333333333,172.3045
6.78875,170.12483333333333
6.789166666666667,167.92783333333333
6.789583333333334,165.726
6.79,163.52033333333335
6.790416666666666,161.34216666666666
6.7908333333333335,159.16933333333336
6.79125,157.02383333333333
6.791666666666667,154.90583333333333
6.792083333333333,152.80100000000002
6.7925,150.72133333333335
6.792916666666667,148.64166666666668
6.793333333333333,146.56083333333333
6.79375,144.48283333333333
6.7941666666666665,142.42566666666664
6.794583333333334,140.39716666666666
6.795,138.3895
6.795416666666667,136.40200000000002
6.795833333333333,134.42416666666665
6.79625,132.46116666666668
6.796666666666667,130.49316666666667
6.797083333333333,128.5145
6.7975,126.5265
6.797916666666667,124.54233333333333
6.798333333333333,122.56983333333334
6.79875,120.61316666666666
6.799166666666666,118.67899999999999
6.7995833333333335,116.76733333333334
6.8,114.889
6.800416666666667,113.03516666666667
6.800833333333333,111.21083333333333
6.80125,109.407
6.801666666666667,107.62316666666668
6.802083333333333,105.86783333333334
6.8025,104.1145
6.8029166666666665,102.37966666666667
6.803333333333334,100.65899999999999
6.80375,98.94566666666667
6.804166666666666,97.2595
6.804583333333333,95.5905
6.805,93.93983333333334
6.805416666666667,92.30483333333335
6.805833333333333,90.68966666666665
6.80625,89.09316666666666
6.806666666666667,87.50266666666666
6.807083333333333,85.92766666666667
6.8075,84.37383333333334
6.807916666666666,82.841
6.808333333333334,81.34783333333333
6.80875,79.89966666666668
6.809166666666667,78.4735
6.809583333333333,77.06316666666667
6.81,75.65766666666667
6.810416666666667,74.26333333333334
6.810833333333333,72.88533333333334
6.81125,71.52333333333333
6.8116666666666665,70.20283333333334
6.812083333333334,68.90483333333333
6.8125,67.63583333333334
6.812916666666666,66.40266666666666
6.8133333333333335,65.18616666666667
6.81375,63.99583333333334
6.814166666666667,62.818000000000005
6.814583333333333,61.66816666666667
6.815,60.5465
6.815416666666667,59.44283333333334
6.815833333333333,58.35233333333334
6.81625,57.256499999999996
6.816666666666666,56.17066666666667
6.817083333333334,55.092999999999996
6.8175,54.042
6.817916666666667,53.024166666666666
6.818333333333333,52.03716666666667
6.81875,51.095499999999994
6.819166666666667,50.18933333333333
6.819583333333333,49.30683333333334
6.82,48.43299999999999
6.820416666666667,47.5645
6.820833333333334,46.69883333333333
6.82125,45.8525
6.821666666666666,45.01233333333334
6.8220833333333335,44.194500000000005
6.8225,43.40200000000001
6.822916666666667,42.61266666666666
6.823333333333333,41.84883333333333
6.82375,41.077333333333335
6.824166666666667,40.30950000000001
6.824583333333333,39.55283333333333
6.825,38.80416666666667
6.8254166666666665,38.086999999999996
6.825833333333334,37.39833333333333
6.82625,36.74066666666666
6.826666666666667,36.1145
6.827083333333333,35.509499999999996
6.8275,34.9095
6.827916666666667,34.32966666666667
6.828333333333333,33.74583333333334
6.82875,33.161
6.829166666666667,32.58983333333334
6.829583333333333,32.018
6.83,31.480499999999996
6.830416666666666,30.96533333333333
6.8308333333333335,30.473000000000003
6.83125,29.996166666666667
6.831666666666667,29.5155
6.832083333333333,29.050833333333333
6.8325,28.57716666666667
6.832916666666667,28.106333333333335
6.833333333333333,27.652166666666663
6.83375,27.223
6.8341666666666665,26.8185
6.834583333333334,26.429000000000002
6.835,26.0655
6.835416666666666,25.70283333333333
6.835833333333333,25.346166666666665
6.83625,24.993499999999997
6.836666666666667,24.633
6.837083333333333,24.276833333333332
6.8375,23.926
6.837916666666667,23.572
6.838333333333333,23.217166666666667
6.83875,22.866500000000002
6.839166666666666,22.531166666666667
6.839583333333334,22.212333333333333
6.84,21.902500000000003
6.840416666666667,21.611833333333333
6.840833333333333,21.322
6.84125,21.037166666666668
6.841666666666667,20.756333333333334
6.842083333333333,20.474166666666665
6.8425,20.194333333333333
6.8429166666666665,19.93
6.843333333333334,19.6795
6.84375,19.44033333333333
6.844166666666666,19.215
6.8445833333333335,19.000333333333334
6.845,18.793333333333333
6.845416666666667,18.582666666666665
6.845833333333333,18.388499999999997
6.84625,18.19033333333333
6.846666666666667,17.99
6.847083333333333,17.783666666666665
6.8475,17.5745
6.847916666666666,17.376833333333334
6.848333333333334,17.178166666666666
6.84875,17.005333333333333
6.849166666666667,16.846666666666668
6.849583333333333,16.70566666666667
6.85,16.577833333333334
6.850416666666667,16.438333333333333
6.850833333333333,16.286333333333335
6.85125,16.115166666666667
6.851666666666667,15.939333333333332
6.852083333333334,15.763500000000002
6.8525,15.595666666666666
6.852916666666666,15.445833333333335
6.8533333333333335,15.302
6.85375,15.174833333333332
6.854166666666667,15.056500000000002
6.854583333333333,14.931666666666667
6.855,14.813166666666666
6.855416666666667,14.695500000000001
6.855833333333333,14.583666666666666
6.85625,14.476
6.8566666666666665,14.368166666666667
6.857083333333334,14.254833333333332
6.8575,14.133166666666666
6.857916666666667,14.005
6.858333333333333,13.8775
6.85875,13.759166666666665
6.859166666666667,13.644666666666666
6.859583333333333,13.5575
6.86,13.487666666666668
6.860416666666667,13.422666666666666
6.860833333333333,13.365166666666667
6.86125,13.288666666666666
6.861666666666666,13.209166666666667
6.8620833333333335,13.101333333333335
6.8625,12.971333333333334
6.862916666666667,12.846666666666666
6.863333333333333,12.721000000000002
6.86375,12.611166666666668
6.864166666666667,12.509166666666667
6.864583333333333,12.417000000000002
6.865,12.324333333333334
6.8654166666666665,12.234833333333333
6.865833333333334,12.158166666666666
6.86625,12.081833333333334
6.866666666666666,12.003
6.867083333333333,11.935166666666667
6.8675,11.868500000000003
6.867916666666667,11.793666666666667
6.868333333333333,11.722333333333333
6.86875,11.657499999999999
6.869166666666667,11.594
6.869583333333333,11.534333333333334
6.87,11.478333333333332
6.870416666666666,11.418
6.870833333333334,11.351999999999999
6.87125,11.276499999999999
6.871666666666667,11.203166666666666
6.872083333333333,11.127833333333333
6.8725,11.057
6.872916666666667,10.991833333333334
6.873333333333333,10.9275
6.87375,10.873666666666665
6.8741666666666665,10.824
6.874583333333334,10.778333333333334
6.875,10.7295
6.875416666666666,10.6695
6.8758333333333335,10.608333333333333
6.87625,10.549833333333332
6.876666666666667,10.495833333333334
6.877083333333333,10.444166666666666
6.8775,10.408
6.877916666666667,10.3805
6.878333333333333,10.355333333333332
6.87875,10.323666666666668
6.879166666666666,10.276333333333334
6.879583333333334,10.2165
6.88,10.146666666666667
6.880416666666667,10.098666666666666
6.880833333333333,10.052833333333334
6.88125,10.025
6.881666666666667,10.007166666666667
6.882083333333333,9.9735
6.8825,9.934333333333333
6.882916666666667,9.877
6.883333333333334,9.817333333333332
6.88375,9.751166666666668
6.884166666666666,9.685166666666667
6.8845833333333335,9.644
6.885,9.612333333333334
6.885416666666667,9.589333333333334
6.885833333333333,9.559333333333333
6.88625,9.508166666666666
6.886666666666667,9.465833333333334
6.887083333333333,9.429333333333334
6.8875,9.414833333333334
6.8879166666666665,9.407333333333334
6.888333333333334,9.400333333333334
6.88875,9.398
6.889166666666667,9.376666666666667
6.889583333333333,9.352333333333332
6.89,9.313
6.890416666666667,9.264833333333334
6.890833333333333,9.226166666666666
6.89125,9.195333333333332
6.891666666666667,9.167833333333332
6.892083333333333,9.147166666666669
6.8925,9.1305
6.892916666666666,9.110333333333333
6.8933333333333335,9.087000000000002
6.89375,9.057166666666667
6.894166666666667,9.031500000000001
6.894583333333333,8.999333333333333
6.895,8.957666666666666
6.895416666666667,8.920166666666665
6.895833333333333,8.876500000000002
6.89625,8.842666666666666
6.8966666666666665,8.816833333333333
6.897083333333334,8.789
6.8975,8.768166666666666
6.897916666666666,8.7425
6.898333333333333,8.72
6.89875,8.695500000000001
6.899166666666667,8.667833333333332
6.899583333333333,8.643166666666668
6.9,8.613166666666666
6.900416666666667,8.596499999999999
6.900833333333333,8.587499999999999
6.90125,8.575999999999999
6.901666666666666,8.566666666666666
6.902083333333334,8.558
6.9025,8.544666666666666
6.902916666666667,8.5205
6.903333333333333,8.486666666666666
6.90375,8.445500000000001
6.904166666666667,8.400166666666665
6.904583333333333,8.359333333333334
6.905,8.331999999999999
6.9054166666666665,8.3175
6.905833333333334,8.314166666666667
6.90625,8.319
6.906666666666666,8.325166666666666
6.9070833333333335,8.319
6.9075,8.304166666666667
6.907916666666667,8.279833333333332
6.908333333333333,8.245
6.90875,8.200166666666666
6.909166666666667,8.157166666666667
6.909583333333333,8.122
6.91,8.090333333333334
6.910416666666666,8.075666666666665
6.910833333333334,8.064166666666667
6.91125,8.065
6.911666666666667,8.071833333333334
6.912083333333333,8.0745
6.9125,8.075
6.912916666666667,8.064333333333334
6.913333333333333,8.057833333333333
6.91375,8.065166666666668
6.914166666666667,8.068833333333334
6.914583333333334,8.073166666666667
6.915,8.075833333333334
6.915416666666666,8.055666666666665
6.9158333333333335,8.037333333333333
6.91625,8.006833333333333
6.916666666666667,7.973999999999999
6.917083333333333,7.9446666666666665
6.9175,7.906666666666666
6.917916666666667,7.892500000000001
6.918333333333333,7.8771666666666675
6.91875,7.8580000000000005
6.9191666666666665,7.835000000000001
6.919583333333334,7.809
6.92,7.792833333333334
6.920416666666667,7.769166666666667
6.920833333333333,7.754833333333334
6.92125,7.7218333333333335
6.921666666666667,7.685333333333333
6.922083333333333,7.6640000000000015
6.9225,7.639500000000001
6.922916666666667,7.6370000000000005
6.923333333333333,7.6245
6.92375,7.632666666666665
6.924166666666666,7.655833333333333
6.9245833333333335,7.6695
6.925,7.6845
6.925416666666667,7.677166666666666
6.925833333333333,7.669499999999999
6.92625,7.655333333333334
6.926666666666667,7.634166666666666
6.927083333333333,7.606333333333333
6.9275,7.5743333333333345
6.9279166666666665,7.544833333333333
6.928333333333334,7.524666666666666
6.92875,7.507666666666668
6.929166666666666,7.496833333333334
6.929583333333333,7.502
6.93,7.511500000000001
6.930416666666667,7.5215000000000005
6.930833333333333,7.509833333333333
6.93125,7.483333333333334
6.931666666666667,7.450166666666667
6.932083333333333,7.417333333333333
6.9325,7.392833333333333
6.932916666666666,7.381333333333334
6.933333333333334,7.379333333333332
6.93375,7.3795
6.934166666666667,7.364333333333334
6.934583333333333,7.327333333333333
6.935,7.280833333333334
6.935416666666667,7.237166666666666
6.935833333333333,7.211166666666667
6.93625,7.210999999999999
6.9366666666666665,7.2313333333333345
6.937083333333334,7.261666666666667
6.9375,7.2895
6.937916666666666,7.292833333333334
6.9383333333333335,7.284833333333334
6.93875,7.2586666666666675
6.939166666666667,7.229333333333333
6.939583333333333,7.203
6.94,7.170000000000001
6.940416666666667,7.136333333333333
6.940833333333333,7.0986666666666665
6.94125,7.081666666666667
6.941666666666666,7.065833333333333
6.942083333333334,7.062666666666668
6.9425,7.0681666666666665
6.942916666666667,7.064333333333334
6.943333333333333,7.054000000000001
6.94375,7.033666666666666
6.944166666666667,7.008666666666667
6.944583333333333,6.9725
6.945,6.942
6.945416666666667,6.931333333333334
6.945833333333334,6.921499999999999
6.94625,6.904000000000001
6.946666666666666,6.893
6.9470833333333335,6.8795
6.9475,6.8785
6.947916666666667,6.892666666666666
6.948333333333333,6.908333333333334
6.94875,6.914333333333334
6.949166666666667,6.913833333333333
6.949583333333333,6.912333333333334
6.95,6.902666666666666
6.9504166666666665,6.888166666666667
6.950833333333334,6.8745
6.95125,6.859500000000001
6.951666666666667,6.842166666666667
6.952083333333333,6.826999999999999
6.9525,6.803999999999999
6.952916666666667,6.778333333333333
6.953333333333333,6.762166666666668
6.95375,6.771833333333333
6.954166666666667,6.7956666666666665
6.954583333333333,6.829833333333333
6.955,6.861833333333334
6.955416666666666,6.8821666666666665
6.9558333333333335,6.884833333333333
6.95625,6.867500000000001
6.956666666666667,6.841833333333334
6.957083333333333,6.803833333333333
6.9575,6.7814999999999985
6.957916666666667,6.769166666666667
6.958333333333333,6.7571666666666665
6.95875,6.7515
6.9591666666666665,6.738499999999999
6.959583333333334,6.726499999999999
6.96,6.7106666666666674
6.960416666666666,6.700166666666667
6.960833333333333,6.6955
6.96125,6.69
6.961666666666667,6.688833333333332
6.962083333333333,6.674333333333334
6.9625,6.646833333333333
6.962916666666667,6.6215
6.963333333333333,6.592833333333334
6.96375,6.562833333333333
6.964166666666666,6.527333333333334
6.964583333333334,6.490833333333334
6.965,6.4655
6.965416666666667,6.432166666666666
6.965833333333333,6.4045
6.96625,6.3975
6.966666666666667,6.401166666666668
6.967083333333333,6.419333333333333
6.9675,6.438333333333333
6.9679166666666665,6.447333333333333
6.968333333333334,6.458666666666667
6.96875,6.458666666666667
6.969166666666666,6.462833333333332
6.9695833333333335,6.473166666666667
6.97,6.472333333333334
6.970416666666667,6.4750000000000005
6.970833333333333,6.478166666666667
6.97125,6.469833333333333
6.971666666666667,6.447333333333333
6.972083333333333,6.4195
6.9725,6.386166666666667
6.972916666666666,6.3525
6.973333333333334,6.315666666666666
6.97375,6.2825
6.974166666666667,6.251666666666668
6.974583333333333,6.218833333333333
6.975,6.210166666666667
6.975416666666667,6.2313333333333345
6.975833333333333,6.2749999999999995
6.97625,6.326333333333333
6.976666666666667,6.374
6.977083333333334,6.407166666666666
6.9775,6.413166666666666
6.977916666666666,6.384833333333333
6.9783333333333335,6.324166666666666
6.97875,6.267499999999999
6.979166666666667,6.2201666666666675
6.979583333333333,6.197166666666667
6.98,6.200333333333333
6.980416666666667,6.191833333333332
6.980833333333333,6.1946666666666665
6.98125,6.187
6.9816666666666665,6.169833333333333
6.982083333333334,6.164000000000001
6.9825,6.1496666666666675
6.982916666666667,6.159833333333334
6.983333333333333,6.1785
6.98375,6.187
6.984166666666667,6.196833333333333
6.984583333333333,6.187666666666666
6.985,6.178166666666666
6.985416666666667,6.171500000000001
6.985833333333333,6.155666666666666
6.98625,6.151666666666666
6.986666666666666,6.141666666666667
6.9870833333333335,6.116499999999999
6.9875,6.082000000000001
6.987916666666667,6.035333333333333
6.988333333333333,5.994
6.98875,5.958666666666667
6.989166666666667,5.931166666666666
6.989583333333333,5.922833333333333
6.99,5.929333333333332
6.9904166666666665,5.954666666666665
6.990833333333334,5.986833333333333
6.99125,6.011833333333333
6.991666666666666,6.039666666666666
6.992083333333333,6.064
6.9925,6.082166666666667
6.992916666666667,6.097166666666666
6.993333333333333,6.096
6.99375,6.091166666666667
6.994166666666667,6.096999999999999
6.994583333333333,6.095333333333333
6.995,6.084333333333333
6.995416666666666,6.0605
6.995833333333334,6.033
6.99625,6.0245
6.996666666666667,6.0183333333333335
6.997083333333333,6.018666666666667
6.9975,6.0186666666666655
6.997916666666667,6.001166666666667
6.998333333333333,5.985166666666667
6.99875,5.962666666666666
6.9991666666666665,5.925999999999999
6.999583333333334,5.8935
7.0,5.867
7.000416666666666,5.865333333333333
7.0008333333333335,5.886500000000001
7.00125,5.903666666666667
7.001666666666667,5.925833333333333
7.002083333333333,5.931
7.0025,5.918499999999999
7.002916666666667,5.905
7.003333333333333,5.881
7.00375,5.851166666666667
7.004166666666666,5.826499999999999
7.004583333333334,5.812666666666666
7.005,5.810333333333333
7.005416666666667,5.808
7.005833333333333,5.8103333333333325
7.00625,5.825333333333333
7.006666666666667,5.843
7.007083333333333,5.875666666666667
7.0075,5.9175
7.007916666666667,5.947666666666667
7.008333333333334,5.9621666666666675
7.00875,5.951499999999999
7.009166666666666,5.918166666666667
7.0095833333333335,5.868666666666667
7.01,5.814166666666666
7.010416666666667,5.775833333333332
7.010833333333333,5.744833333333333
7.01125,5.7251666666666665
7.011666666666667,5.729666666666667
7.012083333333333,5.734166666666667
7.0125,5.748166666666667
7.0129166666666665,5.772000000000001
7.013333333333334,5.7875000000000005
7.01375,5.803666666666667
7.014166666666667,5.804166666666667
7.014583333333333,5.794666666666667
7.015,5.769166666666667
7.015416666666667,5.720666666666666
7.015833333333333,5.668
7.01625,5.617999999999999
7.016666666666667,5.5761666666666665
7.017083333333333,5.539499999999999
7.0175,5.512333333333333
7.017916666666666,5.491
7.0183333333333335,5.4935
7.01875,5.5168333333333335
7.019166666666667,5.546833333333333
7.019583333333333,5.5793333333333335
7.02,5.603166666666667
7.020416666666667,5.622
7.020833333333333,5.633500000000001
7.02125,5.624666666666666
7.0216666666666665,5.602166666666666
7.022083333333334,5.584833333333333
7.0225,5.565333333333334
7.022916666666666,5.543833333333333
7.023333333333333,5.516666666666667
7.02375,5.484166666666667
7.024166666666667,5.450666666666667
7.024583333333333,5.427666666666666
7.025,5.414833333333334
7.025416666666667,5.414000000000001
7.025833333333333,5.418500000000001
7.02625,5.429833333333334
7.026666666666666,5.441666666666666
7.027083333333334,5.432333333333332
7.0275,5.434833333333334
7.027916666666667,5.434666666666666
7.028333333333333,5.449166666666667
7.02875,5.478166666666667
7.029166666666667,5.5075
7.029583333333333,5.535333333333333
7.03,5.538
7.0304166666666665,5.5328333333333335
7.030833333333334,5.5055000000000005
7.03125,5.4665
7.031666666666666,5.437166666666666
7.0320833333333335,5.419333333333333
7.0325,5.419666666666667
7.032916666666667,5.425999999999999
7.033333333333333,5.427166666666667
7.03375,5.4205000000000005
7.034166666666667,5.411333333333332
7.034583333333333,5.395666666666667
7.035,5.3795
7.035416666666666,5.3693333333333335
7.035833333333334,5.3755
7.03625,5.391500000000001
7.036666666666667,5.405833333333333
7.037083333333333,5.419
7.0375,5.409166666666668
7.037916666666667,5.384666666666667
7.038333333333333,5.356999999999999
7.03875,5.320666666666667
7.039166666666667,5.2941666666666665
7.039583333333334,5.284666666666666
7.04,5.296166666666666
7.040416666666666,5.321166666666667
7.0408333333333335,5.348833333333332
7.04125,5.374333333333333
7.041666666666667,5.392333333333334
7.042083333333333,5.4005
7.0425,5.396
7.042916666666667,5.391166666666666
7.043333333333333,5.381666666666667
7.04375,5.371333333333333
7.0441666666666665,5.361833333333333
7.044583333333334,5.364666666666667
7.045,5.3694999999999995
7.045416666666667,5.364999999999999
7.045833333333333,5.352666666666667
7.04625,5.3276666666666666
7.046666666666667,5.283833333333334
7.047083333333333,5.2365
7.0475,5.2058333333333335
7.047916666666667,5.183833333333333
7.048333333333333,5.178666666666667
7.04875,5.193333333333333
7.049166666666666,5.216
7.0495833333333335,5.226666666666667
7.05,5.225833333333333
7.050416666666667,5.216833333333334
7.050833333333333,5.191833333333333
7.05125,5.157666666666667
7.051666666666667,5.139
7.052083333333333,5.136666666666668
7.0525,5.145166666666666
7.0529166666666665,5.1738333333333335
7.053333333333334,5.209
7.05375,5.247833333333333
7.054166666666666,5.2828333333333335
7.054583333333333,5.2988333333333335
7.055,5.3021666666666665
7.055416666666667,5.2861666666666665
7.055833333333333,5.2725
7.05625,5.273333333333333
7.056666666666667,5.2716666666666665
7.057083333333333,5.278666666666667
7.0575,5.2878333333333325
7.057916666666666,5.2909999999999995
7.058333333333334,5.2915
7.05875,5.2785
7.059166666666667,5.258833333333333
7.059583333333333,5.2375
7.06,5.220833333333333
7.060416666666667,5.21
7.060833333333333,5.196666666666666
7.06125,5.1845
7.0616666666666665,5.1645
7.062083333333334,5.1505
7.0625,5.141333333333333
7.062916666666666,5.14
7.0633333333333335,5.14
7.06375,5.134833333333334
7.064166666666667,5.131333333333334
7.064583333333333,5.1193333333333335
7.065,5.117166666666667
7.065416666666667,5.106000000000001
7.065833333333333,5.104666666666667
7.06625,5.104166666666666
7.066666666666666,5.111166666666667
7.067083333333334,5.127
7.0675,5.124
7.067916666666667,5.128833333333334
7.068333333333333,5.1265
7.06875,5.129499999999999
7.069166666666667,5.133166666666667
7.069583333333333,5.127833333333332
7.07,5.118666666666667
7.070416666666667,5.105833333333334
7.070833333333334,5.084499999999999
7.07125,5.0584999999999996
7.071666666666666,5.031166666666667
7.0720833333333335,5.008
7.0725,5.0015
7.072916666666667,5.004166666666666
7.073333333333333,5.0095
7.07375,5.009666666666667
7.074166666666667,5.004499999999999
7.074583333333333,5.001166666666666
7.075,4.9928333333333335
7.0754166666666665,4.982666666666666
7.075833333333334,4.981333333333333
7.07625,5.0015
7.076666666666667,5.044333333333333
7.077083333333333,5.091833333333333
7.0775,5.136666666666666
7.077916666666667,5.1706666666666665
7.078333333333333,5.192333333333333
7.07875,5.203500000000001
7.079166666666667,5.200833333333333
7.079583333333333,5.185833333333333
7.08,5.171166666666666
7.080416666666666,5.161333333333333
7.0808333333333335,5.161666666666666
7.08125,5.157
7.081666666666667,5.1499999999999995
7.082083333333333,5.1465
7.0825,5.134
7.082916666666667,5.115833333333334
7.083333333333333,5.078666666666666
7.08375,5.050666666666666
7.0841666666666665,5.030666666666667
7.084583333333334,5.0295
7.085,5.0385
7.085416666666666,5.043333333333334
7.085833333333333,5.057666666666667
7.08625,5.055000000000001
7.086666666666667,5.049166666666667
7.087083333333333,5.0195
7.0875,4.985666666666667
7.087916666666667,4.961666666666667
7.088333333333333,4.957333333333334
7.08875,4.9785
7.089166666666666,4.998499999999999
7.089583333333334,5.028333333333333
7.09,5.044833333333333
7.090416666666667,5.0551666666666675
7.090833333333333,5.056
7.09125,5.033333333333333
7.091666666666667,5.008500000000001
7.092083333333333,4.983
7.0925,4.963166666666667
7.0929166666666665,4.947666666666667
7.093333333333334,4.93
7.09375,4.917833333333334
7.094166666666666,4.913666666666667
7.0945833333333335,4.928833333333333
7.095,4.971333333333334
7.095416666666667,5.016
7.095833333333333,5.045833333333333
7.09625,5.068333333333333
7.096666666666667,5.069166666666667
7.097083333333333,5.053666666666667
7.0975,5.037333333333334
7.097916666666666,5.0216666666666665
7.098333333333334,5.014666666666667
7.09875,5.009666666666667
7.099166666666667,5.018666666666667
7.099583333333333,5.026166666666666
7.1,5.0296666666666665
7.100416666666667,5.041833333333334
7.100833333333333,5.047666666666667
7.10125,5.060666666666667
7.101666666666667,5.058666666666666
7.102083333333334,5.049666666666667
7.1025,5.030833333333333
7.102916666666666,4.999833333333333
7.1033333333333335,4.986
7.10375,4.977
7.104166666666667,4.982
7.104583333333333,4.976166666666667
7.105,4.965000000000001
7.105416666666667,4.944833333333333
7.105833333333333,4.911666666666666
7.10625,4.890000000000001
7.1066666666666665,4.869
7.107083333333334,4.8581666666666665
7.1075,4.8555
7.107916666666667,4.855666666666667
7.108333333333333,4.856333333333334
7.10875,4.856833333333333
7.109166666666667,4.857333333333333
7.109583333333333,4.870666666666666
7.11,4.880833333333333
7.110416666666667,4.893
7.110833333333333,4.8985
7.11125,4.886500000000001
7.111666666666666,4.867333333333334
7.1120833333333335,4.832333333333334
7.1125,4.796333333333334
7.112916666666667,4.764666666666666
7.113333333333333,4.7459999999999996
7.11375,4.733833333333333
7.114166666666667,4.7315
7.114583333333333,4.735833333333334
7.115,4.7443333333333335
7.1154166666666665,4.765499999999999
7.115833333333334,4.785333333333333
7.11625,4.804833333333333
7.116666666666666,4.815333333333334
7.117083333333333,4.820833333333334
7.1175,4.8165000000000004
7.117916666666667,4.8045
7.118333333333333,4.8
7.11875,4.794833333333334
7.119166666666667,4.808000000000001
7.119583333333333,4.829833333333334
7.12,4.853333333333333
7.120416666666666,4.869833333333333
7.120833333333334,4.8745
7.12125,4.880166666666667
7.121666666666667,4.8745
7.122083333333333,4.873166666666667
7.1225,4.866833333333334
7.122916666666667,4.861666666666667
7.123333333333333,4.8598333333333334
7.12375,4.8581666666666665
7.1241666666666665,4.864000000000001
7.124583333333334,4.8585
7.125,4.860333333333333
7.125416666666666,4.8615
7.1258333333333335,4.8646666666666665
7.12625,4.873666666666667
7.126666666666667,4.888833333333333
7.127083333333333,4.911833333333333
7.1275,4.934333333333333
7.127916666666667,4.9615
7.128333333333333,4.969666666666666
7.12875,4.9665
7.129166666666666,4.956166666666666
7.129583333333334,4.935333333333333
7.13,4.907833333333333
7.130416666666667,4.874
7.130833333333333,4.848999999999999
7.13125,4.8225
7.131666666666667,4.7924999999999995
7.132083333333333,4.764666666666666
7.1325,4.7345
7.132916666666667,4.71
7.133333333333334,4.702
7.13375,4.7026666666666666
7.134166666666666,4.709333333333333
7.1345833333333335,4.725666666666666
7.135,4.744
7.135416666666667,4.762833333333333
7.135833333333333,4.775
7.13625,4.787
7.136666666666667,4.798333333333333
7.137083333333333,4.802
7.1375,4.808
7.1379166666666665,4.813833333333333
7.138333333333334,4.802666666666667
7.13875,4.792166666666667
7.139166666666667,4.779166666666667
7.139583333333333,4.765666666666667
7.14,4.759666666666667
7.140416666666667,4.750333333333333
7.140833333333333,4.751666666666667
7.14125,4.755666666666667
7.141666666666667,4.7668333333333335
7.142083333333333,4.787166666666667
7.1425,4.796333333333333
7.142916666666666,4.802166666666667
7.1433333333333335,4.803166666666667
7.14375,4.7988333333333335
7.144166666666667,4.786666666666666
7.144583333333333,4.7589999999999995
7.145,4.746
7.145416666666667,4.743666666666666
7.145833333333333,4.745666666666666
7.14625,4.751333333333333
7.1466666666666665,4.753333333333333
7.147083333333334,4.764666666666667
7.1475,4.7745
7.147916666666666,4.788833333333333
7.148333333333333,4.8005
7.14875,4.793166666666667
7.149166666666667,4.780333333333334
7.149583333333333,4.754666666666666
7.15,4.7316666666666665
7.150416666666667,4.7139999999999995
7.150833333333333,4.7058333333333335
7.15125,4.710166666666667
7.151666666666666,4.709166666666667
7.152083333333334,4.714666666666667
7.1525,4.711166666666666
7.152916666666667,4.7011666666666665
7.153333333333333,4.692833333333333
7.15375,4.6845
7.154166666666667,4.6785000000000005
7.154583333333333,4.671166666666667
7.155,4.650666666666667
7.1554166666666665,4.614833333333333
7.155833333333334,4.5793333333333335
7.15625,4.5515
7.156666666666666,4.532666666666667
7.1570833333333335,4.534666666666666
7.1575,4.5538333333333325
7.157916666666667,4.582833333333333
7.158333333333333,4.614
7.15875,4.637166666666667
7.159166666666667,4.664666666666666
7.159583333333333,4.693833333333333
7.16,4.714833333333334
7.160416666666666,4.732
7.160833333333334,4.7491666666666665
7.16125,4.757666666666666
7.161666666666667,4.766666666666667
7.162083333333333,4.762333333333333
7.1625,4.744
7.162916666666667,4.7195
7.163333333333333,4.675333333333334
7.16375,4.639166666666667
7.164166666666667,4.586333333333333
7.164583333333334,4.525833333333333
7.165,4.483333333333333
7.165416666666666,4.4463333333333335
7.1658333333333335,4.4255
7.16625,4.410666666666667
7.166666666666667,4.421333333333334
7.167083333333333,4.443333333333333
7.1675,4.470833333333334
7.167916666666667,4.509166666666666
7.168333333333333,4.534
7.16875,4.5553333333333335
7.1691666666666665,4.569833333333333
7.169583333333334,4.570833333333334
7.17,4.567333333333334
7.170416666666667,4.543666666666667
7.170833333333333,4.526666666666666
7.17125,4.516333333333333
7.171666666666667,4.501166666666667
7.172083333333333,4.507666666666666
7.1725,4.514333333333333
7.172916666666667,4.532166666666667
7.173333333333333,4.550166666666667
7.17375,4.558333333333333
7.174166666666666,4.556
7.1745833333333335,4.538166666666667
7.175,4.530166666666667
7.175416666666667,4.5275
7.175833333333333,4.5375
7.17625,4.550666666666666
7.176666666666667,4.5585
7.177083333333333,4.563833333333334
7.1775,4.563
7.1779166666666665,4.553166666666667
7.178333333333334,4.53
7.17875,4.4991666666666665
7.179166666666666,4.469833333333333
7.179583333333333,4.4431666666666665
7.18,4.419
7.180416666666667,4.400833333333334
7.180833333333333,4.382
7.18125,4.369000000000001
7.181666666666667,4.3715
7.182083333333333,4.378666666666667
7.1825,4.379333333333332
7.182916666666666,4.3735
7.183333333333334,4.365666666666667
7.18375,4.360166666666667
7.184166666666667,4.350833333333333
7.184583333333333,4.341
7.185,4.333166666666667
7.185416666666667,4.334333333333333
7.185833333333333,4.346166666666666
7.18625,4.357666666666667
7.1866666666666665,4.365833333333333
7.187083333333334,4.362833333333334
7.1875,4.354500000000001
7.187916666666666,4.345
7.1883333333333335,4.347333333333333
7.18875,4.354166666666667
7.189166666666667,4.366666666666667
7.189583333333333,4.381666666666667
7.19,4.384166666666666
7.190416666666667,4.375
7.190833333333333,4.353166666666667
7.19125,4.333166666666666
7.191666666666666,4.313666666666666
7.192083333333334,4.304166666666667
7.1925,4.296333333333333
7.192916666666667,4.2909999999999995
7.193333333333333,4.284
7.19375,4.2763333333333335
7.194166666666667,4.284
7.194583333333333,4.296166666666666
7.195,4.320166666666666
7.195416666666667,4.337166666666667
7.195833333333334,4.347666666666667
7.19625,4.3533333333333335
7.196666666666666,4.342666666666667
7.1970833333333335,4.339666666666667
7.1975,4.332333333333334
7.197916666666667,4.332999999999999
7.198333333333333,4.336833333333334
7.19875,4.336166666666666
7.199166666666667,4.330166666666666
7.199583333333333,4.304333333333333
7.2,4.288166666666666
7.2004166666666665,4.268999999999999
7.200833333333334,4.259833333333334
7.20125,4.2588333333333335
7.201666666666667,4.261
7.202083333333333,4.274666666666667
7.2025,4.290333333333334
7.202916666666667,4.322333333333334
7.203333333333333,4.353166666666667
7.20375,4.377833333333332
7.204166666666667,4.382333333333333
7.204583333333333,4.3678333333333335
7.205,4.341833333333334
7.205416666666666,4.295333333333333
7.2058333333333335,4.259666666666667
7.20625,4.230666666666667
7.206666666666667,4.211333333333333
7.207083333333333,4.204166666666667
7.2075,4.202333333333333
7.207916666666667,4.205166666666667
7.208333333333333,4.1898333333333335
7.20875,4.178333333333333
7.2091666666666665,4.166
7.209583333333334,4.160833333333334
7.21,4.1705
7.210416666666666,4.180333333333333
7.210833333333333,4.198999999999999
7.21125,4.206166666666666
7.211666666666667,4.217666666666667
7.212083333333333,4.227166666666666
7.2125,4.219833333333333
7.212916666666667,4.2175
7.213333333333333,4.2171666666666665
7.21375,4.2203333333333335
7.214166666666666,4.235166666666667
7.214583333333334,4.231833333333333
7.215,4.2123333333333335
7.215416666666667,4.192833333333334
7.215833333333333,4.158666666666666
7.21625,4.1225
7.216666666666667,4.075666666666667
7.217083333333333,4.03
7.2175,4.007499999999999
7.2179166666666665,4.000166666666667
7.218333333333334,3.999833333333333
7.21875,3.9995000000000007
7.219166666666666,3.991666666666667
7.2195833333333335,3.9839999999999995
7.22,3.9683333333333333
7.220416666666667,3.939833333333333
7.220833333333333,3.927
7.22125,3.922333333333334
7.221666666666667,3.942
7.222083333333333,3.9793333333333334
7.2225,4.013166666666668
7.222916666666666,4.053333333333334
7.223333333333334,4.077
7.22375,4.094166666666667
7.224166666666667,4.093333333333333
7.224583333333333,4.070333333333333
7.225,4.043333333333334
7.225416666666667,4.005
7.225833333333333,3.970166666666666
7.22625,3.9426666666666663
7.226666666666667,3.9283333333333332
7.227083333333334,3.923833333333333
7.2275,3.92
7.227916666666666,3.929
7.2283333333333335,3.930666666666667
7.22875,3.934666666666667
7.229166666666667,3.935833333333333
7.229583333333333,3.9343333333333335
7.23,3.9410000000000003
7.230416666666667,3.932
7.230833333333333,3.9228333333333336
7.23125,3.9045
7.2316666666666665,3.8836666666666666
7.232083333333334,3.878833333333334
7.2325,3.8721666666666663
7.232916666666667,3.8705
7.233333333333333,3.8651666666666666
7.23375,3.8528333333333333
7.234166666666667,3.842333333333334
7.234583333333333,3.8218333333333336
7.235,3.8041666666666667
7.235416666666667,3.7881666666666667
7.235833333333333,3.7753333333333328
7.23625,3.7901666666666665
7.236666666666666,3.813166666666667
7.2370833333333335,3.8499999999999996
7.2375,3.8846666666666665
7.237916666666667,3.9131666666666667
7.238333333333333,3.9415
7.23875,3.9503333333333335
7.239166666666667,3.9495000000000005
7.239583333333333,3.921666666666667
7.24,3.8911666666666664
7.2404166666666665,3.8615
7.240833333333334,3.839166666666667
7.24125,3.8308333333333326
7.241666666666666,3.8173333333333326
7.242083333333333,3.8234999999999997
7.2425,3.83
7.242916666666667,3.835833333333334
7.243333333333333,3.8333333333333335
7.24375,3.816333333333333
7.244166666666667,3.7994999999999997
7.244583333333333,3.78
7.245,3.7735000000000003
7.245416666666666,3.7761666666666667
7.245833333333334,3.7703333333333333
7.24625,3.7648333333333337
7.246666666666667,3.7558333333333334
7.247083333333333,3.7453333333333334
7.2475,3.739333333333333
7.247916666666667,3.738166666666667
7.248333333333333,3.7438333333333333
7.24875,3.735833333333334
7.2491666666666665,3.7131666666666665
7.249583333333334,3.6756666666666664
7.25,3.6148333333333333
7.250416666666666,3.5629999999999993
7.2508333333333335,3.5393333333333334
7.25125,3.5388333333333333
7.251666666666667,3.5628333333333337
7.252083333333333,3.587
7.2525,3.600833333333334
7.252916666666667,3.595666666666667
7.253333333333333,3.5745000000000005
7.25375,3.548833333333333
7.254166666666666,3.5346666666666664
7.254583333333334,3.534333333333333
7.255,3.5475
7.255416666666667,3.5638333333333336
7.255833333333333,3.563833333333333
7.25625,3.5540000000000003
7.256666666666667,3.5271666666666666
7.257083333333333,3.4928333333333335
7.2575,3.4711666666666665
7.257916666666667,3.4486666666666665
7.258333333333334,3.439166666666667
7.25875,3.432166666666667
7.259166666666666,3.420666666666666
7.2595833333333335,3.41
7.26,3.387166666666667
7.260416666666667,3.383833333333333
7.260833333333333,3.379166666666667
7.26125,3.385
7.261666666666667,3.4084999999999996
7.262083333333333,3.4339999999999997
7.2625,3.466166666666666
7.2629166666666665,3.4806666666666666
7.263333333333334,3.4935000000000005
7.26375,3.4923333333333333
7.264166666666667,3.467166666666666
7.264583333333333,3.4443333333333332
7.265,3.426833333333333
7.265416666666667,3.4181666666666666
7.265833333333333,3.4263333333333335
7.26625,3.4451666666666667
7.266666666666667,3.467833333333333
7.267083333333333,3.4903333333333335
7.2675,3.499333333333334
7.267916666666666,3.4983333333333335
7.2683333333333335,3.4730000000000003
7.26875,3.4249999999999994
7.269166666666667,3.3798333333333335
7.269583333333333,3.3275000000000006
7.27,3.2818333333333336
7.270416666666667,3.2343333333333333
7.270833333333333,3.1816666666666666
7.27125,3.1491666666666664
7.2716666666666665,3.1201666666666665
7.272083333333334,3.1145
7.2725,3.1279999999999997
7.272916666666666,3.1525
7.273333333333333,3.1793333333333336
7.27375,3.1990000000000003
7.274166666666667,3.2123333333333335
7.274583333333333,3.202666666666667
7.275,3.18
7.275416666666667,3.1504999999999996
7.275833333333333,3.135833333333333
7.27625,3.1315000000000004
7.276666666666666,3.1315000000000004
7.277083333333334,3.1338333333333335
7.2775,3.1200000000000006
7.277916666666667,3.1005
7.278333333333333,3.077833333333334
7.27875,3.0468333333333333
7.279166666666667,3.0223333333333335
7.279583333333333,3.012166666666667
7.28,3.012333333333333
7.2804166666666665,3.021333333333333
7.280833333333334,3.021833333333333
7.28125,3.0171666666666668
7.281666666666666,3.014
7.2820833333333335,3.013333333333333
7.2825,3.021833333333333
7.282916666666667,3.031833333333333
7.283333333333333,3.0420000000000003
7.28375,3.0504999999999995
7.284166666666667,3.0460000000000007
7.284583333333333,3.0208333333333326
7.285,2.9915000000000003
7.285416666666666,2.9655
7.285833333333334,2.9595000000000002
7.28625,2.974833333333333
7.286666666666667,2.9916666666666667
7.287083333333333,3.013666666666667
7.2875,3.0231666666666666
7.287916666666667,3.0228333333333333
7.288333333333333,3.0063333333333335
7.28875,2.9789999999999996
7.289166666666667,2.9563333333333333
7.289583333333334,2.9285
7.29,2.900166666666667
7.290416666666666,2.8699999999999997
7.2908333333333335,2.8435
7.29125,2.8273333333333337
7.291666666666667,2.8241666666666667
7.292083333333333,2.84
7.2925,2.8558333333333334
7.292916666666667,2.8689999999999998
7.293333333333333,2.8801666666666663
7.29375,2.8735
7.2941666666666665,2.8545000000000003
7.294583333333334,2.8275
7.295,2.797166666666666
7.295416666666667,2.7783333333333338
7.295833333333333,2.763833333333333
7.29625,2.765166666666667
7.296666666666667,2.7746666666666666
7.297083333333333,2.777833333333333
7.2975,2.7851666666666666
7.297916666666667,2.7801666666666662
7.298333333333333,2.7685
7.29875,2.7463333333333337
7.299166666666666,2.713166666666666
7.2995833333333335,2.683333333333333
7.3,2.6671666666666667
7.300416666666667,2.6601666666666666
7.300833333333333,2.6531666666666665
7.30125,2.6473333333333335
7.301666666666667,2.6415
7.302083333333333,2.6378333333333335
7.3025,2.6304999999999996
7.3029166666666665,2.6166666666666663
7.303333333333334,2.598
7.30375,2.5865000000000005
7.304166666666666,2.587666666666667
7.304583333333333,2.599333333333333
7.305,2.613
7.305416666666667,2.6251666666666664
7.305833333333333,2.645
7.30625,2.6631666666666667
7.306666666666667,2.6650000000000005
7.307083333333333,2.6443333333333334
7.3075,2.611666666666667
7.307916666666666,2.576333333333333
7.308333333333334,2.548666666666667
7.30875,2.5295
7.309166666666667,2.5288333333333335
7.309583333333333,2.5526666666666666
7.31,2.582666666666667
7.310416666666667,2.627
7.310833333333333,2.653833333333333
7.31125,2.6528333333333336
7.3116666666666665,2.6439999999999997
7.312083333333334,2.6263333333333336
7.3125,2.608833333333333
7.312916666666666,2.592
7.3133333333333335,2.581833333333333
7.31375,2.5765000000000002
7.314166666666667,2.580166666666667
7.314583333333333,2.5833333333333335
7.315,2.587166666666667
7.315416666666667,2.5893333333333333
7.315833333333333,2.5824999999999996
7.31625,2.5801666666666665
7.316666666666666,2.569666666666666
7.317083333333334,2.5581666666666667
7.3175,2.5530000000000004
7.317916666666667,2.5465
7.318333333333333,2.5533333333333332
7.31875,2.556166666666667
7.319166666666667,2.560333333333333
7.319583333333333,2.568
7.32,2.5694999999999997
7.320416666666667,2.5674999999999994
7.320833333333334,2.5566666666666666
7.32125,2.5528333333333335
7.321666666666666,2.5466666666666664
7.3220833333333335,2.542
7.3225,2.5311666666666666
7.322916666666667,2.5071666666666665
7.323333333333333,2.4875000000000003
7.32375,2.4726666666666666
7.324166666666667,2.4576666666666664
7.324583333333333,2.4468333333333327
7.325,2.434166666666667
7.3254166666666665,2.4288333333333334
7.325833333333334,2.429
7.32625,2.4293333333333336
7.326666666666667,2.4351666666666665
7.327083333333333,2.4371666666666663
7.3275,2.4579999999999997
7.327916666666667,2.4915000000000003
7.328333333333333,2.534333333333333
7.32875,2.5868333333333333
7.329166666666667,2.6253333333333333
7.329583333333333,2.6496666666666666
7.33,2.646666666666667
7.330416666666666,2.6293333333333337
7.3308333333333335,2.5995
7.33125,2.5626666666666664
7.331666666666667,2.5455
7.332083333333333,2.5381666666666667
7.3325,2.5454999999999997
7.332916666666667,2.5596666666666663
7.333333333333333,2.567333333333333
7.33375,2.5646666666666667
7.3341666666666665,2.5553333333333335
7.334583333333334,2.5464999999999995
7.335,2.5338333333333334
7.335416666666666,2.512166666666667
7.335833333333333,2.4885
7.33625,2.4506666666666663
7.336666666666667,2.4136666666666664
7.337083333333333,2.381666666666667
7.3375,2.3508333333333336
7.337916666666667,2.3466666666666667
7.338333333333333,2.343666666666667
7.33875,2.346833333333333
7.339166666666666,2.343
7.339583333333334,2.3265
7.34,2.3198333333333334
7.340416666666667,2.312
7.340833333333333,2.329
7.34125,2.3756666666666666
7.341666666666667,2.4246666666666665
7.342083333333333,2.475333333333333
7.3425,2.5091666666666668
7.3429166666666665,2.5221666666666667
7.343333333333334,2.5133333333333336
7.34375,2.491
7.344166666666666,2.4601666666666664
7.3445833333333335,2.4185000000000003
7.345,2.3800000000000003
7.345416666666667,2.3521666666666667
7.345833333333333,2.3355
7.34625,2.316333333333333
7.346666666666667,2.3051666666666666
7.347083333333333,2.3044999999999995
7.3475,2.3165
7.347916666666666,2.318333333333333
7.348333333333334,2.3081666666666667
7.34875,2.2901666666666665
7.349166666666667,2.27
7.349583333333333,2.2661666666666664
7.35,2.2710000000000004
7.350416666666667,2.278166666666667
7.350833333333333,2.279
7.35125,2.2898333333333336
7.351666666666667,2.299
7.352083333333334,2.3085
7.3525,2.3136666666666668
7.352916666666666,2.3128333333333333
7.3533333333333335,2.3165
7.35375,2.3221666666666665
7.354166666666667,2.3258333333333336
7.354583333333333,2.3278333333333334
7.355,2.337333333333333
7.355416666666667,2.355166666666667
7.355833333333333,2.3836666666666666
7.35625,2.397
7.3566666666666665,2.4133333333333336
7.357083333333334,2.423833333333333
7.3575,2.4203333333333332
7.357916666666667,2.4251666666666667
7.358333333333333,2.4266666666666663
7.35875,2.4326666666666665
7.359166666666667,2.4441666666666673
7.359583333333333,2.456
7.36,2.445
7.360416666666667,2.4291666666666667
7.360833333333333,2.4086666666666665
7.36125,2.3846666666666665
7.361666666666666,2.3665
7.3620833333333335,2.3356666666666666
7.3625,2.3405
7.362916666666667,2.352
7.363333333333333,2.372333333333333
7.36375,2.4070000000000005
7.364166666666667,2.4226666666666663
7.364583333333333,2.444166666666667
7.365,2.4545
7.3654166666666665,2.454166666666666
7.365833333333334,2.433333333333333
7.36625,2.4008333333333334
7.366666666666666,2.3795
7.367083333333333,2.363833333333333
7.3675,2.357666666666667
7.367916666666667,2.365
7.368333333333333,2.3866666666666667
7.36875,2.4195000000000007
7.369166666666667,2.448166666666667
7.369583333333333,2.4684999999999997
7.37,2.461333333333333
7.370416666666666,2.4326666666666665
7.370833333333334,2.4095
7.37125,2.378666666666667
7.371666666666667,2.351
7.372083333333333,2.323166666666667
7.3725,2.3016666666666667
7.372916666666667,2.2903333333333333
7.373333333333333,2.2868333333333335
7.37375,2.2985
7.3741666666666665,2.311
7.374583333333334,2.3245000000000005
7.375,2.342666666666667
7.375416666666666,2.3586666666666667
7.3758333333333335,2.367833333333333
7.37625,2.3679999999999994
7.376666666666667,2.366833333333333
7.377083333333333,2.3698333333333337
7.3775,2.3733333333333335
7.377916666666667,2.3775
7.378333333333333,2.3726666666666665
7.37875,2.359
7.379166666666666,2.3493333333333335
7.379583333333334,2.3573333333333335
7.38,2.3715
7.380416666666667,2.3975
7.380833333333333,2.4248333333333334
7.38125,2.4355000000000007
7.381666666666667,2.4371666666666667
7.382083333333333,2.4118333333333335
7.3825,2.378166666666667
7.382916666666667,2.3339999999999996
7.383333333333334,2.2930000000000006
7.38375,2.277333333333333
7.384166666666666,2.2668333333333335
7.3845833333333335,2.282
7.385,2.31
7.385416666666667,2.338166666666667
7.385833333333333,2.3626666666666662
7.38625,2.3681666666666668
7.386666666666667,2.3698333333333337
7.387083333333333,2.364833333333334
7.3875,2.361166666666667
7.3879166666666665,2.3658333333333332
7.388333333333334,2.3695
7.38875,2.3758333333333335
7.389166666666667,2.3784999999999994
7.389583333333333,2.3755
7.39,2.3675
7.390416666666667,2.3529999999999998
7.390833333333333,2.339
7.39125,2.3321666666666667
7.391666666666667,2.3231666666666664
7.392083333333333,2.313833333333333
7.3925,2.310833333333333
7.392916666666666,2.319
7.3933333333333335,2.3366666666666673
7.39375,2.363
7.394166666666667,2.390166666666667
7.394583333333333,2.3983333333333334
7.395,2.390666666666667
7.395416666666667,2.367833333333333
7.395833333333333,2.3390000000000004
7.39625,2.3089999999999997
7.3966666666666665,2.298166666666667
7.397083333333334,2.2985
7.3975,2.3078333333333334
7.397916666666666,2.326833333333333
7.398333333333333,2.342333333333333
7.39875,2.3571666666666666
7.399166666666667,2.3425
7.399583333333333,2.326666666666667
7.4,2.2993333333333332
7.400416666666667,2.2708333333333335
7.400833333333333,2.261833333333333
7.40125,2.247166666666667
7.401666666666666,2.255333333333333
7.402083333333334,2.270166666666667
7.4025,2.3013333333333335
7.402916666666667,2.3296666666666668
7.403333333333333,2.340833333333333
7.40375,2.35
7.404166666666667,2.347
7.404583333333333,2.3505
7.405,2.347
7.4054166666666665,2.330666666666666
7.405833333333334,2.3181666666666665
7.40625,2.311666666666667
7.406666666666666,2.317333333333333
7.4070833333333335,2.323
7.4075,2.3268333333333335
7.407916666666667,2.3306666666666667
7.408333333333333,2.326833333333333
7.40875,2.317833333333333
7.409166666666667,2.298
7.409583333333333,2.2663333333333333
7.41,2.2238333333333333
7.410416666666666,2.2036666666666664
7.410833333333334,2.1893333333333334
7.41125,2.1823333333333337
7.411666666666667,2.197666666666667
7.412083333333333,2.212
7.4125,2.246166666666667
7.412916666666667,2.275
7.413333333333333,2.2983333333333333
7.41375,2.318166666666667
7.414166666666667,2.3249999999999997
7.414583333333334,2.3398333333333334
7.415,2.345666666666667
7.415416666666666,2.3470000000000004
7.4158333333333335,2.3521666666666667
7.41625,2.355166666666667
7.416666666666667,2.356833333333333
7.417083333333333,2.349333333333333
7.4175,2.3320000000000003
7.417916666666667,2.308833333333333
7.418333333333333,2.2900000000000005
7.41875,2.2798333333333334
7.4191666666666665,2.2635
7.419583333333334,2.2535
7.42,2.2518333333333334
7.420416666666667,2.2388333333333335
7.420833333333333,2.231666666666667
7.42125,2.2249999999999996
7.421666666666667,2.2206666666666663
7.422083333333333,2.2224999999999997
7.4225,2.2216666666666667
7.422916666666667,2.230333333333333
7.423333333333333,2.2238333333333333
7.42375,2.2061666666666664
7.424166666666666,2.1833333333333336
7.4245833333333335,2.1586666666666665
7.425,2.1394999999999995
7.425416666666667,2.1329999999999996
7.425833333333333,2.145166666666667
7.42625,2.1566666666666667
7.426666666666667,2.1788333333333334
7.427083333333333,2.1886666666666668
7.4275,2.188166666666667
7.4279166666666665,2.1835
7.428333333333334,2.1748333333333334
7.42875,2.19
7.429166666666666,2.2103333333333333
7.429583333333333,2.2305
7.43,2.2505
7.430416666666667,2.2548333333333335
7.430833333333333,2.255333333333333
7.43125,2.2426666666666666
7.431666666666667,2.2201666666666666
7.432083333333333,2.2048333333333328
7.4325,2.1938333333333335
7.432916666666666,2.185166666666667
7.433333333333334,2.1776666666666666
7.43375,2.166166666666667
7.434166666666667,2.1525
7.434583333333333,2.145833333333333
7.435,2.1443333333333334
7.435416666666667,2.151666666666667
7.435833333333333,2.165833333333333
7.43625,2.1791666666666667
7.4366666666666665,2.188
7.437083333333334,2.1955000000000005
7.4375,2.202166666666667
7.437916666666666,2.2110000000000003
7.4383333333333335,2.213833333333333
7.43875,2.2105
7.439166666666667,2.2098333333333335
7.439583333333333,2.2121666666666666
7.44,2.2238333333333333
7.440416666666667,2.249
7.440833333333333,2.2695000000000003
7.44125,2.2946666666666666
7.441666666666666,2.3175000000000003
7.442083333333334,2.3225000000000002
7.4425,2.3298333333333328
7.442916666666667,2.3275
7.443333333333333,2.3339999999999996
7.44375,2.3394999999999997
7.444166666666667,2.3411666666666666
7.444583333333333,2.3364999999999996
7.445,2.3145000000000002
7.445416666666667,2.293
7.445833333333334,2.2685
7.44625,2.258833333333333
7.446666666666666,2.260333333333333
7.4470833333333335,2.27
7.4475,2.2763333333333335
7.447916666666667,2.2665
7.448333333333333,2.2546666666666666
7.44875,2.2224999999999997
7.449166666666667,2.1911666666666667
7.449583333333333,2.1666666666666665
7.45,2.1506666666666665
7.4504166666666665,2.1455
7.450833333333334,2.1358333333333333
7.45125,2.1333333333333333
7.451666666666667,2.1265
7.452083333333333,2.1321666666666665
7.4525,2.147333333333333
7.452916666666667,2.1685
7.453333333333333,2.1955
7.45375,2.2201666666666666
7.454166666666667,2.2481666666666666
7.454583333333333,2.2556666666666665
7.455,2.2475
7.455416666666666,2.233166666666667
7.4558333333333335,2.202
7.45625,2.1816666666666666
7.456666666666667,2.1655
7.457083333333333,2.1573333333333333
7.4575,2.1565
7.457916666666667,2.163
7.458333333333333,2.1808333333333336
7.45875,2.1865
7.4591666666666665,2.2001666666666666
7.459583333333334,2.1981666666666664
7.46,2.1908333333333334
7.460416666666666,2.1799999999999997
7.460833333333333,2.1648333333333336
7.46125,2.170666666666667
7.461666666666667,2.1766666666666667
7.462083333333333,2.2075
7.4625,2.245
7.462916666666667,2.2723333333333335
7.463333333333333,2.306
7.46375,2.3161666666666663
7.464166666666666,2.3113333333333332
7.464583333333334,2.285
7.465,2.255333333333333
7.465416666666667,2.2391666666666667
7.465833333333333,2.2278333333333333
7.46625,2.2328333333333332
7.466666666666667,2.2316666666666665
7.467083333333333,2.236666666666667
7.4675,2.2355
7.4679166666666665,2.235333333333333
7.468333333333334,2.2308333333333334
7.46875,2.2136666666666667
7.469166666666666,2.202833333333333
7.4695833333333335,2.193
7.47,2.193
7.470416666666667,2.1876666666666664
7.470833333333333,2.18
7.47125,2.1791666666666667
7.471666666666667,2.1853333333333333
7.472083333333333,2.2026666666666666
7.4725,2.2131666666666665
7.472916666666666,2.2113333333333336
7.473333333333334,2.1911666666666663
7.47375,2.1690000000000005
7.474166666666667,2.147
7.474583333333333,2.1216666666666666
7.475,2.102
7.475416666666667,2.0836666666666663
7.475833333333333,2.082
7.47625,2.096833333333333
7.476666666666667,2.1261666666666663
7.477083333333334,2.1555
7.4775,2.1851666666666665
7.477916666666666,2.2015
7.4783333333333335,2.2016666666666667
7.47875,2.186166666666667
7.479166666666667,2.156166666666667
7.479583333333333,2.1348333333333334
7.48,2.1263333333333336
7.480416666666667,2.1330000000000005
7.480833333333333,2.1575
7.48125,2.178833333333333
7.4816666666666665,2.199666666666667
7.482083333333334,2.2228333333333334
7.4825,2.222
7.482916666666667,2.217166666666667
7.483333333333333,2.1925
7.48375,2.1621666666666663
7.484166666666667,2.1331666666666664
7.484583333333333,2.082333333333333
7.485,2.0515000000000003
7.485416666666667,2.0263333333333335
7.485833333333333,2.0186666666666664
7.48625,2.0340000000000003
7.486666666666666,2.0404999999999998
7.4870833333333335,2.0425
7.4875,2.0380000000000003
7.487916666666667,2.0338333333333334
7.488333333333333,2.0276666666666667
7.48875,2.0228333333333333
7.489166666666667,2.0316666666666667
7.489583333333333,2.0576666666666665
7.49,2.082333333333333
7.4904166666666665,2.0963333333333334
7.490833333333334,2.098333333333333
7.49125,2.0733333333333337
7.491666666666666,2.045666666666667
7.492083333333333,2.0265
7.4925,2.017333333333333
7.492916666666667,2.0208333333333335
7.493333333333333,2.029333333333333
7.49375,2.041666666666667
7.494166666666667,2.0413333333333337
7.494583333333333,2.028
7.495,2.005666666666667
7.495416666666666,1.9894999999999998
7.495833333333334,1.9913333333333334
7.49625,2.015
7.496666666666667,2.0544999999999995
7.497083333333333,2.085833333333333
7.4975,2.108
7.497916666666667,2.1151666666666666
7.498333333333333,2.106666666666667
7.49875,2.0786666666666664
7.4991666666666665,2.038666666666667
7.499583333333334,2.0075
7.5,1.9784999999999997
7.500416666666666,1.9563333333333333
7.5008333333333335,1.9335000000000002
7.50125,1.9125000000000003
7.501666666666667,1.905
7.502083333333333,1.9026666666666667
7.5025,1.9135
7.502916666666667,1.9331666666666667
7.503333333333333,1.9585
7.50375,1.9973333333333334
7.504166666666666,2.0248333333333335
7.504583333333334,2.0371666666666663
7.505,2.052
7.505416666666667,2.055
7.505833333333333,2.0565
7.50625,2.0446666666666666
7.506666666666667,2.019
7.507083333333333,1.9951666666666663
7.5075,1.9611666666666665
7.507916666666667,1.9351666666666665
7.508333333333334,1.9175000000000002
7.50875,1.9166666666666667
7.509166666666666,1.9351666666666667
7.5095833333333335,1.9569999999999999
7.51,1.972333333333333
7.510416666666667,1.9695
7.510833333333333,1.9565000000000001
7.51125,1.9395
7.511666666666667,1.939
7.512083333333333,1.9643333333333333
7.5125,2.0051666666666663
7.5129166666666665,2.062333333333333
7.513333333333334,2.102
7.51375,2.1186666666666665
7.514166666666667,2.1156666666666664
7.514583333333333,2.0896666666666666
7.515,2.060166666666667
7.515416666666667,2.0396666666666667
7.515833333333333,2.0365
7.51625,2.0369999999999995
7.516666666666667,2.034666666666667
7.517083333333333,2.0198333333333336
7.5175,1.9951666666666663
7.517916666666666,1.979
7.5183333333333335,1.9809999999999999
7.51875,2.003833333333333
7.519166666666667,2.0443333333333333
7.519583333333333,2.0974999999999997
7.52,2.153333333333333
7.520416666666667,2.186
7.520833333333333,2.1908333333333334
7.52125,2.175333333333333
7.5216666666666665,2.139
7.522083333333334,2.0965000000000003
7.5225,2.060166666666667
7.522916666666666,2.0256666666666665
7.523333333333333,1.9909999999999999
7.52375,1.973166666666667
7.524166666666667,1.9638333333333333
7.524583333333333,1.966
7.525,1.983666666666667
7.525416666666667,2.0116666666666667
7.525833333333333,2.0589999999999997
7.52625,2.0931666666666664
7.526666666666666,2.1231666666666666
7.527083333333334,2.1376666666666666
7.5275,2.1133333333333333
7.527916666666667,2.081166666666667
7.528333333333333,2.0366666666666666
7.52875,2.0084999999999997
7.529166666666667,1.9959999999999998
7.529583333333333,1.9906666666666666
7.53,1.993666666666667
7.5304166666666665,1.9848333333333334
7.530833333333334,1.9813333333333334
7.53125,1.982333333333333
7.531666666666666,1.977
7.5320833333333335,1.964166666666667
7.5325,1.9481666666666666
7.532916666666667,1.9429999999999998
7.533333333333333,1.9464999999999997
7.53375,1.9483333333333333
7.534166666666667,1.9533333333333334
7.534583333333333,1.9641666666666666
7.535,1.9878333333333333
7.535416666666666,2.022
7.535833333333334,2.045
7.53625,2.0385
7.536666666666667,2.0083333333333333
7.537083333333333,1.9740000000000002
7.5375,1.9523333333333337
7.537916666666667,1.9346666666666668
7.538333333333333,1.9271666666666665
7.53875,1.9391666666666667
7.539166666666667,1.9613333333333334
7.539583333333334,1.994
7.54,2.018666666666667
7.540416666666666,2.024
7.5408333333333335,2.0189999999999997
7.54125,2.0113333333333334
7.541666666666667,1.9976666666666667
7.542083333333333,1.9851666666666665
7.5425,1.9569999999999999
7.542916666666667,1.9331666666666667
7.543333333333333,1.9221666666666668
7.54375,1.9023333333333337
7.5441666666666665,1.9048333333333334
7.544583333333334,1.9068333333333334
7.545,1.915
7.545416666666667,1.9276666666666664
7.545833333333333,1.926833333333333
7.54625,1.9333333333333333
7.546666666666667,1.9225
7.547083333333333,1.9085
7.5475,1.8994999999999997
7.547916666666667,1.8961666666666666
7.548333333333333,1.9024999999999999
7.54875,1.9091666666666665
7.549166666666666,1.9201666666666668
7.5495833333333335,1.9195000000000004
7.55,1.9136666666666666
7.550416666666667,1.8986666666666665
7.550833333333333,1.8715000000000002
7.55125,1.843
7.551666666666667,1.8205
7.552083333333333,1.83
7.5525,1.865333333333333
7.5529166666666665,1.8988333333333334
7.553333333333334,1.9361666666666668
7.55375,1.9659999999999995
7.554166666666666,1.9748333333333334
7.554583333333333,1.9723333333333333
7.555,1.9593333333333334
7.555416666666667,1.9448333333333334
7.555833333333333,1.9326666666666668
7.55625,1.9305000000000003
7.556666666666667,1.9291666666666665
7.557083333333333,1.9145
7.5575,1.8953333333333333
7.557916666666666,1.8771666666666667
7.558333333333334,1.8676666666666666
7.55875,1.8583333333333334
7.559166666666667,1.8513333333333337
7.559583333333333,1.8386666666666667
7.56,1.8225000000000005
7.560416666666667,1.8101666666666667
7.560833333333333,1.7926666666666666
7.56125,1.7838333333333332
7.5616666666666665,1.7798333333333334
7.562083333333334,1.7919999999999998
7.5625,1.8106666666666669
7.562916666666666,1.8316666666666668
7.5633333333333335,1.8559999999999999
7.56375,1.8598333333333332
7.564166666666667,1.8676666666666666
7.564583333333333,1.8694999999999997
7.565,1.8605
7.565416666666667,1.8543333333333332
7.565833333333333,1.841
7.56625,1.8471666666666666
7.566666666666666,1.8568333333333331
7.567083333333334,1.8646666666666665
7.5675,1.8790000000000002
7.567916666666667,1.8791666666666667
7.568333333333333,1.8841666666666665
7.56875,1.881833333333333
7.569166666666667,1.8786666666666665
7.569583333333333,1.8749999999999998
7.57,1.8701666666666668
7.570416666666667,1.8756666666666668
7.570833333333334,1.873833333333333
7.57125,1.8623333333333332
7.571666666666666,1.8453333333333333
7.5720833333333335,1.8358333333333334
7.5725,1.8328333333333335
7.572916666666667,1.8453333333333333
7.573333333333333,1.8646666666666667
7.57375,1.888333333333333
7.574166666666667,1.9165
7.574583333333333,1.9385000000000001
7.575,1.9558333333333333
7.5754166666666665,1.9565000000000001
7.575833333333334,1.9496666666666667
7.57625,1.9430000000000003
7.576666666666667,1.9388333333333332
7.577083333333333,1.9373333333333331
7.5775,1.9303333333333335
7.577916666666667,1.9240000000000002
7.578333333333333,1.9105
7.57875,1.9025
7.579166666666667,1.8928333333333331
7.579583333333333,1.875
7.58,1.8683333333333334
7.580416666666666,1.8579999999999999
7.5808333333333335,1.8633333333333335
7.58125,1.8678333333333335
7.581666666666667,1.859333333333333
7.582083333333333,1.8461666666666667
7.5825,1.8185
7.582916666666667,1.7934999999999999
7.583333333333333,1.7736666666666665
7.58375,1.764333333333333
7.5841666666666665,1.7763333333333335
7.584583333333334,1.8083333333333333
7.585,1.8493333333333333
7.585416666666666,1.8816666666666666
7.585833333333333,1.8888333333333331
7.58625,1.8786666666666665
7.586666666666667,1.849
7.587083333333333,1.813
7.5875,1.7824999999999998
7.587916666666667,1.7581666666666667
7.588333333333333,1.7603333333333333
7.58875,1.7750000000000001
7.589166666666666,1.7956666666666665
7.589583333333334,1.812833333333333
7.59,1.8175
7.590416666666667,1.8243333333333336
7.590833333333333,1.8275
7.59125,1.8241666666666667
7.591666666666667,1.8171666666666664
7.592083333333333,1.8051666666666666
7.5925,1.7965
7.5929166666666665,1.7796666666666667
7.593333333333334,1.7598333333333331
7.59375,1.730666666666667
7.594166666666666,1.7088333333333334
7.5945833333333335,1.7001666666666668
7.595,1.6921666666666664
7.595416666666667,1.6846666666666668
7.595833333333333,1.6755000000000002
7.59625,1.675166666666667
7.596666666666667,1.6821666666666666
7.597083333333333,1.6968333333333332
7.5975,1.7145000000000001
7.597916666666666,1.7466666666666664
7.598333333333334,1.7779999999999998
7.59875,1.8001666666666667
7.599166666666667,1.8155000000000001
7.599583333333333,1.8158333333333332
7.6,1.8193333333333335
7.600416666666667,1.8278333333333334
7.600833333333333,1.828833333333333
7.60125,1.8319999999999999
7.601666666666667,1.8341666666666667
7.602083333333334,1.8356666666666666
7.6025,1.8463333333333336
7.602916666666666,1.851
7.6033333333333335,1.8568333333333331
7.60375,1.8663333333333334
7.604166666666667,1.8659999999999999
7.604583333333333,1.8618333333333332
7.605,1.8353333333333335
7.605416666666667,1.8030000000000002
7.605833333333333,1.7710000000000001
7.60625,1.7375
7.6066666666666665,1.7358333333333338
7.607083333333334,1.7508333333333335
7.6075,1.7896666666666665
7.607916666666667,1.8256666666666668
7.608333333333333,1.8518333333333334
7.60875,1.8763333333333332
7.609166666666667,1.8758333333333332
7.609583333333333,1.8703333333333336
7.61,1.8571666666666669
7.610416666666667,1.835
7.610833333333333,1.8171666666666664
7.61125,1.7953333333333337
7.611666666666666,1.7666666666666668
7.6120833333333335,1.7289999999999999
7.6125,1.6976666666666667
7.612916666666667,1.7018333333333333
7.613333333333333,1.7313333333333336
7.61375,1.7731666666666668
7.614166666666667,1.8191666666666668
7.614583333333333,1.8578333333333334
7.615,1.8701666666666668
7.6154166666666665,1.8673333333333335
7.615833333333334,1.8556666666666668
7.61625,1.8288333333333335
7.616666666666666,1.8014999999999999
7.617083333333333,1.7754999999999999
7.6175,1.76
7.617916666666667,1.7458333333333333
7.618333333333333,1.7393333333333334
7.61875,1.750333333333333
7.619166666666667,1.754333333333333
7.619583333333333,1.7618333333333334
7.62,1.7731666666666666
7.620416666666666,1.7744999999999997
7.620833333333334,1.7646666666666666
7.62125,1.7465000000000002
7.621666666666667,1.7313333333333334
7.622083333333333,1.714166666666667
7.6225,1.6886666666666665
7.622916666666667,1.6588333333333332
7.623333333333333,1.6268333333333331
7.62375,1.5953333333333335
7.6241666666666665,1.5858333333333332
7.624583333333334,1.5815000000000001
7.625,1.5706666666666667
7.625416666666666,1.5793333333333335
7.6258333333333335,1.5901666666666667
7.62625,1.6101666666666665
7.626666666666667,1.623
7.627083333333333,1.6384999999999998
7.6275,1.6660000000000001
7.627916666666667,1.6823333333333335
7.628333333333333,1.7044999999999997
7.62875,1.7248333333333334
7.629166666666666,1.7326666666666666
7.629583333333334,1.7326666666666668
7.63,1.7351666666666665
7.630416666666667,1.7313333333333336
7.630833333333333,1.7348333333333332
7.63125,1.7436666666666667
7.631666666666667,1.7604999999999997
7.632083333333333,1.7753333333333334
7.6325,1.7739999999999998
7.632916666666667,1.7688333333333333
7.633333333333334,1.750333333333333
7.63375,1.735
7.634166666666666,1.7253333333333334
7.6345833333333335,1.7286666666666666
7.635,1.7426666666666666
7.635416666666667,1.7454999999999998
7.635833333333333,1.7486666666666666
7.63625,1.7393333333333334
7.636666666666667,1.733666666666667
7.637083333333333,1.7326666666666668
7.6375,1.7311666666666667
7.6379166666666665,1.7411666666666668
7.638333333333334,1.7415
7.63875,1.7425000000000004
7.639166666666667,1.7400000000000002
7.639583333333333,1.7418333333333333
7.64,1.7438333333333336
7.640416666666667,1.745833333333333
7.640833333333333,1.7468333333333332
7.64125,1.7448333333333332
7.641666666666667,1.7466666666666668
7.642083333333333,1.7391666666666665
7.6425,1.7413333333333334
7.642916666666666,1.7454999999999998
7.6433333333333335,1.7526666666666664
7.64375,1.7716666666666667
7.644166666666667,1.782
7.644583333333333,1.7868333333333333
7.645,1.7860000000000003
7.645416666666667,1.7811666666666666
7.645833333333333,1.777166666666667
7.64625,1.7651666666666668
7.6466666666666665,1.7519999999999998
7.647083333333334,1.7468333333333337
7.6475,1.742333333333333
7.647916666666666,1.7443333333333333
7.648333333333333,1.7568333333333335
7.64875,1.766
7.649166666666667,1.7726666666666668
7.649583333333333,1.7761666666666664
7.65,1.7593333333333332
7.650416666666667,1.7358333333333331
7.650833333333333,1.7093333333333336
7.65125,1.6861666666666666
7.651666666666666,1.668166666666667
7.652083333333334,1.6523333333333337
7.6525,1.6463333333333334
7.652916666666667,1.6395
7.653333333333333,1.6305000000000003
7.65375,1.6118333333333335
7.654166666666667,1.5921666666666667
7.654583333333333,1.5821666666666665
7.655,1.5845
7.6554166666666665,1.6075
7.655833333333334,1.6311666666666669
7.65625,1.6553333333333333
7.656666666666666,1.6796666666666666
7.6570833333333335,1.6946666666666668
7.6575,1.7083333333333333
7.657916666666667,1.7223333333333335
7.658333333333333,1.7246666666666668
7.65875,1.7221666666666664
7.659166666666667,1.7140000000000002
7.659583333333333,1.6903333333333335
7.66,1.6705000000000003
7.660416666666666,1.626166666666667
7.660833333333334,1.5928333333333333
7.66125,1.5729999999999997
7.661666666666667,1.5633333333333332
7.662083333333333,1.5921666666666665
7.6625,1.6231666666666669
7.662916666666667,1.6626666666666667
7.663333333333333,1.702
7.66375,1.7361666666666666
7.664166666666667,1.764
7.664583333333334,1.7761666666666667
7.665,1.7838333333333336
7.665416666666666,1.7836666666666667
7.6658333333333335,1.7753333333333334
7.66625,1.7621666666666664
7.666666666666667,1.7485
7.667083333333333,1.7234999999999998
7.6675,1.692
7.667916666666667,1.6676666666666666
7.668333333333333,1.6445
7.66875,1.6318333333333335
7.6691666666666665,1.6218333333333332
7.669583333333334,1.6188333333333331
7.67,1.6340000000000001
7.670416666666667,1.6655
7.670833333333333,1.7148333333333332
7.67125,1.7691666666666668
7.671666666666667,1.8123333333333331
7.672083333333333,1.8403333333333336
7.6725,1.8481666666666667
7.672916666666667,1.8291666666666666
7.673333333333333,1.7966666666666669
7.67375,1.766
7.674166666666666,1.7459999999999998
7.6745833333333335,1.7408333333333335
7.675,1.7455
7.675416666666667,1.7596666666666663
7.675833333333333,1.771
7.67625,1.7673333333333332
7.676666666666667,1.7533333333333332
7.677083333333333,1.7305
7.6775,1.7048333333333332
7.6779166666666665,1.6963333333333332
7.678333333333334,1.6898333333333333
7.67875,1.6886666666666665
7.679166666666666,1.6981666666666666
7.679583333333333,1.7073333333333336
7.68,1.7093333333333334
7.680416666666667,1.7018333333333333
7.680833333333333,1.6864999999999999
7.68125,1.6738333333333333
7.681666666666667,1.6680000000000001
7.682083333333333,1.667
7.6825,1.672666666666667
7.682916666666666,1.6678333333333335
7.683333333333334,1.6811666666666663
7.68375,1.6883333333333332
7.684166666666667,1.6753333333333333
7.684583333333333,1.6725
7.685,1.6658333333333333
7.685416666666667,1.6669999999999998
7.685833333333333,1.6708333333333334
7.68625,1.6785000000000003
7.6866666666666665,1.6836666666666666
7.687083333333334,1.6740000000000002
7.6875,1.6673333333333333
7.687916666666666,1.6741666666666664
7.6883333333333335,1.6793333333333333
7.68875,1.6986666666666668
7.689166666666667,1.729
7.689583333333333,1.7393333333333334
7.69,1.7463333333333335
7.690416666666667,1.732
7.690833333333333,1.7094999999999996
7.69125,1.682333333333333
7.691666666666666,1.6599999999999995
7.692083333333334,1.6626666666666665
7.6925,1.6723333333333332
7.692916666666667,1.6911666666666665
7.693333333333333,1.7048333333333339
7.69375,1.7065000000000001
7.694166666666667,1.7063333333333333
7.694583333333333,1.7121666666666664
7.695,1.7241666666666668
7.695416666666667,1.7508333333333335
7.695833333333334,1.7665
7.69625,1.7598333333333336
7.696666666666666,1.733666666666667
7.6970833333333335,1.6818333333333335
7.6975,1.6306666666666667
7.697916666666667,1.5848333333333333
7.698333333333333,1.5643333333333331
7.69875,1.5831666666666668
7.699166666666667,1.622
7.699583333333333,1.6748333333333336
7.7,1.7075000000000002
7.7004166666666665,1.724
7.700833333333334,1.7396666666666667
7.70125,1.7501666666666666
7.701666666666667,1.766
7.702083333333333,1.7745
7.7025,1.777833333333333
7.702916666666667,1.7651666666666666
7.703333333333333,1.7406666666666666
7.70375,1.7174999999999996
7.704166666666667,1.6935000000000002
7.704583333333333,1.687166666666667
7.705,1.6988333333333336
7.705416666666666,1.711
7.7058333333333335,1.7209999999999999
7.70625,1.7318333333333333
7.706666666666667,1.7276666666666667
7.707083333333333,1.719
7.7075,1.7071666666666667
7.707916666666667,1.6991666666666667
7.708333333333333,1.6989999999999998
7.70875,1.6831666666666667
7.7091666666666665,1.6748333333333336
7.709583333333334,1.6616666666666664
7.71,1.647
7.710416666666666,1.6523333333333332
7.710833333333333,1.6571666666666662
7.71125,1.6523333333333337
7.711666666666667,1.6415000000000004
7.712083333333333,1.6341666666666665
7.7125,1.628833333333333
7.712916666666667,1.6340000000000001
7.713333333333333,1.6398333333333335
7.71375,1.6560000000000004
7.714166666666666,1.6748333333333332
7.714583333333334,1.6753333333333336
7.715,1.6858333333333333
7.715416666666667,1.6760000000000002
7.715833333333333,1.6648333333333334
7.71625,1.6695
7.716666666666667,1.6886666666666665
7.717083333333333,1.7331666666666665
7.7175,1.7718333333333331
7.7179166666666665,1.8001666666666667
7.718333333333334,1.8096666666666668
7.71875,1.7903333333333336
7.719166666666666,1.747166666666666
7.7195833333333335,1.705166666666667
7.72,1.6591666666666665
7.720416666666667,1.6316666666666668
7.720833333333333,1.6433333333333335
7.72125,1.668833333333333
7.721666666666667,1.7146666666666668
7.722083333333333,1.7439999999999998
7.7225,1.7553333333333336
7.722916666666666,1.7444999999999997
7.723333333333334,1.704666666666667
7.72375,1.6691666666666667
7.724166666666667,1.6351666666666667
7.724583333333333,1.6171666666666666
7.725,1.611
7.725416666666667,1.6171666666666669
7.725833333333333,1.6295
7.72625,1.6415
7.726666666666667,1.6611666666666667
7.727083333333334,1.6775
7.7275,1.6899999999999997
7.727916666666666,1.7115
7.7283333333333335,1.7258333333333333
7.72875,1.734333333333333
7.729166666666667,1.7278333333333336
7.729583333333333,1.6986666666666668
7.73,1.6784999999999999
7.730416666666667,1.6458333333333333
7.730833333333333,1.6181666666666665
7.73125,1.5951666666666668
7.7316666666666665,1.566
7.732083333333334,1.5608333333333333
7.7325,1.5599999999999998
7.732916666666667,1.5791666666666664
7.733333333333333,1.6153333333333333
7.73375,1.6565
7.734166666666667,1.7151666666666665
7.734583333333333,1.7661666666666669
7.735,1.8025
7.735416666666667,1.8101666666666667
7.735833333333333,1.7945
7.73625,1.7701666666666667
7.736666666666666,1.736666666666667
7.7370833333333335,1.6923333333333332
7.7375,1.6509999999999998
7.737916666666667,1.6153333333333333
7.738333333333333,1.5773333333333335
7.73875,1.547
7.739166666666667,1.5115
7.739583333333333,1.4863333333333335
7.74,1.4788333333333334
7.7404166666666665,1.4733333333333334
7.740833333333334,1.4898333333333333
7.74125,1.5045
7.741666666666666,1.5205
7.742083333333333,1.5534999999999999
7.7425,1.575333333333333
7.742916666666667,1.594
7.743333333333333,1.5911666666666668
7.74375,1.5825000000000002
7.744166666666667,1.571
7.744583333333333,1.5395
7.745,1.5256666666666667
7.745416666666666,1.5193333333333332
7.745833333333334,1.5273333333333332
7.74625,1.5463333333333333
7.746666666666667,1.5795000000000001
7.747083333333333,1.6154999999999997
7.7475,1.631
7.747916666666667,1.633
7.748333333333333,1.6191666666666666
7.74875,1.592666666666667
7.7491666666666665,1.5541666666666665
7.749583333333334,1.533833333333333
7.75,1.5053333333333334
7.750416666666666,1.4826666666666668
7.7508333333333335,1.4801666666666666
7.75125,1.487
7.751666666666667,1.5041666666666667
7.752083333333333,1.503166666666667
7.7525,1.5164999999999997
7.752916666666667,1.5334999999999999
7.753333333333333,1.5516666666666665
7.75375,1.57
7.754166666666666,1.5796666666666666
7.754583333333334,1.5923333333333332
7.755,1.5873333333333335
7.755416666666667,1.582
7.755833333333333,1.5673333333333332
7.75625,1.5385
7.756666666666667,1.5198333333333336
7.757083333333333,1.5
7.7575,1.4898333333333333
7.757916666666667,1.4831666666666667
7.758333333333334,1.4831666666666667
7.75875,1.4986666666666666
7.759166666666666,1.5134999999999998
7.7595833333333335,1.522166666666667
7.76,1.5200000000000002
7.760416666666667,1.5088333333333335
7.760833333333333,1.484333333333333
7.76125,1.4536666666666667
7.761666666666667,1.4313333333333336
7.762083333333333,1.4349999999999998
7.7625,1.4565
7.7629166666666665,1.4943333333333328
7.763333333333334,1.5246666666666666
7.76375,1.5348333333333333
7.764166666666667,1.5298333333333332
7.764583333333333,1.496333333333333
7.765,1.4645
7.765416666666667,1.4340000000000002
7.765833333333333,1.4336666666666664
7.76625,1.4723333333333333
7.766666666666667,1.5226666666666666
7.767083333333333,1.5813333333333333
7.7675,1.6223333333333334
7.767916666666666,1.6513333333333333
7.7683333333333335,1.6653333333333336
7.76875,1.6586666666666667
7.769166666666667,1.6405
7.769583333333333,1.609
7.77,1.5783333333333334
7.770416666666667,1.5496666666666667
7.770833333333333,1.5175
7.77125,1.4848333333333334
7.7716666666666665,1.4523333333333335
7.772083333333334,1.4328333333333332
7.7725,1.4286666666666665
7.772916666666666,1.4378333333333335
7.773333333333333,1.456166666666667
7.77375,1.4826666666666668
7.774166666666667,1.5146666666666666
7.774583333333333,1.5288333333333333
7.775,1.540333333333333
7.775416666666667,1.5361666666666667
7.775833333333333,1.5208333333333333
7.77625,1.5141666666666669
7.776666666666666,1.4963333333333333
7.777083333333334,1.495166666666667
7.7775,1.4868333333333335
7.777916666666667,1.4793333333333332
7.778333333333333,1.4826666666666668
7.77875,1.485
7.779166666666667,1.5074999999999996
7.779583333333333,1.5484999999999998
7.78,1.5955000000000001
7.7804166666666665,1.6361666666666668
7.780833333333334,1.6635
7.78125,1.6715000000000002
7.781666666666666,1.6626666666666667
7.7820833333333335,1.6326666666666665
7.7825,1.5991666666666664
7.782916666666667,1.5661666666666665
7.783333333333333,1.5388333333333335
7.78375,1.513333333333333
7.784166666666667,1.4920000000000002
7.784583333333333,1.475666666666667
7.785,1.4726666666666668
7.785416666666666,1.484
7.785833333333334,1.4868333333333332
7.78625,1.4786666666666666
7.786666666666667,1.4453333333333334
7.787083333333333,1.4151666666666667
7.7875,1.3871666666666667
7.787916666666667,1.3726666666666667
7.788333333333333,1.3706666666666667
7.78875,1.390666666666667
7.789166666666667,1.4196666666666669
7.789583333333334,1.4261666666666668
7.79,1.4308333333333332
7.790416666666666,1.4091666666666665
7.7908333333333335,1.3833333333333335
7.79125,1.362
7.791666666666667,1.3470000000000002
7.792083333333333,1.341833333333333
7.7925,1.341
7.792916666666667,1.3470000000000002
7.793333333333333,1.3653333333333333
7.79375,1.3975
7.7941666666666665,1.436
7.794583333333334,1.4826666666666668
7.795,1.5123333333333333
7.795416666666667,1.5353333333333332
7.795833333333333,1.5518333333333334
7.79625,1.5478333333333332
7.796666666666667,1.5431666666666664
7.797083333333333,1.5353333333333332
7.7975,1.523
7.797916666666667,1.522333333333333
7.798333333333333,1.5201666666666664
7.79875,1.5178333333333331
7.799166666666666,1.5278333333333334
7.7995833333333335,1.5413333333333332
7.8,1.5560000000000003
7.800416666666667,1.565666666666667
7.800833333333333,1.561
7.80125,1.554166666666667
7.801666666666667,1.5388333333333335
7.802083333333333,1.5203333333333335
7.8025,1.5103333333333335
7.8029166666666665,1.494666666666667
7.803333333333334,1.4894999999999998
7.80375,1.4840000000000002
7.804166666666666,1.4735000000000003
7.804583333333333,1.4776666666666667
7.805,1.4775
7.805416666666667,1.478
7.805833333333333,1.483666666666667
7.80625,1.4781666666666666
7.806666666666667,1.4691666666666665
7.807083333333333,1.4576666666666667
7.8075,1.4405000000000001
7.807916666666666,1.4329999999999998
7.808333333333334,1.431
7.80875,1.4421666666666664
7.809166666666667,1.469833333333333
7.809583333333333,1.5065
7.81,1.5613333333333335
7.810416666666667,1.6150000000000002
7.810833333333333,1.6518333333333335
7.81125,1.657
7.8116666666666665,1.6306666666666665
7.812083333333334,1.571
7.8125,1.4879999999999998
7.812916666666666,1.421
7.8133333333333335,1.3655
7.81375,1.3395000000000001
7.814166666666667,1.3341666666666667
7.814583333333333,1.3390000000000002
7.815,1.3658333333333335
7.815416666666667,1.3875
7.815833333333333,1.414
7.81625,1.4433333333333334
7.816666666666666,1.459666666666667
7.817083333333334,1.4600000000000002
7.8175,1.4381666666666666
7.817916666666667,1.4011666666666667
7.818333333333333,1.3636666666666668
7.81875,1.345
7.819166666666667,1.3508333333333333
7.819583333333333,1.377666666666667
7.82,1.4123333333333334
7.820416666666667,1.4385000000000001
7.820833333333334,1.4613333333333334
7.82125,1.4658333333333333
7.821666666666666,1.4471666666666667
7.8220833333333335,1.4263333333333332
7.8225,1.4063333333333334
7.822916666666667,1.3973333333333333
7.823333333333333,1.3903333333333332
7.82375,1.3888333333333331
7.824166666666667,1.3886666666666665
7.824583333333333,1.3875
7.825,1.389
7.8254166666666665,1.3951666666666667
7.825833333333334,1.3986666666666665
7.82625,1.4085
7.826666666666667,1.427833333333333
7.827083333333333,1.4489999999999998
7.8275,1.4755000000000003
7.827916666666667,1.484
7.828333333333333,1.4905
7.82875,1.4821666666666669
7.829166666666667,1.4686666666666666
7.829583333333333,1.4543333333333335
7.83,1.4238333333333333
7.830416666666666,1.4043333333333337
7.8308333333333335,1.390666666666667
7.83125,1.3841666666666665
7.831666666666667,1.3888333333333334
7.832083333333333,1.3881666666666665
7.8325,1.3829999999999998
7.832916666666667,1.3765
7.833333333333333,1.3583333333333332
7.83375,1.3383333333333336
7.8341666666666665,1.3141666666666667
7.834583333333334,1.2906666666666666
7.835,1.2856666666666665
7.835416666666666,1.2778333333333336
7.835833333333333,1.2735000000000003
7.83625,1.2733333333333334
7.836666666666667,1.2723333333333333
7.837083333333333,1.2799999999999998
7.8375,1.287333333333333
7.837916666666667,1.3075
7.838333333333333,1.3331666666666668
7.83875,1.3651666666666664
7.839166666666666,1.3998333333333335
7.839583333333334,1.4171666666666667
7.84,1.4206666666666665
7.840416666666667,1.4155
7.840833333333333,1.3985000000000003
7.84125,1.3698333333333332
7.841666666666667,1.3513333333333335
7.842083333333333,1.3419999999999999
7.8425,1.3404999999999998
7.8429166666666665,1.3445
7.843333333333334,1.3458333333333334
7.84375,1.3561666666666665
7.844166666666666,1.3511666666666666
7.8445833333333335,1.3525000000000003
7.845,1.3558333333333332
7.845416666666667,1.3550000000000002
7.845833333333333,1.3818333333333335
7.84625,1.4145000000000003
7.846666666666667,1.452
7.847083333333333,1.4863333333333335
7.8475,1.5156666666666665
7.847916666666666,1.5391666666666666
7.848333333333334,1.5528333333333333
7.84875,1.5573333333333332
7.849166666666667,1.5626666666666669
7.849583333333333,1.5706666666666669
7.85,1.5778333333333334
7.850416666666667,1.5958333333333332
7.850833333333333,1.5983333333333334
7.85125,1.5791666666666668
7.851666666666667,1.5588333333333333
7.852083333333334,1.5325
7.8525,1.51
7.852916666666666,1.4963333333333333
7.8533333333333335,1.4880000000000002
7.85375,1.4801666666666666
7.854166666666667,1.4750000000000003
7.854583333333333,1.4723333333333333
7.855,1.4636666666666664
7.855416666666667,1.4583333333333333
7.855833333333333,1.45
7.85625,1.4586666666666666
7.8566666666666665,1.4606666666666668
7.857083333333334,1.4553333333333336
7.8575,1.4616666666666667
7.857916666666667,1.4571666666666667
7.858333333333333,1.4616666666666667
7.85875,1.4743333333333333
7.859166666666667,1.4911666666666668
7.859583333333333,1.5213333333333334
7.86,1.5511666666666668
7.860416666666667,1.5641666666666667
7.860833333333333,1.5578333333333336
7.86125,1.5245000000000004
7.861666666666666,1.4799999999999998
7.8620833333333335,1.437166666666667
7.8625,1.3901666666666668
7.862916666666667,1.3636666666666668
7.863333333333333,1.3636666666666668
7.86375,1.3781666666666668
7.864166666666667,1.408166666666667
7.864583333333333,1.4406666666666668
7.865,1.4695
7.8654166666666665,1.4969999999999999
7.865833333333334,1.5093333333333332
7.86625,1.5133333333333334
7.866666666666666,1.5088333333333335
7.867083333333333,1.4878333333333336
7.8675,1.4746666666666666
7.867916666666667,1.4478333333333335
7.868333333333333,1.4146666666666665
7.86875,1.3821666666666665
7.869166666666667,1.3484999999999998
7.869583333333333,1.3286666666666667
7.87,1.3091666666666664
7.870416666666666,1.3101666666666667
7.870833333333334,1.3233333333333333
7.87125,1.3521666666666665
7.871666666666667,1.3935000000000002
7.872083333333333,1.4333333333333336
7.8725,1.4703333333333333
7.872916666666667,1.4866666666666664
7.873333333333333,1.4975000000000003
7.87375,1.4936666666666667
7.8741666666666665,1.4856666666666667
7.874583333333334,1.4866666666666666
7.875,1.4925000000000004
7.875416666666666,1.5126666666666668
7.8758333333333335,1.531666666666667
7.87625,1.55
7.876666666666667,1.5563333333333336
7.877083333333333,1.5378333333333334
7.8775,1.5086666666666666
7.877916666666667,1.4714999999999998
7.878333333333333,1.4324999999999999
7.87875,1.406
7.879166666666666,1.3808333333333334
7.879583333333334,1.3588333333333333
7.88,1.341
7.880416666666667,1.3319999999999999
7.880833333333333,1.3386666666666667
7.88125,1.344
7.881666666666667,1.3591666666666669
7.882083333333333,1.377
7.8825,1.4055
7.882916666666667,1.4341666666666668
7.883333333333334,1.4518333333333333
7.88375,1.466
7.884166666666666,1.4633333333333332
7.8845833333333335,1.4696666666666667
7.885,1.4713333333333332
7.885416666666667,1.4734999999999998
7.885833333333333,1.4809999999999999
7.88625,1.4880000000000002
7.886666666666667,1.5025000000000002
7.887083333333333,1.5058333333333334
7.8875,1.5021666666666667
7.8879166666666665,1.4881666666666666
7.888333333333334,1.476333333333333
7.88875,1.4673333333333332
7.889166666666667,1.4656666666666667
7.889583333333333,1.4656666666666665
7.89,1.4566666666666668
7.890416666666667,1.4414999999999998
7.890833333333333,1.415
7.89125,1.3883333333333334
7.891666666666667,1.3684999999999998
7.892083333333333,1.365
7.8925,1.3753333333333335
7.892916666666666,1.3931666666666667
7.8933333333333335,1.4071666666666667
7.89375,1.4113333333333333
7.894166666666667,1.4128333333333334
7.894583333333333,1.4038333333333333
7.895,1.3936666666666666
7.895416666666667,1.3854999999999997
7.895833333333333,1.3820000000000003
7.89625,1.3775000000000002
7.8966666666666665,1.3673333333333335
7.897083333333334,1.3533333333333333
7.8975,1.3441666666666665
7.897916666666666,1.3411666666666668
7.898333333333333,1.355833333333333
7.89875,1.394
7.899166666666667,1.4269999999999998
7.899583333333333,1.4618333333333335
7.9,1.4806666666666664
7.900416666666667,1.4769999999999996
7.900833333333333,1.4578333333333335
7.90125,1.4244999999999999
7.901666666666666,1.4001666666666666
7.902083333333334,1.382
7.9025,1.3745
7.902916666666667,1.3768333333333336
7.903333333333333,1.3823333333333334
7.90375,1.389833333333333
7.904166666666667,1.3964999999999999
7.904583333333333,1.4008333333333332
7.905,1.4008333333333332
7.9054166666666665,1.405
7.905833333333334,1.3961666666666666
7.90625,1.3853333333333333
7.906666666666666,1.3656666666666668
7.9070833333333335,1.3458333333333332
7.9075,1.3385
7.907916666666667,1.3378333333333332
7.908333333333333,1.3525
7.90875,1.3558333333333332
7.909166666666667,1.3548333333333333
7.909583333333333,1.3376666666666666
7.91,1.3084999999999998
7.910416666666666,1.2714999999999999
7.910833333333334,1.2449999999999999
7.91125,1.2428333333333332
7.911666666666667,1.2651666666666668
7.912083333333333,1.3150000000000002
7.9125,1.3751666666666669
7.912916666666667,1.4381666666666668
7.913333333333333,1.4751666666666665
7.91375,1.4825
7.914166666666667,1.4686666666666666
7.914583333333334,1.4314999999999998
7.915,1.392166666666667
7.915416666666666,1.3641666666666667
7.9158333333333335,1.3518333333333332
7.91625,1.36
7.916666666666667,1.3764999999999998
7.917083333333333,1.3938333333333333
7.9175,1.3991666666666667
7.917916666666667,1.3933333333333333
7.918333333333333,1.3828333333333334
7.91875,1.376166666666667
7.9191666666666665,1.3745
7.919583333333334,1.3815
7.92,1.4048333333333334
7.920416666666667,1.4323333333333332
7.920833333333333,1.4669999999999999
7.92125,1.4963333333333335
7.921666666666667,1.5190000000000001
7.922083333333333,1.5375000000000003
7.9225,1.5383333333333333
7.922916666666667,1.5298333333333332
7.923333333333333,1.5111666666666668
7.92375,1.4883333333333333
7.924166666666666,1.4628333333333332
7.9245833333333335,1.4416666666666664
7.925,1.4186666666666667
7.925416666666667,1.3973333333333333
7.925833333333333,1.3803333333333334
7.92625,1.3701666666666668
7.926666666666667,1.3755
7.927083333333333,1.3854999999999997
7.9275,1.406
7.9279166666666665,1.4281666666666666
7.928333333333334,1.452
7.92875,1.4626666666666666
7.929166666666666,1.4546666666666663
7.929583333333333,1.4420000000000002
7.93,1.4243333333333332
7.930416666666667,1.4101666666666668
7.930833333333333,1.4095000000000002
7.93125,1.4151666666666667
7.931666666666667,1.4201666666666668
7.932083333333333,1.4203333333333334
7.9325,1.4120000000000001
7.932916666666666,1.4028333333333334
7.933333333333334,1.4003333333333334
7.93375,1.404
7.934166666666667,1.4253333333333333
7.934583333333333,1.4568333333333332
7.935,1.4924999999999997
7.935416666666667,1.5268333333333333
7.935833333333333,1.5343333333333335
7.93625,1.5211666666666666
7.9366666666666665,1.4875
7.937083333333334,1.4451666666666665
7.9375,1.4099999999999995
7.937916666666666,1.3715
7.9383333333333335,1.3376666666666666
7.93875,1.3203333333333334
7.939166666666667,1.3133333333333335
7.939583333333333,1.3211666666666666
7.94,1.3325
7.940416666666667,1.3518333333333334
7.940833333333333,1.3754999999999997
7.94125,1.381
7.941666666666666,1.3800000000000001
7.942083333333334,1.3698333333333332
7.9425,1.358666666666667
7.942916666666667,1.3555
7.943333333333333,1.3563333333333334
7.94375,1.3695000000000002
7.944166666666667,1.382666666666667
7.944583333333333,1.393
7.945,1.4063333333333332
7.945416666666667,1.4083333333333332
7.945833333333334,1.4128333333333334
7.94625,1.4306666666666665
7.946666666666666,1.4605
7.9470833333333335,1.4916666666666665
7.9475,1.5228333333333335
7.947916666666667,1.5418333333333336
7.948333333333333,1.5411666666666666
7.94875,1.5296666666666665
7.949166666666667,1.5051666666666668
7.949583333333333,1.4876666666666667
7.95,1.4718333333333333
7.9504166666666665,1.4645000000000001
7.950833333333334,1.4635
7.95125,1.4456666666666667
7.951666666666667,1.4343333333333332
7.952083333333333,1.4188333333333336
7.9525,1.3946666666666665
7.952916666666667,1.3838333333333335
7.953333333333333,1.3758333333333332
7.95375,1.3789999999999998
7.954166666666667,1.381
7.954583333333333,1.3701666666666668
7.955,1.3583333333333334
7.955416666666666,1.3304999999999998
7.9558333333333335,1.3058333333333332
7.95625,1.2928333333333333
7.956666666666667,1.272
7.957083333333333,1.2568333333333332
7.9575,1.2438333333333331
7.957916666666667,1.239
7.958333333333333,1.2418333333333333
7.95875,1.2508333333333332
7.9591666666666665,1.2764999999999997
7.959583333333334,1.3068333333333333
7.96,1.3406666666666667
7.960416666666666,1.3696666666666666
7.960833333333333,1.3861666666666668
7.96125,1.3871666666666667
7.961666666666667,1.3821666666666665
7.962083333333333,1.369
7.9625,1.361
7.962916666666667,1.3518333333333332
7.963333333333333,1.3525000000000003
7.96375,1.3605
7.964166666666666,1.3691666666666666
7.964583333333334,1.3926666666666667
7.965,1.4038333333333333
7.965416666666667,1.4178333333333333
7.965833333333333,1.423166666666667
7.96625,1.4239999999999997
7.966666666666667,1.4176666666666666
7.967083333333333,1.4003333333333334
7.9675,1.3811666666666669
7.9679166666666665,1.3636666666666664
7.968333333333334,1.3484999999999998
7.96875,1.3281666666666665
7.969166666666666,1.3124999999999998
7.9695833333333335,1.2948333333333333
7.97,1.2746666666666668
7.970416666666667,1.2563333333333333
7.970833333333333,1.2321666666666666
7.97125,1.22
7.971666666666667,1.2308333333333332
7.972083333333333,1.2561666666666667
7.9725,1.2976666666666665
7.972916666666666,1.3363333333333334
7.973333333333334,1.3693333333333333
7.97375,1.3975
7.974166666666667,1.4003333333333332
7.974583333333333,1.3810000000000002
7.975,1.3583333333333332
7.975416666666667,1.3440000000000003
7.975833333333333,1.3421666666666665
7.97625,1.3405000000000002
7.976666666666667,1.336
7.977083333333334,1.335
7.9775,1.335
7.977916666666666,1.3311666666666666
7.9783333333333335,1.3296666666666666
7.97875,1.3245000000000002
7.979166666666667,1.3191666666666668
7.979583333333333,1.3255000000000001
7.98,1.3173333333333335
7.980416666666667,1.3035000000000003
7.980833333333333,1.2921666666666667
7.98125,1.2778333333333334
7.9816666666666665,1.2815
7.982083333333334,1.2938333333333332
7.9825,1.3064999999999998
7.982916666666667,1.3301666666666667
7.983333333333333,1.3545
7.98375,1.3791666666666667
7.984166666666667,1.400166666666667
7.984583333333333,1.4101666666666668
7.985,1.4198333333333333
7.985416666666667,1.4143333333333334
7.985833333333333,1.3956666666666668
7.98625,1.3735
7.986666666666666,1.3379999999999999
7.9870833333333335,1.3143333333333331
7.9875,1.3108333333333333
7.987916666666667,1.3094999999999999
7.988333333333333,1.3048333333333333
7.98875,1.288
7.989166666666667,1.2628333333333333
7.989583333333333,1.2328333333333334
7.99,1.2056666666666669
7.9904166666666665,1.1935
7.990833333333334,1.1943333333333335
7.99125,1.2158333333333335
7.991666666666666,1.2498333333333334
7.992083333333333,1.2768333333333333
7.9925,1.2878333333333334
7.992916666666667,1.2776666666666667
7.993333333333333,1.2558333333333334
7.99375,1.2359999999999998
7.994166666666667,1.2196666666666667
7.994583333333333,1.2095000000000002
7.995,1.2033333333333334
7.995416666666666,1.1969999999999998
7.995833333333334,1.1926666666666668
7.99625,1.1905
7.996666666666667,1.187
7.997083333333333,1.1783333333333332
7.9975,1.1708333333333334
7.997916666666667,1.1778333333333333
7.998333333333333,1.1956666666666667
7.99875,1.2145
7.9991666666666665,1.2344999999999997
7.999583333333334,1.2525000000000002
8.0,1.2671666666666668
8.000416666666666,1.2720000000000002
8.000833333333333,1.2726666666666668
8.00125,1.2676666666666667
8.001666666666667,1.2621666666666664
8.002083333333333,1.2658333333333331
8.0025,1.2708333333333333
8.002916666666666,1.2893333333333332
8.003333333333334,1.3053333333333335
8.00375,1.324
8.004166666666666,1.3430000000000002
8.004583333333333,1.3551666666666666
8.005,1.3706666666666667
8.005416666666667,1.3763333333333334
8.005833333333333,1.3769999999999998
8.00625,1.3581666666666667
8.006666666666666,1.3258333333333334
8.007083333333334,1.2906666666666669
8.0075,1.2518333333333334
8.007916666666667,1.2169999999999999
8.008333333333333,1.1955
8.00875,1.2013333333333331
8.009166666666667,1.2291666666666667
8.009583333333333,1.2736666666666665
8.01,1.3218333333333332
8.010416666666666,1.3553333333333333
8.010833333333334,1.3771666666666667
8.01125,1.3854999999999997
8.011666666666667,1.3834999999999997
8.012083333333333,1.3708333333333333
8.0125,1.3571666666666664
8.012916666666667,1.3430000000000002
8.013333333333334,1.3305
8.01375,1.3308333333333333
8.014166666666666,1.3303333333333334
8.014583333333333,1.3335
8.015,1.3286666666666667
8.015416666666667,1.315
8.015833333333333,1.2981666666666667
8.01625,1.266
8.016666666666667,1.2431666666666665
8.017083333333334,1.2145
8.0175,1.1983333333333333
8.017916666666666,1.2156666666666667
8.018333333333333,1.229
8.01875,1.261666666666667
8.019166666666667,1.2923333333333333
8.019583333333333,1.3116666666666668
8.02,1.3306666666666667
8.020416666666666,1.3321666666666667
8.020833333333334,1.3333333333333333
8.02125,1.3285
8.021666666666667,1.3171666666666668
8.022083333333333,1.3208333333333335
8.0225,1.3238333333333332
8.022916666666667,1.3258333333333334
8.023333333333333,1.3433333333333335
8.02375,1.3543333333333332
8.024166666666666,1.3623333333333332
8.024583333333334,1.3666666666666665
8.025,1.3578333333333334
8.025416666666667,1.3518333333333334
8.025833333333333,1.3368333333333335
8.02625,1.3308333333333333
8.026666666666667,1.329
8.027083333333334,1.3259999999999998
8.0275,1.3343333333333334
8.027916666666666,1.3423333333333332
8.028333333333334,1.3631666666666666
8.02875,1.3795000000000002
8.029166666666667,1.390666666666667
8.029583333333333,1.409
8.03,1.421833333333333
8.030416666666667,1.4399999999999997
8.030833333333334,1.453833333333333
8.03125,1.4600000000000002
8.031666666666666,1.4683333333333335
8.032083333333333,1.4726666666666663
8.0325,1.4761666666666666
8.032916666666667,1.4751666666666667
8.033333333333333,1.466833333333333
8.03375,1.4563333333333333
8.034166666666666,1.4475
8.034583333333334,1.4328333333333332
8.035,1.4303333333333335
8.035416666666666,1.4350000000000003
8.035833333333333,1.439
8.03625,1.4488333333333332
8.036666666666667,1.4426666666666668
8.037083333333333,1.4315
8.0375,1.4011666666666667
8.037916666666666,1.3625
8.038333333333334,1.3293333333333333
8.03875,1.3036666666666665
8.039166666666667,1.3011666666666666
8.039583333333333,1.2998333333333332
8.04,1.2981666666666665
8.040416666666667,1.2931666666666668
8.040833333333333,1.2865
8.04125,1.2748333333333335
8.041666666666666,1.2646666666666668
8.042083333333334,1.2673333333333334
8.0425,1.2826666666666666
8.042916666666667,1.3118333333333332
8.043333333333333,1.349
8.04375,1.3781666666666668
8.044166666666667,1.4005
8.044583333333334,1.4171666666666667
8.045,1.4286666666666665
8.045416666666666,1.4318333333333333
8.045833333333333,1.4126666666666665
8.04625,1.396
8.046666666666667,1.3706666666666667
8.047083333333333,1.3496666666666666
8.0475,1.3443333333333332
8.047916666666667,1.3398333333333332
8.048333333333334,1.3423333333333334
8.04875,1.3475000000000001
8.049166666666666,1.3596666666666668
8.049583333333333,1.3653333333333333
8.05,1.361
8.050416666666667,1.3483333333333334
8.050833333333333,1.3355
8.05125,1.3081666666666667
8.051666666666666,1.2616666666666665
8.052083333333334,1.2176666666666667
8.0525,1.1706666666666667
8.052916666666667,1.1481666666666668
8.053333333333333,1.1443333333333334
8.05375,1.1541666666666668
8.054166666666667,1.168
8.054583333333333,1.181
8.055,1.202
8.055416666666666,1.2165000000000001
8.055833333333334,1.2278333333333333
8.05625,1.2406666666666666
8.056666666666667,1.257666666666667
8.057083333333333,1.259
8.0575,1.2538333333333334
8.057916666666667,1.2379999999999998
8.058333333333334,1.223
8.05875,1.2233333333333334
8.059166666666666,1.2379999999999998
8.059583333333334,1.262
8.06,1.2754999999999999
8.060416666666667,1.2806666666666666
8.060833333333333,1.2694999999999999
8.06125,1.2511666666666665
8.061666666666667,1.2323333333333333
8.062083333333334,1.2178333333333333
8.0625,1.2193333333333334
8.062916666666666,1.2335
8.063333333333333,1.2428333333333332
8.06375,1.2473333333333334
8.064166666666667,1.2386666666666668
8.064583333333333,1.2388333333333335
8.065,1.2396666666666667
8.065416666666666,1.2419999999999998
8.065833333333334,1.2526666666666664
8.06625,1.2558333333333334
8.066666666666666,1.2698333333333334
8.067083333333333,1.2776666666666667
8.0675,1.281
8.067916666666667,1.2668333333333333
8.068333333333333,1.255
8.06875,1.2505
8.069166666666666,1.2435000000000003
8.069583333333334,1.2458333333333333
8.07,1.2478333333333333
8.070416666666667,1.2525
8.070833333333333,1.248
8.07125,1.2378333333333331
8.071666666666667,1.2175
8.072083333333333,1.1858333333333333
8.0725,1.1621666666666668
8.072916666666666,1.1538333333333333
8.073333333333334,1.1628333333333332
8.07375,1.1828333333333332
8.074166666666667,1.2131666666666667
8.074583333333333,1.2403333333333333
8.075,1.2501666666666669
8.075416666666667,1.2491666666666665
8.075833333333334,1.2368333333333332
8.07625,1.2156666666666665
8.076666666666666,1.196
8.077083333333333,1.2046666666666666
8.0775,1.2216666666666667
8.077916666666667,1.2428333333333332
8.078333333333333,1.2673333333333332
8.07875,1.2786666666666668
8.079166666666667,1.28
8.079583333333334,1.2631666666666668
8.08,1.236666666666667
8.080416666666666,1.2038333333333335
8.080833333333333,1.1801666666666666
8.08125,1.1651666666666667
8.081666666666667,1.1686666666666667
8.082083333333333,1.1690000000000003
8.0825,1.1556666666666666
8.082916666666666,1.1703333333333334
8.083333333333334,1.1736666666666664
8.08375,1.1983333333333333
8.084166666666667,1.2323333333333333
8.084583333333333,1.2548333333333332
8.085,1.3005000000000002
8.085416666666667,1.319
8.085833333333333,1.3353333333333335
8.08625,1.3301666666666667
8.086666666666666,1.3016666666666665
8.087083333333334,1.2739999999999998
8.0875,1.2499999999999998
8.087916666666667,1.2451666666666663
8.088333333333333,1.2488333333333332
8.08875,1.2725000000000002
8.089166666666667,1.2963333333333333
8.089583333333334,1.3166666666666667
8.09,1.3285
8.090416666666666,1.3201666666666667
8.090833333333334,1.3095
8.09125,1.288
8.091666666666667,1.2731666666666668
8.092083333333333,1.2726666666666666
8.0925,1.2721666666666667
8.092916666666667,1.2790000000000001
8.093333333333334,1.2830000000000001
8.09375,1.2876666666666667
8.094166666666666,1.2931666666666668
8.094583333333333,1.2981666666666667
8.095,1.3034999999999999
8.095416666666667,1.3036666666666665
8.095833333333333,1.2858333333333334
8.09625,1.2599999999999998
8.096666666666666,1.2385
8.097083333333334,1.2185000000000001
8.0975,1.2166666666666668
8.097916666666666,1.2331666666666665
8.098333333333333,1.2563333333333333
8.09875,1.2725
8.099166666666667,1.2681666666666667
8.099583333333333,1.2463333333333335
8.1,1.2076666666666667
8.100416666666666,1.1795
8.100833333333334,1.176
8.10125,1.1959999999999997
8.101666666666667,1.2403333333333335
8.102083333333333,1.2911666666666666
8.1025,1.3356666666666666
8.102916666666667,1.3523333333333334
8.103333333333333,1.3466666666666667
8.10375,1.3266666666666667
8.104166666666666,1.2981666666666667
8.104583333333334,1.2883333333333333
8.105,1.2871666666666668
8.105416666666667,1.293
8.105833333333333,1.3021666666666667
8.10625,1.3038333333333334
8.106666666666667,1.3086666666666669
8.107083333333334,1.3065
8.1075,1.3135000000000001
8.107916666666666,1.3295000000000001
8.108333333333333,1.3458333333333334
8.10875,1.367
8.109166666666667,1.378
8.109583333333333,1.3811666666666664
8.11,1.3661666666666665
8.110416666666667,1.341
8.110833333333334,1.3181666666666665
8.11125,1.3001666666666667
8.111666666666666,1.2953333333333332
8.112083333333333,1.297
8.1125,1.3126666666666666
8.112916666666667,1.3315
8.113333333333333,1.3465
8.11375,1.3656666666666666
8.114166666666666,1.3723333333333334
8.114583333333334,1.374666666666667
8.115,1.3743333333333332
8.115416666666667,1.3743333333333334
8.115833333333333,1.3806666666666665
8.11625,1.3765
8.116666666666667,1.3739999999999999
8.117083333333333,1.3778333333333332
8.1175,1.3803333333333334
8.117916666666666,1.385
8.118333333333334,1.3884999999999998
8.11875,1.3763333333333332
8.119166666666667,1.362166666666667
8.119583333333333,1.3451666666666664
8.12,1.3305
8.120416666666667,1.3311666666666666
8.120833333333334,1.3323333333333334
8.12125,1.3568333333333333
8.121666666666666,1.3891666666666669
8.122083333333334,1.4065
8.1225,1.4156666666666666
8.122916666666667,1.4109999999999998
8.123333333333333,1.4109999999999998
8.12375,1.4195000000000002
8.124166666666667,1.4356666666666669
8.124583333333334,1.461666666666667
8.125,1.4769999999999996
8.125416666666666,1.4768333333333334
8.125833333333333,1.4675
8.12625,1.4426666666666665
8.126666666666667,1.407
8.127083333333333,1.3805000000000003
8.1275,1.3653333333333333
8.127916666666666,1.3575
8.128333333333334,1.3546666666666667
8.12875,1.3499999999999999
8.129166666666666,1.3438333333333334
8.129583333333333,1.3425
8.13,1.3475000000000001
8.130416666666667,1.3543333333333332
8.130833333333333,1.3545
8.13125,1.3475
8.131666666666666,1.334833333333333
8.132083333333334,1.3100000000000003
8.1325,1.2933333333333332
8.132916666666667,1.272166666666667
8.133333333333333,1.2618333333333334
8.13375,1.273
8.134166666666667,1.2888333333333333
8.134583333333333,1.3201666666666665
8.135,1.341
8.135416666666666,1.36
8.135833333333334,1.3738333333333335
8.13625,1.3771666666666667
8.136666666666667,1.3815
8.137083333333333,1.3716666666666668
8.1375,1.3488333333333333
8.137916666666667,1.3203333333333331
8.138333333333334,1.3020000000000003
8.13875,1.298166666666667
8.139166666666666,1.3113333333333337
8.139583333333333,1.3451666666666668
8.14,1.3808333333333334
8.140416666666667,1.4235
8.140833333333333,1.4483333333333335
8.14125,1.4601666666666666
8.141666666666667,1.4738333333333333
8.142083333333334,1.4825
8.1425,1.5068333333333335
8.142916666666666,1.5231666666666666
8.143333333333333,1.5336666666666667
8.14375,1.5423333333333333
8.144166666666667,1.5406666666666666
8.144583333333333,1.5311666666666666
8.145,1.5190000000000001
8.145416666666666,1.5121666666666667
8.145833333333334,1.5145
8.14625,1.5231666666666666
8.146666666666667,1.5301666666666665
8.147083333333333,1.538333333333333
8.1475,1.543833333333333
8.147916666666667,1.551
8.148333333333333,1.5483333333333331
8.14875,1.5428333333333333
8.149166666666666,1.530333333333333
8.149583333333334,1.5125000000000002
8.15,1.506
8.150416666666667,1.4886666666666668
8.150833333333333,1.4776666666666667
8.15125,1.4735000000000003
8.151666666666667,1.4613333333333332
8.152083333333334,1.4421666666666668
8.1525,1.4036666666666664
8.152916666666666,1.3745
8.153333333333334,1.3470000000000002
8.15375,1.3231666666666666
8.154166666666667,1.312
8.154583333333333,1.2965
8.155,1.2941666666666667
8.155416666666667,1.3005000000000002
8.155833333333334,1.3338333333333334
8.15625,1.3674999999999997
8.156666666666666,1.394
8.157083333333333,1.4298333333333335
8.1575,1.449
8.157916666666667,1.4646666666666668
8.158333333333333,1.4718333333333333
8.15875,1.4646666666666668
8.159166666666666,1.4505
8.159583333333334,1.4336666666666666
8.16,1.4121666666666666
8.160416666666666,1.4076666666666668
8.160833333333333,1.401
8.16125,1.3943333333333332
8.161666666666667,1.4085
8.162083333333333,1.415333333333333
8.1625,1.4418333333333333
8.162916666666666,1.458
8.163333333333334,1.4635
8.16375,1.4726666666666663
8.164166666666667,1.4806666666666668
8.164583333333333,1.5053333333333334
8.165,1.523
8.165416666666667,1.538166666666667
8.165833333333333,1.5491666666666664
8.16625,1.5705
8.166666666666666,1.5876666666666666
8.167083333333334,1.5891666666666664
8.1675,1.5830000000000002
8.167916666666667,1.5675
8.168333333333333,1.5573333333333332
8.16875,1.5466666666666669
8.169166666666667,1.5383333333333333
8.169583333333334,1.5410000000000004
8.17,1.5543333333333331
8.170416666666666,1.569
8.170833333333333,1.579
8.17125,1.5670000000000002
8.171666666666667,1.534
8.172083333333333,1.5070000000000003
8.1725,1.4836666666666665
8.172916666666667,1.4718333333333333
8.173333333333334,1.4673333333333334
8.17375,1.466833333333333
8.174166666666666,1.4685
8.174583333333333,1.457
8.175,1.4441666666666666
8.175416666666667,1.4271666666666667
8.175833333333333,1.4056666666666668
8.17625,1.3925
8.176666666666666,1.3891666666666664
8.177083333333334,1.4008333333333336
8.1775,1.4113333333333333
8.177916666666667,1.4271666666666667
8.178333333333333,1.4506666666666668
8.17875,1.4741666666666668
8.179166666666667,1.5121666666666667
8.179583333333333,1.5278333333333334
8.18,1.5330000000000001
8.180416666666666,1.5300000000000002
8.180833333333334,1.5101666666666667
8.18125,1.4911666666666668
8.181666666666667,1.4625000000000001
8.182083333333333,1.4403333333333332
8.1825,1.4195
8.182916666666667,1.4141666666666666
8.183333333333334,1.4243333333333335
8.18375,1.4388333333333332
8.184166666666666,1.4708333333333332
8.184583333333334,1.5208333333333333
8.185,1.5756666666666668
8.185416666666667,1.6196666666666666
8.185833333333333,1.6529999999999998
8.18625,1.6775
8.186666666666667,1.6813333333333336
8.187083333333334,1.6788333333333334
8.1875,1.6776666666666669
8.187916666666666,1.6628333333333332
8.188333333333333,1.6489999999999998
8.18875,1.6336666666666666
8.189166666666667,1.6123333333333332
8.189583333333333,1.6003333333333334
8.19,1.6048333333333336
8.190416666666666,1.6241666666666665
8.190833333333334,1.645666666666667
8.19125,1.6723333333333334
8.191666666666666,1.7016666666666664
8.192083333333333,1.7126666666666666
8.1925,1.7195000000000003
8.192916666666667,1.7185
8.193333333333333,1.7216666666666667
8.19375,1.7381666666666666
8.194166666666666,1.7531666666666668
8.194583333333334,1.7793333333333334
8.195,1.7951666666666668
8.195416666666667,1.828833333333333
8.195833333333333,1.874666666666667
8.19625,1.9033333333333333
8.196666666666667,1.9391666666666667
8.197083333333333,1.9494999999999998
8.1975,1.957
8.197916666666666,1.9603333333333335
8.198333333333334,1.9591666666666665
8.19875,1.968333333333333
8.199166666666667,1.9671666666666667
8.199583333333333,1.9824999999999997
8.2,2.005333333333333
8.200416666666667,2.0275
8.200833333333334,2.0498333333333334
8.20125,2.0753333333333335
8.201666666666666,2.0901666666666667
8.202083333333333,2.0896666666666666
8.2025,2.0895
8.202916666666667,2.080333333333333
8.203333333333333,2.0723333333333334
8.20375,2.0625
8.204166666666667,2.0738333333333334
8.204583333333334,2.102333333333333
8.205,2.125
8.205416666666666,2.150333333333333
8.205833333333333,2.155333333333333
8.20625,2.1446666666666667
8.206666666666667,2.1275
8.207083333333333,2.1054999999999997
8.2075,2.0808333333333335
8.207916666666666,2.0523333333333333
8.208333333333334,2.0418333333333334
8.20875,2.0388333333333333
8.209166666666667,2.0468333333333333
8.209583333333333,2.0591666666666666
8.21,2.0745
8.210416666666667,2.0935
8.210833333333333,2.107333333333333
8.21125,2.1271666666666667
8.211666666666666,2.133
8.212083333333334,2.1345
8.2125,2.128833333333333
8.212916666666667,2.1141666666666667
8.213333333333333,2.0906666666666665
8.21375,2.056666666666667
8.214166666666667,2.0363333333333338
8.214583333333334,2.015833333333333
8.215,2.0100000000000002
8.215416666666666,2.0263333333333335
8.215833333333334,2.0493333333333332
8.21625,2.0850000000000004
8.216666666666667,2.1203333333333334
8.217083333333333,2.1536666666666666
8.2175,2.1700000000000004
8.217916666666667,2.1656666666666666
8.218333333333334,2.1468333333333334
8.21875,2.108833333333333
8.219166666666666,2.06
8.219583333333333,2.0156666666666667
8.22,1.9896666666666667
8.220416666666667,1.9736666666666667
8.220833333333333,1.9788333333333332
8.22125,1.9881666666666666
8.221666666666666,1.9851666666666663
8.222083333333334,1.9803333333333333
8.2225,1.9723333333333335
8.222916666666666,1.9693333333333338
8.223333333333333,1.976
8.22375,2.000833333333333
8.224166666666667,2.0471666666666666
8.224583333333333,2.0885000000000002
8.225,2.1163333333333334
8.225416666666666,2.1198333333333337
8.225833333333334,2.0911666666666666
8.22625,2.035
8.226666666666667,1.968
8.227083333333333,1.909666666666667
8.2275,1.8576666666666668
8.227916666666667,1.8263333333333334
8.228333333333333,1.8201666666666665
8.22875,1.8374999999999997
8.229166666666666,1.8633333333333333
8.229583333333334,1.8848333333333336
8.23,1.9111666666666667
8.230416666666667,1.9195
8.230833333333333,1.9024999999999999
8.23125,1.8688333333333331
8.231666666666667,1.8226666666666667
8.232083333333334,1.7761666666666664
8.2325,1.7383333333333333
8.232916666666666,1.7225000000000001
8.233333333333333,1.7193333333333332
8.23375,1.7225000000000001
8.234166666666667,1.735166666666667
8.234583333333333,1.7459999999999998
8.235,1.7373333333333332
8.235416666666667,1.7154999999999998
8.235833333333334,1.7003333333333333
8.23625,1.6944999999999997
8.236666666666666,1.690666666666667
8.237083333333333,1.6898333333333333
8.2375,1.679166666666667
8.237916666666667,1.6648333333333332
8.238333333333333,1.655
8.23875,1.641333333333333
8.239166666666666,1.6278333333333332
8.239583333333334,1.6204999999999998
8.24,1.61
8.240416666666667,1.5901666666666667
8.240833333333333,1.553
8.24125,1.5051666666666665
8.241666666666667,1.454
8.242083333333333,1.4098333333333333
8.2425,1.3856666666666666
8.242916666666666,1.3623333333333332
8.243333333333334,1.344833333333333
8.24375,1.3331666666666664
8.244166666666667,1.3233333333333333
8.244583333333333,1.3196666666666668
8.245,1.33
8.245416666666667,1.3576666666666668
8.245833333333334,1.4018333333333333
8.24625,1.445
8.246666666666666,1.4878333333333333
8.247083333333334,1.5241666666666667
8.2475,1.5359999999999998
8.247916666666667,1.5360000000000003
8.248333333333333,1.5106666666666666
8.24875,1.4669999999999999
8.249166666666667,1.4116666666666668
8.249583333333334,1.3559999999999999
8.25,1.3098333333333334
8.250416666666666,1.2746666666666668
8.250833333333333,1.2536666666666665
8.25125,1.2551666666666668
8.251666666666667,1.264
8.252083333333333,1.2619999999999998
8.2525,1.2610000000000001
8.252916666666666,1.2488333333333332
8.253333333333334,1.2325000000000002
8.25375,1.2091666666666667
8.254166666666666,1.187166666666667
8.254583333333333,1.1721666666666668
8.255,1.1675000000000002
8.255416666666667,1.1745
8.255833333333333,1.1753333333333333
8.25625,1.1715
8.256666666666666,1.159
8.257083333333334,1.1403333333333334
8.2575,1.1321666666666665
8.257916666666667,1.1196666666666668
8.258333333333333,1.1118333333333332
8.25875,1.118666666666667
8.259166666666667,1.125333333333333
8.259583333333333,1.1431666666666664
8.26,1.1584999999999999
8.260416666666666,1.186
8.260833333333334,1.2131666666666667
8.26125,1.2311666666666667
8.261666666666667,1.244
8.262083333333333,1.2381666666666669
8.2625,1.2101666666666666
8.262916666666667,1.169
8.263333333333334,1.1288333333333334
8.26375,1.0835
8.264166666666666,1.0553333333333332
8.264583333333333,1.0476666666666665
8.265,1.046166666666667
8.265416666666667,1.0473333333333334
8.265833333333333,1.0528333333333335
8.26625,1.0631666666666668
8.266666666666667,1.0858333333333332
8.267083333333334,1.1056666666666668
8.2675,1.1206666666666667
8.267916666666666,1.1241666666666668
8.268333333333333,1.1119999999999999
8.26875,1.1031666666666666
8.269166666666667,1.088
8.269583333333333,1.0703333333333331
8.27,1.06
8.270416666666666,1.0614999999999999
8.270833333333334,1.079
8.27125,1.0916666666666666
8.271666666666667,1.0826666666666667
8.272083333333333,1.0656666666666665
8.2725,1.0413333333333334
8.272916666666667,1.0171666666666666
8.273333333333333,0.9954999999999999
8.27375,0.9858333333333335
8.274166666666666,0.9826666666666667
8.274583333333334,0.9785
8.275,0.9843333333333336
8.275416666666667,0.9868333333333332
8.275833333333333,0.9923333333333334
8.27625,0.9911666666666666
8.276666666666667,0.9886666666666667
8.277083333333334,0.9851666666666666
8.2775,0.9656666666666668
8.277916666666666,0.9508333333333333
8.278333333333334,0.9391666666666666
8.27875,0.9283333333333333
8.279166666666667,0.927
8.279583333333333,0.9358333333333334
8.28,0.9441666666666668
8.280416666666667,0.9476666666666667
8.280833333333334,0.9451666666666666
8.28125,0.9473333333333335
8.281666666666666,0.956
8.282083333333333,0.9594999999999999
8.2825,0.9771666666666667
8.282916666666667,0.9933333333333333
8.283333333333333,0.9913333333333334
8.28375,0.9831666666666669
8.284166666666666,0.9743333333333334
8.284583333333334,0.9604999999999998
8.285,0.9568333333333333
8.285416666666666,0.9730000000000002
8.285833333333333,0.9996666666666668
8.28625,1.0366666666666666
8.286666666666667,1.0655000000000001
8.287083333333333,1.0888333333333333
8.2875,1.0811666666666666
8.287916666666666,1.0493333333333332
8.288333333333334,1.016
8.28875,0.9711666666666665
8.289166666666667,0.9351666666666666
8.289583333333333,0.9098333333333333
8.29,0.902
8.290416666666667,0.8956666666666667
8.290833333333333,0.888833333333333
8.29125,0.8888333333333334
8.291666666666666,0.8885
8.292083333333334,0.8995000000000001
8.2925,0.9149999999999999
8.292916666666667,0.9324999999999998
8.293333333333333,0.9555000000000001
8.29375,0.9716666666666667
8.294166666666667,0.9816666666666666
8.294583333333334,0.9874999999999999
8.295,0.9815000000000002
8.295416666666666,0.9703333333333332
8.295833333333333,0.9513333333333334
8.29625,0.9326666666666666
8.296666666666667,0.912833333333333
8.297083333333333,0.9028333333333335
8.2975,0.9181666666666667
8.297916666666667,0.9464999999999998
8.298333333333334,0.9793333333333335
8.29875,0.9913333333333333
8.299166666666666,0.9883333333333333
8.299583333333333,0.956
8.3,0.9048333333333334
8.300416666666667,0.8663333333333334
8.300833333333333,0.8271666666666665
8.30125,0.8128333333333333
8.301666666666666,0.8078333333333333
8.302083333333334,0.8085000000000001
8.3025,0.8161666666666667
8.302916666666667,0.8075
8.303333333333333,0.8119999999999999
8.30375,0.8116666666666665
8.304166666666667,0.8148333333333334
8.304583333333333,0.8264999999999999
8.305,0.8286666666666666
8.305416666666666,0.8323333333333335
8.305833333333334,0.8390000000000001
8.30625,0.8431666666666665
8.306666666666667,0.8581666666666665
8.307083333333333,0.8778333333333332
8.3075,0.8815
8.307916666666667,0.8746666666666668
8.308333333333334,0.8486666666666668
8.30875,0.8206666666666669
8.309166666666666,0.7948333333333335
8.309583333333334,0.7850000000000001
8.31,0.8016666666666666
8.310416666666667,0.8346666666666667
8.310833333333333,0.8788333333333332
8.31125,0.9259999999999998
8.311666666666667,0.9621666666666667
8.312083333333334,0.9711666666666666
8.3125,0.9625
8.312916666666666,0.9423333333333334
8.313333333333333,0.918
8.31375,0.9001666666666667
8.314166666666667,0.8891666666666665
8.314583333333333,0.882
8.315,0.8876666666666666
8.315416666666666,0.8945
8.315833333333334,0.8988333333333335
8.31625,0.898
8.316666666666666,0.8846666666666666
8.317083333333333,0.8671666666666665
8.3175,0.8471666666666667
8.317916666666667,0.8343333333333334
8.318333333333333,0.824
8.31875,0.8193333333333334
8.319166666666666,0.8141666666666666
8.319583333333334,0.7998333333333333
8.32,0.779
8.320416666666667,0.7631666666666664
8.320833333333333,0.7600000000000001
8.32125,0.7639999999999999
8.321666666666667,0.7785000000000001
8.322083333333333,0.7995000000000001
8.3225,0.8195
8.322916666666666,0.8406666666666668
8.323333333333334,0.8515
8.32375,0.8508333333333334
8.324166666666667,0.8540000000000001
8.324583333333333,0.8574999999999999
8.325,0.864
8.325416666666667,0.8593333333333334
8.325833333333334,0.8501666666666666
8.32625,0.8451666666666666
8.326666666666666,0.8331666666666667
8.327083333333333,0.8256666666666667
8.3275,0.8161666666666667
8.327916666666667,0.8076666666666666
8.328333333333333,0.8031666666666668
8.32875,0.7896666666666666
8.329166666666667,0.7705000000000001
8.329583333333334,0.7536666666666667
8.33,0.7415000000000002
8.330416666666666,0.745
8.330833333333333,0.7586666666666666
8.33125,0.7798333333333334
8.331666666666667,0.8091666666666666
8.332083333333333,0.8388333333333334
8.3325,0.8623333333333335
8.332916666666666,0.8603333333333333
8.333333333333334,0.8371666666666666
8.33375,0.8069999999999999
8.334166666666667,0.7706666666666666
8.334583333333333,0.7414999999999999
8.335,0.7325
8.335416666666667,0.7326666666666665
8.335833333333333,0.7553333333333333
8.33625,0.789
8.336666666666666,0.8338333333333333
8.337083333333334,0.8838333333333331
8.3375,0.9114999999999999
8.337916666666667,0.9343333333333333
8.338333333333333,0.9266666666666667
8.33875,0.9063333333333331
8.339166666666667,0.8751666666666665
8.339583333333334,0.8303333333333333
8.34,0.7961666666666666
8.340416666666666,0.7716666666666666
8.340833333333334,0.7751666666666667
8.34125,0.7774999999999999
8.341666666666667,0.7708333333333335
8.342083333333333,0.751
8.3425,0.7180000000000001
8.342916666666667,0.6836666666666668
8.343333333333334,0.6491666666666668
8.34375,0.6276666666666668
8.344166666666666,0.62
8.344583333333333,0.6415
8.345,0.6821666666666667
8.345416666666667,0.7263333333333332
8.345833333333333,0.7668333333333335
8.34625,0.7885
8.346666666666666,0.7979999999999999
8.347083333333334,0.7885
8.3475,0.7681666666666667
8.347916666666666,0.7494999999999999
8.348333333333333,0.7286666666666667
8.34875,0.7136666666666668
8.349166666666667,0.7111666666666666
8.349583333333333,0.7070000000000002
8.35,0.7199999999999999
8.350416666666666,0.7403333333333334
8.350833333333334,0.7543333333333333
8.35125,0.7836666666666664
8.351666666666667,0.7988333333333332
8.352083333333333,0.8133333333333331
8.3525,0.8056666666666666
8.352916666666667,0.7946666666666665
8.353333333333333,0.7869999999999999
8.35375,0.7764999999999999
8.354166666666666,0.7948333333333334
8.354583333333334,0.8174999999999999
8.355,0.8445
8.355416666666667,0.8676666666666666
8.355833333333333,0.8785000000000002
8.35625,0.8753333333333334
8.356666666666667,0.8644999999999999
8.357083333333334,0.8578333333333333
8.3575,0.8628333333333335
8.357916666666666,0.8715
8.358333333333333,0.8945
8.35875,0.9226666666666667
8.359166666666667,0.9330000000000002
8.359583333333333,0.9398333333333332
8.36,0.9331666666666667
8.360416666666667,0.9179999999999998
8.360833333333334,0.899
8.36125,0.8738333333333332
8.361666666666666,0.8446666666666665
8.362083333333333,0.8079999999999999
8.3625,0.7759999999999999
8.362916666666667,0.742
8.363333333333333,0.7079999999999999
8.36375,0.6841666666666665
8.364166666666666,0.6683333333333333
8.364583333333334,0.6545000000000001
8.365,0.6509999999999999
8.365416666666667,0.6653333333333333
8.365833333333333,0.6926666666666664
8.36625,0.7281666666666667
8.366666666666667,0.7711666666666667
8.367083333333333,0.8104999999999999
8.3675,0.8266666666666665
8.367916666666666,0.8365
8.368333333333334,0.8295
8.36875,0.8126666666666668
8.369166666666667,0.7949999999999999
8.369583333333333,0.7751666666666667
8.37,0.7718333333333334
8.370416666666667,0.7663333333333333
8.370833333333334,0.7808333333333333
8.37125,0.8154999999999998
8.371666666666666,0.85
8.372083333333334,0.8805000000000002
8.3725,0.8861666666666667
8.372916666666667,0.8726666666666668
8.373333333333333,0.8308333333333332
8.37375,0.7883333333333332
8.374166666666667,0.7601666666666667
8.374583333333334,0.7425
8.375,0.7440000000000001
8.375416666666666,0.7573333333333333
8.375833333333333,0.7753333333333332
8.37625,0.7825000000000001
8.376666666666667,0.7791666666666667
8.377083333333333,0.7715000000000001
8.3775,0.773
8.377916666666666,0.7853333333333334
8.378333333333334,0.7986666666666666
8.37875,0.8066666666666666
8.379166666666666,0.7995000000000001
8.379583333333333,0.7955
8.38,0.7870000000000003
8.380416666666667,0.7643333333333331
8.380833333333333,0.7530000000000001
8.38125,0.7448333333333332
8.381666666666666,0.7433333333333333
8.382083333333334,0.7551666666666668
8.3825,0.7663333333333333
8.382916666666667,0.7793333333333333
8.383333333333333,0.7916666666666666
8.38375,0.8043333333333335
8.384166666666667,0.8088333333333333
8.384583333333333,0.7979999999999999
8.385,0.7885
8.385416666666666,0.7755000000000001
8.385833333333334,0.762
8.38625,0.7448333333333332
8.386666666666667,0.7373333333333333
8.387083333333333,0.7483333333333334
8.3875,0.7573333333333334
8.387916666666667,0.7761666666666667
8.388333333333334,0.7873333333333333
8.38875,0.787
8.389166666666666,0.7835000000000001
8.389583333333333,0.7619999999999999
8.39,0.741
8.390416666666667,0.7159999999999999
8.390833333333333,0.6946666666666667
8.39125,0.6871666666666668
8.391666666666667,0.6758333333333333
8.392083333333334,0.6756666666666665
8.3925,0.6838333333333333
8.392916666666666,0.7080000000000001
8.393333333333333,0.7428333333333333
8.39375,0.7726666666666665
8.394166666666667,0.8000000000000002
8.394583333333333,0.8093333333333333
8.395,0.8043333333333335
8.395416666666666,0.7978333333333335
8.395833333333334,0.7895000000000002
8.39625,0.7841666666666667
8.396666666666667,0.7909999999999999
8.397083333333333,0.7985000000000001
8.3975,0.7955
8.397916666666667,0.7841666666666667
8.398333333333333,0.7636666666666668
8.39875,0.7446666666666667
8.399166666666666,0.7343333333333334
8.399583333333334,0.7318333333333333
8.4,0.7441666666666666
8.400416666666667,0.7528333333333334
8.400833333333333,0.7635
8.40125,0.7771666666666666
8.401666666666667,0.7798333333333334
8.402083333333334,0.7861666666666668
8.4025,0.7888333333333334
8.402916666666666,0.7916666666666666
8.403333333333334,0.7936666666666667
8.40375,0.7988333333333332
8.404166666666667,0.8116666666666666
8.404583333333333,0.8238333333333333
8.405,0.8388333333333335
8.405416666666667,0.8386666666666668
8.405833333333334,0.8365
8.40625,0.8173333333333335
8.406666666666666,0.7953333333333333
8.407083333333333,0.7789999999999999
8.4075,0.751
8.407916666666667,0.7321666666666666
8.408333333333333,0.7103333333333334
8.40875,0.7013333333333334
8.409166666666666,0.6960000000000001
8.409583333333334,0.7026666666666666
8.41,0.7275
8.410416666666666,0.7555
8.410833333333333,0.7785000000000002
8.41125,0.7835
8.411666666666667,0.7678333333333334
8.412083333333333,0.7328333333333333
8.4125,0.6965
8.412916666666666,0.6745000000000001
8.413333333333334,0.6765
8.41375,0.6996666666666668
8.414166666666667,0.7421666666666665
8.414583333333333,0.7861666666666668
8.415,0.8260000000000001
8.415416666666667,0.8543333333333334
8.415833333333333,0.8716666666666667
8.41625,0.8695
8.416666666666666,0.8488333333333333
8.417083333333334,0.8186666666666665
8.4175,0.7846666666666667
8.417916666666667,0.7641666666666665
8.418333333333333,0.7484999999999999
8.41875,0.7411666666666666
8.419166666666667,0.7505000000000001
8.419583333333334,0.7691666666666667
8.42,0.7968333333333332
8.420416666666666,0.8093333333333335
8.420833333333333,0.8041666666666667
8.42125,0.8024999999999999
8.421666666666667,0.79
8.422083333333333,0.7798333333333334
8.4225,0.7678333333333334
8.422916666666667,0.7451666666666669
8.423333333333334,0.7279999999999999
8.42375,0.7143333333333333
8.424166666666666,0.7131666666666666
8.424583333333333,0.7205
8.425,0.7331666666666666
8.425416666666667,0.757
8.425833333333333,0.7828333333333334
8.42625,0.7995000000000001
8.426666666666666,0.805
8.427083333333334,0.8039999999999999
8.4275,0.7926666666666667
8.427916666666667,0.7784999999999999
8.428333333333333,0.7715
8.42875,0.7680000000000001
8.429166666666667,0.7706666666666665
8.429583333333333,0.7726666666666667
8.43,0.7736666666666666
8.430416666666666,0.7775000000000002
8.430833333333334,0.7819999999999999
8.43125,0.7885
8.431666666666667,0.7920000000000001
8.432083333333333,0.7948333333333334
8.4325,0.7933333333333333
8.432916666666667,0.8001666666666667
8.433333333333334,0.8019999999999999
8.43375,0.7993333333333333
8.434166666666666,0.7946666666666666
8.434583333333334,0.7783333333333333
8.435,0.7651666666666669
8.435416666666667,0.7538333333333332
8.435833333333333,0.746
8.43625,0.75
8.436666666666667,0.7583333333333333
8.437083333333334,0.7713333333333333
8.4375,0.7851666666666667
8.437916666666666,0.7776666666666667
8.438333333333333,0.7683333333333335
8.43875,0.7541666666666668
8.439166666666667,0.7433333333333335
8.439583333333333,0.7544999999999998
8.44,0.7718333333333334
8.440416666666666,0.8105000000000001
8.440833333333334,0.8568333333333333
8.44125,0.8928333333333333
8.441666666666666,0.9333333333333336
8.442083333333333,0.9485000000000001
8.4425,0.9569999999999999
8.442916666666667,0.9634999999999998
8.443333333333333,0.96
8.44375,0.9701666666666666
8.444166666666666,0.9651666666666668
8.444583333333334,0.9548333333333335
8.445,0.9480000000000001
8.445416666666667,0.9354999999999999
8.445833333333333,0.9281666666666665
8.44625,0.9331666666666666
8.446666666666667,0.9355000000000002
8.447083333333333,0.9448333333333334
8.4475,0.9441666666666665
8.447916666666666,0.9255000000000001
8.448333333333334,0.8969999999999999
8.44875,0.8538333333333333
8.449166666666667,0.8298333333333335
8.449583333333333,0.8211666666666666
8.45,0.8265000000000002
8.450416666666667,0.8376666666666667
8.450833333333334,0.8484999999999999
8.45125,0.8493333333333332
8.451666666666666,0.8343333333333334
8.452083333333333,0.8125000000000001
8.4525,0.7871666666666668
8.452916666666667,0.7773333333333333
8.453333333333333,0.7858333333333333
8.45375,0.8126666666666665
8.454166666666667,0.8436666666666667
8.454583333333334,0.8679999999999999
8.455,0.8879999999999999
8.455416666666666,0.8935000000000001
8.455833333333333,0.8876666666666665
8.45625,0.8708333333333335
8.456666666666667,0.8565000000000002
8.457083333333333,0.8496666666666667
8.4575,0.8461666666666666
8.457916666666666,0.8583333333333333
8.458333333333334,0.8684999999999997
8.45875,0.8791666666666668
8.459166666666667,0.8904999999999998
8.459583333333333,0.8848333333333332
8.46,0.8776666666666667
8.460416666666667,0.8583333333333333
8.460833333333333,0.8356666666666667
8.46125,0.8276666666666667
8.461666666666666,0.8273333333333334
8.462083333333334,0.8491666666666667
8.4625,0.8743333333333334
8.462916666666667,0.8961666666666664
8.463333333333333,0.907
8.46375,0.8990000000000001
8.464166666666667,0.8863333333333333
8.464583333333334,0.8711666666666665
8.465,0.8608333333333335
8.465416666666666,0.8515
8.465833333333334,0.8576666666666665
8.46625,0.8653333333333334
8.466666666666667,0.8728333333333333
8.467083333333333,0.8815
8.4675,0.8843333333333332
8.467916666666667,0.896833333333333
8.468333333333334,0.9065
8.46875,0.9244999999999998
8.469166666666666,0.9434999999999999
8.469583333333333,0.9533333333333335
8.47,0.9678333333333334
8.470416666666667,0.9758333333333331
8.470833333333333,0.9819999999999999
8.47125,0.9859999999999999
8.471666666666666,0.9740000000000002
8.472083333333334,0.9658333333333333
8.4725,0.9561666666666667
8.472916666666666,0.9448333333333333
8.473333333333333,0.9375
8.47375,0.9109999999999999
8.474166666666667,0.8926666666666665
8.474583333333333,0.8741666666666669
8.475,0.8625000000000002
8.475416666666666,0.8618333333333336
8.475833333333334,0.868
8.47625,0.8953333333333333
8.476666666666667,0.9304999999999999
8.477083333333333,0.9594999999999999
8.4775,0.9705
8.477916666666667,0.9715000000000001
8.478333333333333,0.9654999999999999
8.47875,0.9596666666666668
8.479166666666666,0.9579999999999999
8.479583333333334,0.9603333333333334
8.48,0.9675000000000002
8.480416666666667,0.9810000000000002
8.480833333333333,0.9956666666666668
8.48125,1.0001666666666666
8.481666666666667,1.0043333333333333
8.482083333333334,1.0081666666666667
8.4825,1.0119999999999998
8.482916666666666,1.0090000000000001
8.483333333333333,0.9968333333333331
8.48375,0.9988333333333334
8.484166666666667,0.9903333333333334
8.484583333333333,0.987
8.485,0.9896666666666668
8.485416666666667,0.9763333333333332
8.485833333333334,0.9739999999999999
8.48625,0.9563333333333333
8.486666666666666,0.9461666666666666
8.487083333333333,0.9411666666666666
8.4875,0.9328333333333335
8.487916666666667,0.9443333333333332
8.488333333333333,0.9476666666666663
8.48875,0.9500000000000002
8.489166666666666,0.9485
8.489583333333334,0.9433333333333332
8.49,0.9385
8.490416666666667,0.9286666666666665
8.490833333333333,0.9221666666666669
8.49125,0.9153333333333333
8.491666666666667,0.9003333333333332
8.492083333333333,0.878
8.4925,0.8569999999999999
8.492916666666666,0.8421666666666665
8.493333333333334,0.8335
8.49375,0.8296666666666667
8.494166666666667,0.8211666666666669
8.494583333333333,0.8081666666666666
8.495,0.7936666666666667
8.495416666666667,0.7958333333333334
8.495833333333334,0.8166666666666665
8.49625,0.8493333333333334
8.496666666666666,0.9013333333333332
8.497083333333334,0.9533333333333333
8.4975,1.0
8.497916666666667,1.0288333333333335
8.498333333333333,1.0471666666666666
8.49875,1.0681666666666667
8.499166666666667,1.0835
8.499583333333334,1.1111666666666666
8.5,1.1335
8.500416666666666,1.1495
8.500833333333333,1.1556666666666666
8.50125,1.1426666666666667
8.501666666666667,1.1241666666666668
8.502083333333333,1.0968333333333335
8.5025,1.0839999999999999
8.502916666666666,1.0808333333333333
8.503333333333334,1.070833333333333
8.50375,1.061
8.504166666666666,1.0445
8.504583333333333,1.0278333333333334
8.505,1.0113333333333332
8.505416666666667,0.9888333333333336
8.505833333333333,0.9656666666666665
8.50625,0.9394999999999998
8.506666666666666,0.9216666666666667
8.507083333333334,0.9118333333333335
8.5075,0.8951666666666668
8.507916666666667,0.895
8.508333333333333,0.9108333333333332
8.50875,0.9463333333333335
8.509166666666667,0.9953333333333333
8.509583333333333,1.0334999999999999
8.51,1.0661666666666667
8.510416666666666,1.0791666666666666
8.510833333333334,1.0788333333333333
8.51125,1.0803333333333331
8.511666666666667,1.0756666666666665
8.512083333333333,1.0865
8.5125,1.1133333333333335
8.512916666666667,1.128
8.513333333333334,1.1218333333333332
8.51375,1.098
8.514166666666666,1.0633333333333335
8.514583333333333,1.0126666666666668
8.515,0.9644999999999998
8.515416666666667,0.9173333333333332
8.515833333333333,0.8908333333333335
8.51625,0.8861666666666665
8.516666666666667,0.8830000000000001
8.517083333333334,0.9006666666666666
8.5175,0.9129999999999999
8.517916666666666,0.9395000000000002
8.518333333333333,0.9773333333333333
8.51875,0.9946666666666667
8.519166666666667,1.0083333333333335
8.519583333333333,0.9971666666666668
8.52,0.9773333333333335
8.520416666666666,0.9639999999999999
8.520833333333334,0.9438333333333332
8.52125,0.9420000000000001
8.521666666666667,0.9524999999999998
8.522083333333333,0.9781666666666666
8.5225,1.0098333333333336
8.522916666666667,1.0346666666666666
8.523333333333333,1.0643333333333331
8.52375,1.0718333333333332
8.524166666666666,1.0793333333333333
8.524583333333334,1.0793333333333335
8.525,1.0686666666666664
8.525416666666667,1.066
8.525833333333333,1.0445
8.52625,1.0346666666666666
8.526666666666667,1.0266666666666666
8.527083333333334,1.0078333333333331
8.5275,1.0048333333333335
8.527916666666666,0.9911666666666669
8.528333333333334,0.9950000000000001
8.52875,0.9959999999999999
8.529166666666667,0.9858333333333333
8.529583333333333,0.9855
8.53,0.9683333333333333
8.530416666666667,0.956
8.530833333333334,0.9443333333333334
8.53125,0.934
8.531666666666666,0.9275000000000002
8.532083333333333,0.9233333333333333
8.5325,0.9233333333333333
8.532916666666667,0.9328333333333334
8.533333333333333,0.9461666666666666
8.53375,0.9605
8.534166666666666,0.9806666666666667
8.534583333333334,0.9935
8.535,1.0073333333333334
8.535416666666666,1.0135000000000003
8.535833333333333,1.0033333333333332
8.53625,0.9958333333333331
8.536666666666667,0.9906666666666665
8.537083333333333,0.9916666666666667
8.5375,0.9950000000000001
8.537916666666666,0.9906666666666668
8.538333333333334,0.9806666666666666
8.53875,0.9605
8.539166666666667,0.9396666666666668
8.539583333333333,0.9158333333333334
8.54,0.9031666666666668
8.540416666666667,0.9065
8.540833333333333,0.9228333333333335
8.54125,0.9403333333333336
8.541666666666666,0.9506666666666668
8.542083333333334,0.9651666666666667
8.5425,0.9771666666666666
8.542916666666667,0.9940000000000001
8.543333333333333,1.0048333333333332
8.54375,1.0153333333333332
8.544166666666667,1.0168333333333333
8.544583333333334,1.006
8.545,0.9896666666666665
8.545416666666666,0.9546666666666667
8.545833333333333,0.9348333333333333
8.54625,0.9258333333333334
8.546666666666667,0.932
8.547083333333333,0.9580000000000002
8.5475,0.9756666666666668
8.547916666666667,0.9948333333333332
8.548333333333334,1.0081666666666667
8.54875,1.0071666666666668
8.549166666666666,1.0038333333333334
8.549583333333333,1.0006666666666666
8.55,0.9961666666666668
8.550416666666667,0.997
8.550833333333333,0.9898333333333333
8.55125,0.9813333333333333
8.551666666666666,0.9708333333333333
8.552083333333334,0.9514999999999999
8.5525,0.9416666666666668
8.552916666666667,0.923
8.553333333333333,0.9114999999999999
8.55375,0.9138333333333334
8.554166666666667,0.9179999999999998
8.554583333333333,0.9329999999999998
8.555,0.9500000000000001
8.555416666666666,0.9681666666666665
8.555833333333334,0.9786666666666667
8.55625,0.9786666666666667
8.556666666666667,0.9778333333333333
8.557083333333333,0.9671666666666668
8.5575,0.9511666666666665
8.557916666666667,0.9356666666666666
8.558333333333334,0.9225
8.55875,0.9181666666666666
8.559166666666666,0.922
8.559583333333334,0.9286666666666669
8.56,0.9288333333333334
8.560416666666667,0.9318333333333332
8.560833333333333,0.9301666666666667
8.56125,0.9266666666666666
8.561666666666667,0.914
8.562083333333334,0.8970000000000002
8.5625,0.8926666666666666
8.562916666666666,0.8891666666666665
8.563333333333333,0.8958333333333335
8.56375,0.9036666666666667
8.564166666666667,0.9231666666666666
8.564583333333333,0.9543333333333335
8.565,0.9790000000000001
8.565416666666666,0.9921666666666668
8.565833333333334,0.9993333333333333
8.56625,0.9891666666666667
8.566666666666666,0.9746666666666667
8.567083333333333,0.9474999999999999
8.5675,0.9191666666666668
8.567916666666667,0.9133333333333334
8.568333333333333,0.9103333333333333
8.56875,0.9338333333333333
8.569166666666666,0.9616666666666666
8.569583333333334,0.9994999999999999
8.57,1.0475
8.570416666666667,1.0876666666666666
8.570833333333333,1.1276666666666668
8.57125,1.1611666666666667
8.571666666666667,1.1861666666666666
8.572083333333333,1.2106666666666668
8.5725,1.221
8.572916666666666,1.2125
8.573333333333334,1.2046666666666666
8.57375,1.1801666666666668
8.574166666666667,1.158
8.574583333333333,1.1291666666666667
8.575,1.1133333333333333
8.575416666666667,1.1215
8.575833333333334,1.1296666666666668
8.57625,1.1541666666666666
8.576666666666666,1.1744999999999999
8.577083333333333,1.1885000000000001
8.5775,1.1966666666666665
8.577916666666667,1.1935
8.578333333333333,1.1836666666666666
8.57875,1.1853333333333333
8.579166666666667,1.191
8.579583333333334,1.1968333333333334
8.58,1.1996666666666667
8.580416666666666,1.1939999999999997
8.580833333333333,1.2026666666666668
8.58125,1.207
8.581666666666667,1.2148333333333332
8.582083333333333,1.2301666666666666
8.5825,1.241
8.582916666666666,1.2633333333333334
8.583333333333334,1.2711666666666668
8.58375,1.2590000000000001
8.584166666666667,1.2286666666666666
8.584583333333333,1.1875
8.585,1.1638333333333335
8.585416666666667,1.1465
8.585833333333333,1.1498333333333335
8.58625,1.1776666666666666
8.586666666666666,1.2143333333333335
8.587083333333334,1.2481666666666669
8.5875,1.2591666666666665
8.587916666666667,1.2545
8.588333333333333,1.2315
8.58875,1.195833333333333
8.589166666666667,1.1636666666666668
8.589583333333334,1.138
8.59,1.1241666666666665
8.590416666666666,1.115
8.590833333333334,1.1089999999999998
8.59125,1.1028333333333333
8.591666666666667,1.0978333333333332
8.592083333333333,1.1061666666666667
8.5925,1.1171666666666669
8.592916666666667,1.1358333333333333
8.593333333333334,1.1564999999999999
8.59375,1.1751666666666665
8.594166666666666,1.1991666666666667
8.594583333333333,1.219
8.595,1.2381666666666669
8.595416666666667,1.258333333333333
8.595833333333333,1.272166666666667
8.59625,1.2714999999999999
8.596666666666666,1.2525000000000002
8.597083333333334,1.226
8.5975,1.1980000000000002
8.597916666666666,1.1655
8.598333333333333,1.1343333333333332
8.59875,1.11
8.599166666666667,1.0955
8.599583333333333,1.0886666666666667
8.6,1.0885
8.600416666666666,1.1015000000000001
8.600833333333334,1.1186666666666667
8.60125,1.1486666666666665
8.601666666666667,1.1908333333333332
8.602083333333333,1.2198333333333333
8.6025,1.2388333333333332
8.602916666666667,1.2366666666666666
8.603333333333333,1.2211666666666667
8.60375,1.197
8.604166666666666,1.1648333333333334
8.604583333333334,1.1441666666666668
8.605,1.1353333333333333
8.605416666666667,1.1409999999999998
8.605833333333333,1.153833333333333
8.60625,1.1726666666666665
8.606666666666667,1.1876666666666666
8.607083333333334,1.196
8.6075,1.2038333333333333
8.607916666666666,1.1986666666666668
8.608333333333333,1.1945
8.60875,1.193
8.609166666666667,1.2083333333333333
8.609583333333333,1.2341666666666669
8.61,1.248
8.610416666666667,1.2663333333333335
8.610833333333334,1.2770000000000001
8.61125,1.277
8.611666666666666,1.2678333333333336
8.612083333333333,1.2511666666666665
8.6125,1.2321666666666669
8.612916666666667,1.2165000000000001
8.613333333333333,1.2065
8.61375,1.194333333333333
8.614166666666666,1.1778333333333333
8.614583333333334,1.162
8.615,1.1641666666666666
8.615416666666667,1.1628333333333334
8.615833333333333,1.1656666666666666
8.61625,1.1738333333333333
8.616666666666667,1.1624999999999999
8.617083333333333,1.1616666666666666
8.6175,1.1528333333333334
8.617916666666666,1.1395000000000002
8.618333333333334,1.1348333333333331
8.61875,1.1315000000000002
8.619166666666667,1.141
8.619583333333333,1.1411666666666667
8.62,1.137
8.620416666666667,1.133
8.620833333333334,1.1203333333333332
8.62125,1.119
8.621666666666666,1.13
8.622083333333334,1.1469999999999998
8.6225,1.1626666666666667
8.622916666666667,1.1786666666666665
8.623333333333333,1.1945
8.62375,1.1945
8.624166666666667,1.1961666666666666
8.624583333333334,1.1933333333333334
8.625,1.1978333333333333
8.625416666666666,1.2091666666666667
8.625833333333333,1.2163333333333333
8.62625,1.2211666666666667
8.626666666666667,1.2213333333333332
8.627083333333333,1.221
8.6275,1.2266666666666668
8.627916666666666,1.2365000000000002
8.628333333333334,1.2368333333333332
8.62875,1.234333333333333
8.629166666666666,1.2166666666666668
8.629583333333333,1.1993333333333334
8.63,1.171
8.630416666666667,1.1456666666666666
8.630833333333333,1.1486666666666665
8.63125,1.1580000000000001
8.631666666666666,1.1791666666666667
8.632083333333334,1.1985000000000001
8.6325,1.2026666666666666
8.632916666666667,1.2026666666666668
8.633333333333333,1.1925000000000001
8.63375,1.1868333333333332
8.634166666666667,1.1758333333333333
8.634583333333333,1.1520000000000001
8.635,1.1313333333333333
8.635416666666666,1.1063333333333334
8.635833333333334,1.0808333333333335
8.63625,1.0544999999999998
8.636666666666667,1.0446666666666664
8.637083333333333,1.0430000000000001
8.6375,1.0555
8.637916666666667,1.0753333333333333
8.638333333333334,1.0915000000000001
8.63875,1.1125
8.639166666666666,1.1208333333333333
8.639583333333333,1.1411666666666669
8.64,1.1675000000000002
8.640416666666667,1.1885000000000001
8.640833333333333,1.2143333333333335
8.64125,1.2219999999999998
8.641666666666667,1.2160000000000002
8.642083333333334,1.1926666666666668
8.6425,1.149
8.642916666666666,1.1001666666666667
8.643333333333333,1.0511666666666668
8.64375,1.0150000000000001
8.644166666666667,1.0003333333333335
8.644583333333333,1.0015
8.645,1.0065
8.645416666666666,1.0185
8.645833333333334,1.031666666666667
8.64625,1.0415
8.646666666666667,1.0505000000000002
8.647083333333333,1.049
8.6475,1.0486666666666666
8.647916666666667,1.0516666666666667
8.648333333333333,1.0526666666666666
8.64875,1.061
8.649166666666666,1.0661666666666667
8.649583333333334,1.0816666666666663
8.65,1.1079999999999999
8.650416666666667,1.1303333333333334
8.650833333333333,1.1520000000000001
8.65125,1.1566666666666665
8.651666666666667,1.1553333333333333
8.652083333333334,1.1391666666666664
8.6525,1.1248333333333334
8.652916666666666,1.1236666666666666
8.653333333333334,1.1183333333333334
8.65375,1.1391666666666669
8.654166666666667,1.1626666666666665
8.654583333333333,1.1909999999999998
8.655,1.2203333333333333
8.655416666666667,1.2251666666666667
8.655833333333334,1.2261666666666668
8.65625,1.2048333333333332
8.656666666666666,1.1756666666666664
8.657083333333333,1.1596666666666668
8.6575,1.1581666666666666
8.657916666666667,1.1818333333333335
8.658333333333333,1.2188333333333334
8.65875,1.2626666666666668
8.659166666666666,1.3028333333333333
8.659583333333334,1.3311666666666668
8.66,1.3401666666666667
8.660416666666666,1.3296666666666668
8.660833333333333,1.3003333333333333
8.66125,1.2718333333333331
8.661666666666667,1.2530000000000001
8.662083333333333,1.2376666666666667
8.6625,1.227
8.662916666666666,1.2225
8.663333333333334,1.2306666666666668
8.66375,1.2398333333333333
8.664166666666667,1.2496666666666665
8.664583333333333,1.2524999999999997
8.665,1.2561666666666664
8.665416666666667,1.2645
8.665833333333333,1.2771666666666668
8.66625,1.3053333333333332
8.666666666666666,1.3358333333333334
8.667083333333334,1.3773333333333333
8.6675,1.413
8.667916666666667,1.4353333333333333
8.668333333333333,1.4496666666666667
8.66875,1.445
8.669166666666667,1.4361666666666666
8.669583333333334,1.4278333333333333
8.67,1.4270000000000003
8.670416666666666,1.4385000000000001
8.670833333333333,1.4588333333333334
8.67125,1.4738333333333333
8.671666666666667,1.4678333333333333
8.672083333333333,1.4486666666666668
8.6725,1.4121666666666668
8.672916666666667,1.3721666666666668
8.673333333333334,1.3391666666666666
8.67375,1.3188333333333333
8.674166666666666,1.3313333333333333
8.674583333333333,1.348
8.675,1.3666666666666665
8.675416666666667,1.3795
8.675833333333333,1.3689999999999998
8.67625,1.3629999999999998
8.676666666666666,1.3648333333333333
8.677083333333334,1.3786666666666667
8.6775,1.4075
8.677916666666667,1.4503333333333337
8.678333333333333,1.4998333333333334
8.67875,1.5416666666666667
8.679166666666667,1.5618333333333334
8.679583333333333,1.5571666666666666
8.68,1.5266666666666666
8.680416666666666,1.4938333333333336
8.680833333333334,1.4591666666666667
8.68125,1.4225
8.681666666666667,1.3973333333333333
8.682083333333333,1.3756666666666666
8.6825,1.3866666666666667
8.682916666666667,1.398666666666667
8.683333333333334,1.4186666666666667
8.68375,1.4366666666666668
8.684166666666666,1.4350000000000003
8.684583333333334,1.4445
8.685,1.446
8.685416666666667,1.4473333333333336
8.685833333333333,1.4456666666666669
8.68625,1.4438333333333333
8.686666666666667,1.4508333333333334
8.687083333333334,1.4606666666666668
8.6875,1.477
8.687916666666666,1.4891666666666665
8.688333333333333,1.5031666666666663
8.68875,1.5148333333333335
8.689166666666667,1.5226666666666666
8.689583333333333,1.5366666666666668
8.69,1.5418333333333332
8.690416666666666,1.5424999999999998
8.690833333333334,1.5385
8.69125,1.5256666666666667
8.691666666666666,1.5083333333333335
8.692083333333333,1.4811666666666667
8.6925,1.4633333333333332
8.692916666666667,1.4501666666666668
8.693333333333333,1.4426666666666665
8.69375,1.4493333333333334
8.694166666666666,1.4595
8.694583333333334,1.4640000000000002
8.695,1.454
8.695416666666667,1.4401666666666666
8.695833333333333,1.4104999999999999
8.69625,1.3806666666666665
8.696666666666667,1.3639999999999999
8.697083333333333,1.3686666666666667
8.6975,1.3915
8.697916666666666,1.4133333333333333
8.698333333333334,1.4351666666666667
8.69875,1.4381666666666666
8.699166666666667,1.4286666666666668
8.699583333333333,1.4135
8.7,1.391
8.700416666666667,1.3788333333333334
8.700833333333334,1.3769999999999998
8.70125,1.3854999999999997
8.701666666666666,1.3936666666666666
8.702083333333333,1.3818333333333335
8.7025,1.3533333333333335
8.702916666666667,1.3103333333333333
8.703333333333333,1.2591666666666665
8.70375,1.2198333333333335
8.704166666666667,1.1886666666666665
8.704583333333334,1.1673333333333333
8.705,1.1591666666666665
8.705416666666666,1.1478333333333333
8.705833333333333,1.1443333333333332
8.70625,1.1395
8.706666666666667,1.1376666666666666
8.707083333333333,1.1411666666666669
8.7075,1.1483333333333334
8.707916666666666,1.1618333333333333
8.708333333333334,1.168
8.70875,1.1773333333333333
8.709166666666667,1.1786666666666668
8.709583333333333,1.1784999999999999
8.71,1.1858333333333333
8.710416666666667,1.2
8.710833333333333,1.2161666666666666
8.71125,1.2354999999999998
8.711666666666666,1.2556666666666667
8.712083333333334,1.2580000000000002
8.7125,1.2516666666666667
8.712916666666667,1.2248333333333334
8.713333333333333,1.1936666666666664
8.71375,1.16
8.714166666666667,1.1303333333333334
8.714583333333334,1.1250000000000002
8.715,1.1271666666666667
8.715416666666666,1.1451666666666667
8.715833333333334,1.1695
8.71625,1.1811666666666667
8.716666666666667,1.1859999999999997
8.717083333333333,1.1775
8.7175,1.1529999999999998
8.717916666666667,1.117
8.718333333333334,1.0791666666666666
8.71875,1.0445
8.719166666666666,1.0238333333333332
8.719583333333333,1.0198333333333334
8.72,1.0219999999999998
8.720416666666667,1.038
8.720833333333333,1.0559999999999998
8.72125,1.0695000000000003
8.721666666666666,1.07
8.722083333333334,1.05
8.7225,1.0116666666666667
8.722916666666666,0.9724999999999998
8.723333333333333,0.9455
8.72375,0.9428333333333333
8.724166666666667,0.9643333333333333
8.724583333333333,1.0016666666666667
8.725,1.0498333333333334
8.725416666666666,1.0984999999999998
8.725833333333334,1.1443333333333332
8.72625,1.1783333333333335
8.726666666666667,1.2021666666666668
8.727083333333333,1.2193333333333332
8.7275,1.2326666666666666
8.727916666666667,1.2393333333333334
8.728333333333333,1.2311666666666665
8.72875,1.2068333333333332
8.729166666666666,1.17
8.729583333333334,1.1276666666666666
8.73,1.0998333333333334
8.730416666666667,1.0753333333333335
8.730833333333333,1.0685
8.73125,1.0841666666666667
8.731666666666667,1.1026666666666667
8.732083333333334,1.1321666666666668
8.7325,1.1635
8.732916666666666,1.1886666666666665
8.733333333333333,1.2035000000000002
8.73375,1.2056666666666664
8.734166666666667,1.2031666666666665
8.734583333333333,1.211666666666667
8.735,1.2238333333333336
8.735416666666667,1.257
8.735833333333334,1.2886666666666664
8.73625,1.3103333333333333
8.736666666666666,1.3371666666666666
8.737083333333333,1.3399999999999999
8.7375,1.3339999999999999
8.737916666666667,1.3158333333333332
8.738333333333333,1.2921666666666667
8.73875,1.2764999999999997
8.739166666666666,1.2628333333333335
8.739583333333334,1.2471666666666668
8.74,1.2271666666666667
8.740416666666667,1.2141666666666666
8.740833333333333,1.2045000000000001
8.74125,1.2068333333333332
8.741666666666667,1.2083333333333333
8.742083333333333,1.2181666666666666
8.7425,1.2291666666666667
8.742916666666666,1.2268333333333332
8.743333333333334,1.2188333333333334
8.74375,1.192
8.744166666666667,1.1658333333333333
8.744583333333333,1.1429999999999998
8.745,1.1268333333333334
8.745416666666667,1.1281666666666668
8.745833333333334,1.1328333333333334
8.74625,1.148
8.746666666666666,1.1683333333333332
8.747083333333334,1.1745
8.7475,1.1691666666666667
8.747916666666667,1.141
8.748333333333333,1.1125
8.74875,1.0821666666666665
8.749166666666667,1.047
8.749583333333334,1.03
8.75,1.0148333333333335
8.750416666666666,1.0116666666666667
8.750833333333333,1.0228333333333335
8.75125,1.0395
8.751666666666667,1.0635000000000001
8.752083333333333,1.0803333333333336
8.7525,1.0920000000000003
8.752916666666666,1.1036666666666668
8.753333333333334,1.099
8.75375,1.0961666666666665
8.754166666666666,1.0815000000000001
8.754583333333333,1.0608333333333333
8.755,1.0526666666666666
8.755416666666667,1.033166666666667
8.755833333333333,1.0168333333333333
8.75625,1.0016666666666667
8.756666666666666,0.9889999999999999
8.757083333333334,0.9864999999999999
8.7575,0.9869999999999998
8.757916666666667,0.9921666666666669
8.758333333333333,0.9936666666666666
8.75875,0.9893333333333335
8.759166666666667,0.9736666666666668
8.759583333333333,0.9531666666666666
8.76,0.9285
8.760416666666666,0.9049999999999999
8.760833333333334,0.8938333333333334
8.76125,0.8783333333333333
8.761666666666667,0.8666666666666666
8.762083333333333,0.8458333333333335
8.7625,0.8081666666666667
8.762916666666667,0.7658333333333333
8.763333333333334,0.7323333333333332
8.76375,0.7173333333333334
8.764166666666666,0.7143333333333333
8.764583333333333,0.7396666666666668
8.765,0.7638333333333334
8.765416666666667,0.7798333333333333
8.765833333333333,0.7886666666666667
8.76625,0.7725000000000001
8.766666666666667,0.7381666666666667
8.767083333333334,0.6915
8.7675,0.6496666666666667
8.767916666666666,0.6118333333333333
8.768333333333333,0.5664999999999999
8.76875,0.5368333333333334
8.769166666666667,0.5268333333333334
8.769583333333333,0.519
8.77,0.5318333333333333
8.770416666666666,0.5541666666666666
8.770833333333334,0.578
8.77125,0.6050000000000001
8.771666666666667,0.6183333333333333
8.772083333333333,0.63
8.7725,0.635
8.772916666666667,0.6375
8.773333333333333,0.6453333333333332
8.77375,0.634
8.774166666666666,0.6171666666666666
8.774583333333334,0.5969999999999999
8.775,0.5681666666666666
8.775416666666667,0.5495
8.775833333333333,0.529
8.77625,0.5096666666666667
8.776666666666667,0.5095
8.777083333333334,0.4953333333333334
8.7775,0.4746666666666666
8.777916666666666,0.4483333333333333
8.778333333333334,0.41416666666666674
8.77875,0.4019999999999999
8.779166666666667,0.39599999999999996
8.779583333333333,0.40383333333333343
8.78,0.4153333333333335
8.780416666666667,0.4288333333333334
8.780833333333334,0.44249999999999995
8.78125,0.44316666666666665
8.781666666666666,0.43100000000000005
8.782083333333333,0.4068333333333332
8.7825,0.3805
8.782916666666667,0.35566666666666663
8.783333333333333,0.33866666666666667
8.78375,0.31883333333333336
8.784166666666666,0.2953333333333334
8.784583333333334,0.2793333333333334
8.785,0.28166666666666657
8.785416666666666,0.28049999999999997
8.785833333333333,0.2743333333333334
8.78625,0.26583333333333337
8.786666666666667,0.2476666666666667
8.787083333333333,0.2336666666666667
8.7875,0.21933333333333338
8.787916666666666,0.21116666666666672
8.788333333333334,0.2081666666666666
8.78875,0.22116666666666673
8.789166666666667,0.2513333333333334
8.789583333333333,0.2834999999999999
8.79,0.30866666666666664
8.790416666666667,0.32699999999999996
8.790833333333333,0.34600000000000003
8.79125,0.3573333333333333
8.791666666666666,0.36949999999999994
8.792083333333334,0.37349999999999994
8.7925,0.3701666666666666
8.792916666666667,0.35816666666666674
8.793333333333333,0.3351666666666668
8.79375,0.30349999999999994
8.794166666666667,0.26433333333333336
8.794583333333334,0.2308333333333333
8.795,0.2056666666666668
8.795416666666666,0.2038333333333333
8.795833333333333,0.21383333333333332
8.79625,0.23433333333333328
8.796666666666667,0.25866666666666677
8.797083333333333,0.2758333333333333
8.7975,0.30750000000000005
8.797916666666667,0.33733333333333343
8.798333333333334,0.36333333333333323
8.79875,0.3893333333333333
8.799166666666666,0.3893333333333333
8.799583333333333,0.38749999999999996
8.8,0.3558333333333332
8.800416666666667,0.30683333333333324
8.800833333333333,0.2691666666666667
8.80125,0.21750000000000003
8.801666666666666,0.19566666666666657
8.802083333333334,0.18100000000000005
8.8025,0.17583333333333337
8.802916666666667,0.17700000000000005
8.803333333333333,0.16966666666666663
8.80375,0.17499999999999996
8.804166666666667,0.17850000000000002
8.804583333333333,0.17766666666666672
8.805,0.18033333333333337
8.805416666666666,0.18033333333333332
8.805833333333334,0.16799999999999993
8.80625,0.1605
8.806666666666667,0.1476666666666667
8.807083333333333,0.142
8.8075,0.1416666666666667
8.807916666666667,0.15266666666666664
8.808333333333334,0.17866666666666667
8.80875,0.19933333333333336
8.809166666666666,0.2285
8.809583333333334,0.25816666666666666
8.81,0.2789999999999999
8.810416666666667,0.29350000000000004
8.810833333333333,0.29749999999999993
8.81125,0.287
8.811666666666667,0.27649999999999997
8.812083333333334,0.2634999999999999
8.8125,0.2543333333333333
8.812916666666666,0.25533333333333325
8.813333333333333,0.25816666666666666
8.81375,0.2655
8.814166666666667,0.2608333333333333
8.814583333333333,0.24916666666666668
8.815,0.23283333333333345
8.815416666666666,0.20933333333333345
8.815833333333334,0.19633333333333325
8.81625,0.19416666666666674
8.816666666666666,0.21066666666666656
8.817083333333333,0.227
8.8175,0.24433333333333337
8.817916666666667,0.25299999999999995
8.818333333333333,0.24933333333333327
8.81875,0.25483333333333325
8.819166666666666,0.24549999999999997
8.819583333333334,0.24749999999999997
8.82,0.2583333333333333
8.820416666666667,0.2781666666666667
8.820833333333333,0.29949999999999993
8.82125,0.3005
8.821666666666667,0.3041666666666667
8.822083333333333,0.29749999999999993
8.8225,0.29316666666666663
8.822916666666666,0.3013333333333333
8.823333333333334,0.30616666666666675
8.82375,0.3251666666666666
8.824166666666667,0.34783333333333327
8.824583333333333,0.3598333333333333
8.825,0.3593333333333333
8.825416666666667,0.3396666666666666
8.825833333333334,0.33433333333333337
8.82625,0.3411666666666667
8.826666666666666,0.34400000000000003
8.827083333333333,0.35083333333333333
8.8275,0.35133333333333333
8.827916666666667,0.3411666666666667
8.828333333333333,0.3276666666666667
8.82875,0.3025
8.829166666666667,0.2748333333333333
8.829583333333334,0.2530000000000001
8.83,0.24100000000000002
8.830416666666666,0.2456666666666667
8.830833333333333,0.24800000000000008
8.83125,0.24400000000000008
8.831666666666667,0.23783333333333334
8.832083333333333,0.23733333333333326
8.8325,0.23266666666666666
8.832916666666666,0.21999999999999997
8.833333333333334,0.19633333333333333
8.83375,0.16633333333333336
8.834166666666667,0.14516666666666658
8.834583333333333,0.13049999999999998
8.835,0.1280000000000001
8.835416666666667,0.13199999999999998
8.835833333333333,0.14550000000000005
8.83625,0.17
8.836666666666666,0.18833333333333338
8.837083333333334,0.19866666666666669
8.8375,0.19366666666666665
8.837916666666667,0.18516666666666662
8.838333333333333,0.18550000000000008
8.83875,0.18949999999999992
8.839166666666667,0.19766666666666666
8.839583333333334,0.2108333333333333
8.84,0.2233333333333333
8.840416666666666,0.2376666666666666
8.840833333333334,0.24983333333333335
8.84125,0.26066666666666677
8.841666666666667,0.28550000000000003
8.842083333333333,0.29250000000000004
8.8425,0.2996666666666666
8.842916666666667,0.2958333333333334
8.843333333333334,0.27666666666666667
8.84375,0.2688333333333333
8.844166666666666,0.24283333333333332
8.844583333333333,0.22516666666666674
8.845,0.20299999999999993
8.845416666666667,0.18200000000000002
8.845833333333333,0.17650000000000002
8.84625,0.16299999999999995
8.846666666666666,0.16583333333333328
8.847083333333334,0.1828333333333334
8.8475,0.21233333333333335
8.847916666666666,0.25699999999999995
8.848333333333333,0.29683333333333334
8.84875,0.32833333333333337
8.849166666666667,0.3483333333333334
8.849583333333333,0.35816666666666674
8.85,0.3595
8.850416666666666,0.35316666666666663
8.850833333333334,0.3398333333333334
8.85125,0.3311666666666666
8.851666666666667,0.319
8.852083333333333,0.3038333333333334
8.8525,0.2966666666666667
8.852916666666667,0.2745
8.853333333333333,0.2565
8.85375,0.23616666666666664
8.854166666666666,0.21783333333333332
8.854583333333334,0.21316666666666664
8.855,0.21366666666666675
8.855416666666667,0.2316666666666666
8.855833333333333,0.2511666666666667
8.85625,0.2748333333333333
8.856666666666667,0.2861666666666667
8.857083333333334,0.2896666666666667
8.8575,0.2880000000000001
8.857916666666666,0.2691666666666666
8.858333333333333,0.2550000000000001
8.85875,0.2285
8.859166666666667,0.20799999999999996
8.859583333333333,0.20349999999999993
8.86,0.20433333333333334
8.860416666666667,0.21933333333333324
8.860833333333334,0.23216666666666672
8.86125,0.23616666666666664
8.861666666666666,0.23483333333333323
8.862083333333333,0.21716666666666673
8.8625,0.19283333333333333
8.862916666666667,0.18800000000000008
8.863333333333333,0.1898333333333333
8.86375,0.20683333333333329
8.864166666666666,0.22916666666666666
8.864583333333334,0.24783333333333335
8.865,0.26866666666666666
8.865416666666667,0.27899999999999997
8.865833333333333,0.2885
8.86625,0.29483333333333345
8.866666666666667,0.30183333333333334
8.867083333333333,0.30233333333333334
8.8675,0.29583333333333334
8.867916666666666,0.2744999999999999
8.868333333333334,0.24250000000000008
8.86875,0.21966666666666676
8.869166666666667,0.2021666666666667
8.869583333333333,0.19266666666666662
8.87,0.18899999999999997
8.870416666666667,0.1958333333333334
8.870833333333334,0.2006666666666667
8.87125,0.19816666666666674
8.871666666666666,0.18266666666666675
8.872083333333334,0.15883333333333338
8.8725,0.13716666666666674
8.872916666666667,0.11666666666666663
8.873333333333333,0.10649999999999997
8.87375,0.09633333333333331
8.874166666666667,0.10666666666666662
8.874583333333334,0.13949999999999996
8.875,0.18616666666666667
8.875416666666666,0.24333333333333326
8.875833333333333,0.3026666666666667
8.87625,0.35650000000000004
8.876666666666667,0.39733333333333337
8.877083333333333,0.4104999999999999
8.8775,0.3919999999999999
8.877916666666666,0.36483333333333334
8.878333333333334,0.32216666666666666
8.87875,0.2914999999999999
8.879166666666666,0.2591666666666667
8.879583333333333,0.2248333333333333
8.88,0.2128333333333333
8.880416666666667,0.19066666666666668
8.880833333333333,0.1835
8.88125,0.17149999999999999
8.881666666666666,0.16383333333333336
8.882083333333334,0.17766666666666656
8.8825,0.18616666666666667
8.882916666666667,0.2041666666666667
8.883333333333333,0.20933333333333337
8.88375,0.2098333333333334
8.884166666666667,0.20750000000000002
8.884583333333333,0.20083333333333328
8.885,0.2064999999999999
8.885416666666666,0.2041666666666667
8.885833333333334,0.20433333333333326
8.88625,0.20433333333333334
8.886666666666667,0.19866666666666669
8.887083333333333,0.19349999999999992
8.8875,0.18933333333333327
8.887916666666667,0.18616666666666667
8.888333333333334,0.18816666666666668
8.88875,0.20033333333333334
8.889166666666666,0.2159999999999999
8.889583333333333,0.2251666666666666
8.89,0.21216666666666653
8.890416666666667,0.19416666666666668
8.890833333333333,0.17166666666666672
8.89125,0.14266666666666664
8.891666666666667,0.12566666666666668
8.892083333333334,0.11633333333333333
8.8925,0.12316666666666665
8.892916666666666,0.14099999999999993
8.893333333333333,0.17083333333333325
8.89375,0.19499999999999998
8.894166666666667,0.19866666666666663
8.894583333333333,0.20233333333333325
8.895,0.19900000000000007
8.895416666666666,0.18666666666666676
8.895833333333334,0.17199999999999993
8.89625,0.16033333333333336
8.896666666666667,0.15166666666666676
8.897083333333333,0.15683333333333338
8.8975,0.1671666666666666
8.897916666666667,0.1768333333333334
8.898333333333333,0.1778333333333332
8.89875,0.17466666666666666
8.899166666666666,0.1878333333333332
8.899583333333334,0.18216666666666667
8.9,0.17533333333333326
8.900416666666667,0.17449999999999996
8.900833333333333,0.16833333333333336
8.90125,0.18550000000000008
8.901666666666667,0.2043333333333334
8.902083333333334,0.21800000000000005
8.9025,0.24116666666666667
8.902916666666666,0.25750000000000006
8.903333333333334,0.2869999999999999
8.90375,0.3071666666666666
8.904166666666667,0.30883333333333335
8.904583333333333,0.32083333333333347
8.905,0.31716666666666676
8.905416666666667,0.32066666666666666
8.905833333333334,0.32050000000000006
8.90625,0.3143333333333332
8.906666666666666,0.31550000000000006
8.907083333333333,0.31600000000000006
8.9075,0.319
8.907916666666667,0.30600000000000005
8.908333333333333,0.29266666666666663
8.90875,0.2730000000000001
8.909166666666666,0.24333333333333326
8.909583333333334,0.2063333333333334
8.91,0.1676666666666667
8.910416666666666,0.14383333333333334
8.910833333333333,0.13750000000000004
8.91125,0.14983333333333335
8.911666666666667,0.17766666666666672
8.912083333333333,0.19966666666666658
8.9125,0.21666666666666679
8.912916666666666,0.23650000000000007
8.913333333333334,0.23833333333333337
8.91375,0.23866666666666667
8.914166666666667,0.24349999999999997
8.914583333333333,0.2608333333333334
8.915,0.29450000000000004
8.915416666666667,0.32450000000000007
8.915833333333333,0.35283333333333333
8.91625,0.35733333333333334
8.916666666666666,0.34416666666666657
8.917083333333334,0.3346666666666665
8.9175,0.3081666666666667
8.917916666666667,0.284
8.918333333333333,0.26000000000000006
8.91875,0.24083333333333332
8.919166666666667,0.22916666666666666
8.919583333333334,0.21783333333333324
8.92,0.20483333333333328
8.920416666666666,0.19366666666666674
8.920833333333333,0.19683333333333333
8.92125,0.2001666666666667
8.921666666666667,0.22016666666666654
8.922083333333333,0.22783333333333333
8.9225,0.23616666666666672
8.922916666666667,0.2416666666666667
8.923333333333334,0.21883333333333335
8.92375,0.19800000000000004
8.924166666666666,0.16116666666666676
8.924583333333333,0.13466666666666663
8.925,0.12750000000000003
8.925416666666667,0.12350000000000001
8.925833333333333,0.13950000000000004
8.92625,0.16116666666666668
8.926666666666666,0.19033333333333333
8.927083333333334,0.2166666666666667
8.9275,0.23816666666666664
8.927916666666667,0.24733333333333332
8.928333333333333,0.23883333333333337
8.92875,0.22599999999999998
8.929166666666667,0.1995
8.929583333333333,0.1723333333333333
8.93,0.144
8.930416666666666,0.1226666666666667
8.930833333333334,0.12150000000000001
8.93125,0.1233333333333333
8.931666666666667,0.129
8.932083333333333,0.14266666666666672
8.9325,0.1566666666666666
8.932916666666667,0.17800000000000002
8.933333333333334,0.18733333333333335
8.93375,0.1975
8.934166666666666,0.21166666666666667
8.934583333333334,0.2196666666666666
8.935,0.24450000000000002
8.935416666666667,0.2671666666666667
8.935833333333333,0.295
8.93625,0.32616666666666666
8.936666666666667,0.3471666666666666
8.937083333333334,0.3571666666666667
8.9375,0.34166666666666673
8.937916666666666,0.30316666666666675
8.938333333333333,0.2598333333333333
8.93875,0.2259999999999999
8.939166666666667,0.19349999999999992
8.939583333333333,0.17066666666666666
8.94,0.1499999999999999
8.940416666666666,0.13649999999999998
8.940833333333334,0.13683333333333336
8.94125,0.13849999999999998
8.941666666666666,0.16016666666666665
8.942083333333333,0.18383333333333338
8.9425,0.2081666666666667
8.942916666666667,0.2379999999999999
8.943333333333333,0.24300000000000002
8.94375,0.23766666666666655
8.944166666666666,0.22200000000000006
8.944583333333334,0.20600000000000004
8.945,0.19683333333333328
8.945416666666667,0.18833333333333324
8.945833333333333,0.18683333333333332
8.94625,0.18499999999999997
8.946666666666667,0.19300000000000006
8.947083333333333,0.1998333333333334
8.9475,0.20283333333333334
8.947916666666666,0.20983333333333323
8.948333333333334,0.2225
8.94875,0.22950000000000004
8.949166666666667,0.22633333333333328
8.949583333333333,0.2218333333333334
8.95,0.2015
8.950416666666667,0.18566666666666673
8.950833333333334,0.17416666666666672
8.95125,0.1648333333333334
8.951666666666666,0.1566666666666666
8.952083333333333,0.15
8.9525,0.15416666666666665
8.952916666666667,0.1571666666666666
8.953333333333333,0.162
8.95375,0.16933333333333334
8.954166666666667,0.1851666666666667
8.954583333333334,0.211
8.955,0.24083333333333337
8.955416666666666,0.2751666666666667
8.955833333333333,0.30283333333333345
8.95625,0.3298333333333334
8.956666666666667,0.3618333333333334
8.957083333333333,0.3738333333333334
8.9575,0.37083333333333335
8.957916666666666,0.35083333333333333
8.958333333333334,0.322
8.95875,0.28583333333333333
8.959166666666667,0.23649999999999993
8.959583333333333,0.18666666666666668
8.96,0.15499999999999994
8.960416666666667,0.13299999999999992
8.960833333333333,0.1283333333333334
8.96125,0.1436666666666667
8.961666666666666,0.15949999999999998
8.962083333333334,0.1845000000000001
8.9625,0.19866666666666669
8.962916666666667,0.2105
8.963333333333333,0.21433333333333335
8.96375,0.21400000000000005
8.964166666666667,0.2276666666666666
8.964583333333334,0.24716666666666662
8.965,0.27883333333333327
8.965416666666666,0.31983333333333325
8.965833333333334,0.36633333333333323
8.96625,0.40266666666666656
8.966666666666667,0.42983333333333335
8.967083333333333,0.443
8.9675,0.43666666666666676
8.967916666666667,0.41900000000000004
8.968333333333334,0.37899999999999995
8.96875,0.34099999999999997
8.969166666666666,0.30266666666666664
8.969583333333333,0.27766666666666656
8.97,0.2710000000000001
8.970416666666667,0.26766666666666666
8.970833333333333,0.2886666666666668
8.97125,0.30283333333333334
8.971666666666666,0.3179999999999999
8.972083333333334,0.33316666666666656
8.9725,0.3345000000000001
8.972916666666666,0.3375000000000001
8.973333333333333,0.3379999999999999
8.97375,0.3326666666666667
8.974166666666667,0.3216666666666666
8.974583333333333,0.3113333333333333
8.975,0.3113333333333334
8.975416666666666,0.3181666666666667
8.975833333333334,0.3126666666666667
8.97625,0.304
8.976666666666667,0.2958333333333334
8.977083333333333,0.2904999999999999
8.9775,0.30416666666666664
8.977916666666667,0.3225
8.978333333333333,0.3445
8.97875,0.36966666666666664
8.979166666666666,0.38400000000000006
8.979583333333334,0.37666666666666665
8.98,0.3443333333333333
8.980416666666667,0.2828333333333333
8.980833333333333,0.2191666666666666
8.98125,0.1708333333333334
8.981666666666667,0.14249999999999993
8.982083333333334,0.1501666666666667
8.9825,0.1688333333333333
8.982916666666666,0.2073333333333333
8.983333333333333,0.2543333333333333
8.98375,0.30216666666666664
8.984166666666667,0.3513333333333333
8.984583333333333,0.38383333333333325
8.985,0.3993333333333333
8.985416666666667,0.39033333333333337
8.985833333333334,0.3733333333333333
8.98625,0.3479999999999999
8.986666666666666,0.30666666666666664
8.987083333333333,0.27049999999999996
8.9875,0.2511666666666666
8.987916666666667,0.2538333333333333
8.988333333333333,0.2751666666666666
8.98875,0.29749999999999993
8.989166666666666,0.3233333333333334
8.989583333333334,0.3308333333333333
8.99,0.32833333333333337
8.990416666666667,0.32516666666666677
8.990833333333333,0.3083333333333334
8.99125,0.30200000000000005
8.991666666666667,0.29716666666666675
8.992083333333333,0.2896666666666667
8.9925,0.2716666666666667
8.992916666666666,0.2371666666666666
8.993333333333334,0.20866666666666664
8.99375,0.18200000000000002
8.994166666666667,0.17350000000000007
8.994583333333333,0.18333333333333335
8.995,0.1878333333333333
8.995416666666667,0.20850000000000005
8.995833333333334,0.2228333333333333
8.99625,0.22533333333333339
8.996666666666666,0.2226666666666667
8.997083333333334,0.2208333333333333
8.9975,0.23749999999999996
8.997916666666667,0.24883333333333332
8.998333333333333,0.25233333333333324
8.99875,0.25399999999999995
8.999166666666667,0.25049999999999994
8.999583333333334,0.24699999999999997
9.0,0.2528333333333334
9.000416666666666,0.2525
9.000833333333333,0.24683333333333332
9.00125,0.24533333333333332
9.001666666666667,0.246
9.002083333333333,0.23750000000000004
9.0025,0.22716666666666666
9.002916666666666,0.22083333333333321
9.003333333333334,0.223
9.00375,0.23333333333333325
9.004166666666666,0.23383333333333334
9.004583333333333,0.24950000000000006
9.005,0.26300000000000007
9.005416666666667,0.2891666666666666
9.005833333333333,0.33549999999999996
9.00625,0.3801666666666666
9.006666666666666,0.42283333333333334
9.007083333333334,0.442
9.0075,0.43516666666666665
9.007916666666667,0.4160000000000001
9.008333333333333,0.38500000000000006
9.00875,0.35516666666666663
9.009166666666667,0.34099999999999997
9.009583333333333,0.33050000000000007
9.01,0.338
9.010416666666666,0.337
9.010833333333334,0.32499999999999996
9.01125,0.30183333333333334
9.011666666666667,0.2749999999999999
9.012083333333333,0.26449999999999996
9.0125,0.2558333333333333
9.012916666666667,0.2598333333333333
9.013333333333334,0.26533333333333325
9.01375,0.27849999999999997
9.014166666666666,0.2871666666666666
9.014583333333333,0.2873333333333334
9.015,0.29216666666666663
9.015416666666667,0.30000000000000004
9.015833333333333,0.3139999999999999
9.01625,0.31899999999999995
9.016666666666667,0.3168333333333333
9.017083333333334,0.30749999999999994
9.0175,0.30049999999999993
9.017916666666666,0.30083333333333345
9.018333333333333,0.3050000000000001
9.01875,0.32649999999999996
9.019166666666667,0.35800000000000004
9.019583333333333,0.40199999999999997
9.02,0.44216666666666665
9.020416666666666,0.4696666666666667
9.020833333333334,0.4828333333333333
9.02125,0.4776666666666667
9.021666666666667,0.4681666666666666
9.022083333333333,0.44249999999999995
9.0225,0.41433333333333344
9.022916666666667,0.39950000000000013
9.023333333333333,0.3981666666666666
9.02375,0.41833333333333345
9.024166666666666,0.44850000000000007
9.024583333333334,0.47433333333333333
9.025,0.5036666666666667
9.025416666666667,0.5273333333333333
9.025833333333333,0.551
9.02625,0.5593333333333332
9.026666666666667,0.5486666666666666
9.027083333333334,0.5251666666666667
9.0275,0.4845
9.027916666666666,0.44783333333333336
9.028333333333334,0.41050000000000003
9.02875,0.37766666666666665
9.029166666666667,0.36433333333333334
9.029583333333333,0.3695
9.03,0.38366666666666666
9.030416666666667,0.3851666666666667
9.030833333333334,0.36833333333333335
9.03125,0.34383333333333327
9.031666666666666,0.31733333333333325
9.032083333333333,0.31383333333333335
9.0325,0.33783333333333326
9.032916666666667,0.3733333333333333
9.033333333333333,0.42050000000000004
9.03375,0.458
9.034166666666666,0.4729999999999999
9.034583333333334,0.4668333333333334
9.035,0.43449999999999994
9.035416666666666,0.4036666666666668
9.035833333333333,0.38316666666666666
9.03625,0.377
9.036666666666667,0.3931666666666666
9.037083333333333,0.4206666666666667
9.0375,0.45799999999999996
9.037916666666666,0.4948333333333333
9.038333333333334,0.523
9.03875,0.551
9.039166666666667,0.5548333333333333
9.039583333333333,0.5459999999999999
9.04,0.5295
9.040416666666667,0.5006666666666667
9.040833333333333,0.4893333333333334
9.04125,0.49300000000000005
9.041666666666666,0.5253333333333333
9.042083333333334,0.5708333333333333
9.0425,0.6164999999999999
9.042916666666667,0.6541666666666667
9.043333333333333,0.6528333333333333
9.04375,0.6233333333333333
9.044166666666667,0.5805
9.044583333333334,0.5406666666666667
9.045,0.519
9.045416666666666,0.5185
9.045833333333333,0.5369999999999999
9.04625,0.5475
9.046666666666667,0.5466666666666666
9.047083333333333,0.5255
9.0475,0.48100000000000004
9.047916666666667,0.4486666666666666
9.048333333333334,0.43249999999999994
9.04875,0.45199999999999996
9.049166666666666,0.48833333333333334
9.049583333333333,0.5268333333333334
9.05,0.5523333333333335
9.050416666666667,0.5484999999999999
9.050833333333333,0.5331666666666667
9.05125,0.4994999999999999
9.051666666666666,0.46966666666666673
9.052083333333334,0.4376666666666667
9.0525,0.4235
9.052916666666667,0.42616666666666664
9.053333333333333,0.436
9.05375,0.46049999999999996
9.054166666666667,0.47266666666666673
9.054583333333333,0.48233333333333345
9.055,0.49299999999999994
9.055416666666666,0.5063333333333332
9.055833333333334,0.5165
9.05625,0.5061666666666668
9.056666666666667,0.4941666666666668
9.057083333333333,0.47266666666666657
9.0575,0.44183333333333324
9.057916666666667,0.40950000000000003
9.058333333333334,0.3683333333333334
9.05875,0.3343333333333333
9.059166666666666,0.3118333333333334
9.059583333333334,0.32
9.06,0.34383333333333327
9.060416666666667,0.36250000000000004
9.060833333333333,0.3775000000000001
9.06125,0.37749999999999995
9.061666666666667,0.36916666666666664
9.062083333333334,0.36366666666666675
9.0625,0.36633333333333334
9.062916666666666,0.3766666666666667
9.063333333333333,0.39099999999999996
9.06375,0.414
9.064166666666667,0.44
9.064583333333333,0.4518333333333333
9.065,0.4586666666666666
9.065416666666666,0.4543333333333334
9.065833333333334,0.4411666666666667
9.06625,0.4309999999999999
9.066666666666666,0.41450000000000004
9.067083333333333,0.4056666666666667
9.0675,0.39333333333333337
9.067916666666667,0.4038333333333333
9.068333333333333,0.43916666666666665
9.06875,0.4815
9.069166666666666,0.5291666666666667
9.069583333333334,0.5629999999999998
9.07,0.5836666666666667
9.070416666666667,0.5806666666666667
9.070833333333333,0.5636666666666666
9.07125,0.5355
9.071666666666667,0.4931666666666667
9.072083333333333,0.45249999999999996
9.0725,0.41999999999999993
9.072916666666666,0.4028333333333332
9.073333333333334,0.385
9.07375,0.37366666666666665
9.074166666666667,0.375
9.074583333333333,0.37283333333333335
9.075,0.383
9.075416666666667,0.3838333333333333
9.075833333333334,0.3873333333333333
9.07625,0.40116666666666667
9.076666666666666,0.42050000000000004
9.077083333333333,0.452
9.0775,0.4711666666666667
9.077916666666667,0.47866666666666674
9.078333333333333,0.4710000000000001
9.07875,0.4575000000000001
9.079166666666667,0.44083333333333324
9.079583333333334,0.42416666666666675
9.08,0.4088333333333333
9.080416666666666,0.39633333333333326
9.080833333333333,0.3958333333333333
9.08125,0.3895
9.081666666666667,0.3896666666666666
9.082083333333333,0.3905
9.0825,0.3915
9.082916666666666,0.3968333333333333
9.083333333333334,0.3973333333333333
9.08375,0.39433333333333337
9.084166666666667,0.37933333333333324
9.084583333333333,0.35916666666666663
9.085,0.3388333333333334
9.085416666666667,0.3303333333333333
9.085833333333333,0.329
9.08625,0.3416666666666666
9.086666666666666,0.3656666666666666
9.087083333333334,0.3826666666666667
9.0875,0.3966666666666667
9.087916666666667,0.3945
9.088333333333333,0.38133333333333336
9.08875,0.35466666666666663
9.089166666666667,0.31949999999999995
9.089583333333334,0.29866666666666664
9.09,0.2853333333333334
9.090416666666666,0.2838333333333332
9.090833333333334,0.2906666666666667
9.09125,0.29416666666666663
9.091666666666667,0.2836666666666667
9.092083333333333,0.262
9.0925,0.23000000000000007
9.092916666666667,0.20166666666666666
9.093333333333334,0.18966666666666665
9.09375,0.20100000000000007
9.094166666666666,0.23866666666666667
9.094583333333333,0.2888333333333333
9.095,0.3414999999999999
9.095416666666667,0.3898333333333333
9.095833333333333,0.4306666666666667
9.09625,0.4516666666666667
9.096666666666666,0.4623333333333333
9.097083333333334,0.4623333333333333
9.0975,0.45416666666666666
9.097916666666666,0.43700000000000006
9.098333333333333,0.41033333333333327
9.09875,0.37483333333333335
9.099166666666667,0.33383333333333326
9.099583333333333,0.3033333333333334
9.1,0.2806666666666666
9.100416666666666,0.2733333333333334
9.100833333333334,0.2686666666666668
9.10125,0.2661666666666667
9.101666666666667,0.27416666666666667
9.102083333333333,0.2885
9.1025,0.3099999999999999
9.102916666666667,0.33883333333333326
9.103333333333333,0.36916666666666664
9.10375,0.4053333333333333
9.104166666666666,0.43283333333333335
9.104583333333334,0.43599999999999994
9.105,0.4295
9.105416666666667,0.40499999999999997
9.105833333333333,0.38149999999999995
9.10625,0.36833333333333346
9.106666666666667,0.3598333333333334
9.107083333333334,0.3658333333333334
9.1075,0.3733333333333333
9.107916666666666,0.3761666666666667
9.108333333333333,0.37799999999999995
9.10875,0.35900000000000004
9.109166666666667,0.33899999999999997
9.109583333333333,0.3216666666666667
9.11,0.2946666666666667
9.110416666666667,0.29466666666666663
9.110833333333334,0.30316666666666664
9.11125,0.319
9.111666666666666,0.347
9.112083333333333,0.36050000000000004
9.1125,0.3831666666666667
9.112916666666667,0.39399999999999996
9.113333333333333,0.3965
9.11375,0.4055
9.114166666666666,0.39266666666666666
9.114583333333334,0.39533333333333326
9.115,0.3971666666666666
9.115416666666667,0.38699999999999984
9.115833333333333,0.37266666666666665
9.11625,0.3556666666666666
9.116666666666667,0.3401666666666667
9.117083333333333,0.3293333333333334
9.1175,0.3283333333333334
9.117916666666666,0.3243333333333333
9.118333333333334,0.32466666666666666
9.11875,0.31866666666666665
9.119166666666667,0.3126666666666667
9.119583333333333,0.3083333333333333
9.12,0.3003333333333334
9.120416666666667,0.306
9.120833333333334,0.3270000000000001
9.12125,0.35700000000000004
9.121666666666666,0.3944999999999999
9.122083333333334,0.41950000000000004
9.1225,0.4411666666666667
9.122916666666667,0.45583333333333337
9.123333333333333,0.45533333333333337
9.12375,0.454
9.124166666666667,0.4345000000000001
9.124583333333334,0.415
9.125,0.39833333333333326
9.125416666666666,0.3843333333333334
9.125833333333333,0.38583333333333325
9.12625,0.39083333333333337
9.126666666666667,0.41216666666666657
9.127083333333333,0.4366666666666666
9.1275,0.44816666666666666
9.127916666666666,0.4588333333333332
9.128333333333334,0.45199999999999996
9.12875,0.44783333333333336
9.129166666666666,0.4563333333333333
9.129583333333333,0.4608333333333332
9.13,0.4725000000000001
9.130416666666667,0.4739999999999999
9.130833333333333,0.4698333333333333
9.13125,0.46849999999999997
9.131666666666666,0.4581666666666666
9.132083333333334,0.45599999999999996
9.1325,0.4613333333333333
9.132916666666667,0.4563333333333334
9.133333333333333,0.4526666666666666
9.13375,0.43566666666666665
9.134166666666667,0.4084999999999999
9.134583333333333,0.38866666666666666
9.135,0.37033333333333335
9.135416666666666,0.37516666666666665
9.135833333333334,0.39466666666666667
9.13625,0.41766666666666663
9.136666666666667,0.4403333333333334
9.137083333333333,0.44216666666666665
9.1375,0.4356666666666666
9.137916666666667,0.4300000000000001
9.138333333333334,0.42599999999999993
9.13875,0.42416666666666664
9.139166666666666,0.42500000000000004
9.139583333333333,0.4271666666666667
9.14,0.42533333333333334
9.140416666666667,0.42983333333333323
9.140833333333333,0.42866666666666675
9.14125,0.4276666666666667
9.141666666666667,0.43450000000000005
9.142083333333334,0.4446666666666667
9.1425,0.4559999999999999
9.142916666666666,0.45966666666666667
9.143333333333333,0.45483333333333337
9.14375,0.44016666666666665
9.144166666666667,0.4186666666666667
9.144583333333333,0.38933333333333336
9.145,0.35666666666666674
9.145416666666666,0.32716666666666666
9.145833333333334,0.313
9.14625,0.31016666666666665
9.146666666666667,0.3176666666666666
9.147083333333333,0.33899999999999997
9.1475,0.3496666666666666
9.147916666666667,0.3519999999999999
9.148333333333333,0.3463333333333333
9.14875,0.3494999999999999
9.149166666666666,0.35600000000000004
9.149583333333334,0.37199999999999994
9.15,0.41183333333333344
9.150416666666667,0.44199999999999995
9.150833333333333,0.4633333333333334
9.15125,0.4718333333333334
9.151666666666667,0.4615000000000001
9.152083333333334,0.4416666666666666
9.1525,0.4186666666666666
9.152916666666666,0.41716666666666674
9.153333333333334,0.4223333333333334
9.15375,0.42516666666666664
9.154166666666667,0.4496666666666667
9.154583333333333,0.46783333333333327
9.155,0.486
9.155416666666667,0.5033333333333334
9.155833333333334,0.5033333333333333
9.15625,0.505
9.156666666666666,0.4923333333333333
9.157083333333333,0.48100000000000004
9.1575,0.4666666666666666
9.157916666666667,0.43866666666666676
9.158333333333333,0.42483333333333334
9.15875,0.4249999999999999
9.159166666666666,0.43700000000000006
9.159583333333334,0.4638333333333334
9.16,0.49950000000000006
9.160416666666666,0.5368333333333334
9.160833333333333,0.5726666666666665
9.16125,0.5920000000000001
9.161666666666667,0.5885
9.162083333333333,0.5691666666666667
9.1625,0.5336666666666666
9.162916666666666,0.49983333333333335
9.163333333333334,0.4745000000000001
9.16375,0.45749999999999996
9.164166666666667,0.45783333333333326
9.164583333333333,0.4633333333333333
9.165,0.45949999999999996
9.165416666666667,0.44966666666666666
9.165833333333333,0.43399999999999994
9.16625,0.41883333333333334
9.166666666666666,0.4141666666666666
9.167083333333334,0.4146666666666667
9.1675,0.4263333333333334
9.167916666666667,0.43883333333333335
9.168333333333333,0.4413333333333333
9.16875,0.44266666666666676
9.169166666666667,0.43016666666666664
9.169583333333334,0.4114999999999999
9.17,0.4098333333333333
9.170416666666666,0.4095
9.170833333333333,0.4175
9.17125,0.42550000000000004
9.171666666666667,0.42350000000000004
9.172083333333333,0.42833333333333323
9.1725,0.4315
9.172916666666667,0.43683333333333335
9.173333333333334,0.44483333333333336
9.17375,0.45150000000000007
9.174166666666666,0.46249999999999997
9.174583333333333,0.46983333333333327
9.175,0.47416666666666657
9.175416666666667,0.4825000000000001
9.175833333333333,0.48183333333333334
9.17625,0.48866666666666675
9.176666666666666,0.48699999999999993
9.177083333333334,0.46583333333333327
9.1775,0.43349999999999994
9.177916666666667,0.39366666666666655
9.178333333333333,0.3598333333333333
9.17875,0.31683333333333336
9.179166666666667,0.29233333333333333
9.179583333333333,0.289
9.18,0.2930000000000001
9.180416666666666,0.31716666666666665
9.180833333333334,0.3526666666666667
9.18125,0.39166666666666666
9.181666666666667,0.4363333333333333
9.182083333333333,0.474
9.1825,0.49700000000000005
9.182916666666667,0.5071666666666667
9.183333333333334,0.49966666666666665
9.18375,0.4816666666666667
9.184166666666666,0.46016666666666667
9.184583333333334,0.43199999999999994
9.185,0.4183333333333333
9.185416666666667,0.4163333333333334
9.185833333333333,0.41616666666666674
9.18625,0.41933333333333334
9.186666666666667,0.4001666666666666
9.187083333333334,0.37733333333333335
9.1875,0.3573333333333333
9.187916666666666,0.334
9.188333333333333,0.3331666666666666
9.18875,0.3526666666666667
9.189166666666667,0.393
9.189583333333333,0.44583333333333325
9.19,0.4888333333333333
9.190416666666666,0.509
9.190833333333334,0.5006666666666667
9.19125,0.47800000000000004
9.191666666666666,0.4478333333333333
9.192083333333333,0.42583333333333334
9.1925,0.4196666666666667
9.192916666666667,0.4329999999999999
9.193333333333333,0.46849999999999997
9.19375,0.5055
9.194166666666666,0.5323333333333333
9.194583333333334,0.5483333333333333
9.195,0.5493333333333332
9.195416666666667,0.5433333333333333
9.195833333333333,0.5348333333333334
9.19625,0.5256666666666666
9.196666666666667,0.5358333333333333
9.197083333333333,0.5504999999999999
9.1975,0.5613333333333334
9.197916666666666,0.5670000000000001
9.198333333333334,0.561
9.19875,0.5535
9.199166666666667,0.543
9.199583333333333,0.5315
9.2,0.5203333333333333
9.200416666666667,0.5191666666666667
9.200833333333334,0.5158333333333335
9.20125,0.5116666666666666
9.201666666666666,0.5018333333333334
9.202083333333333,0.4784999999999999
9.2025,0.4708333333333334
9.202916666666667,0.46016666666666667
9.203333333333333,0.45816666666666667
9.20375,0.4606666666666666
9.204166666666667,0.4608333333333334
9.204583333333334,0.47633333333333344
9.205,0.47766666666666663
9.205416666666666,0.4811666666666666
9.205833333333333,0.4838333333333334
9.20625,0.4830000000000001
9.206666666666667,0.4951666666666667
9.207083333333333,0.5138333333333333
9.2075,0.5385
9.207916666666666,0.5623333333333332
9.208333333333334,0.5828333333333333
9.20875,0.5981666666666666
9.209166666666667,0.6013333333333334
9.209583333333333,0.5978333333333333
9.21,0.5946666666666668
9.210416666666667,0.588
9.210833333333333,0.5831666666666667
9.21125,0.5818333333333333
9.211666666666666,0.5713333333333334
9.212083333333334,0.5519999999999999
9.2125,0.521
9.212916666666667,0.4896666666666667
9.213333333333333,0.4713333333333334
9.21375,0.46033333333333326
9.214166666666667,0.4729999999999999
9.214583333333334,0.5031666666666667
9.215,0.5359999999999999
9.215416666666666,0.566
9.215833333333334,0.5684999999999999
9.21625,0.5576666666666666
9.216666666666667,0.5368333333333333
9.217083333333333,0.5118333333333334
9.2175,0.49950000000000006
9.217916666666667,0.4845
9.218333333333334,0.4771666666666667
9.21875,0.4821666666666666
9.219166666666666,0.49633333333333346
9.219583333333333,0.5125000000000001
9.22,0.5219999999999999
9.220416666666667,0.5375
9.220833333333333,0.5568333333333334
9.22125,0.5658333333333333
9.221666666666666,0.5595
9.222083333333334,0.5409999999999999
9.2225,0.5143333333333333
9.222916666666666,0.48666666666666675
9.223333333333333,0.4756666666666667
9.22375,0.4778333333333334
9.224166666666667,0.48233333333333334
9.224583333333333,0.49666666666666665
9.225,0.5236666666666666
9.225416666666666,0.5466666666666667
9.225833333333334,0.5426666666666667
9.22625,0.5196666666666667
9.226666666666667,0.4708333333333334
9.227083333333333,0.4091666666666666
9.2275,0.36233333333333334
9.227916666666667,0.32466666666666666
9.228333333333333,0.313
9.22875,0.31299999999999994
9.229166666666666,0.33416666666666667
9.229583333333334,0.3611666666666667
9.23,0.3581666666666667
9.230416666666667,0.34900000000000003
9.230833333333333,0.3360000000000001
9.23125,0.33516666666666667
9.231666666666667,0.3521666666666666
9.232083333333334,0.3793333333333333
9.2325,0.4138333333333333
9.232916666666666,0.4476666666666667
9.233333333333333,0.4838333333333333
9.23375,0.5081666666666665
9.234166666666667,0.5246666666666667
9.234583333333333,0.5298333333333334
9.235,0.5233333333333334
9.235416666666667,0.5148333333333334
9.235833333333334,0.4891666666666667
9.23625,0.46199999999999997
9.236666666666666,0.43016666666666675
9.237083333333333,0.39749999999999996
9.2375,0.3795000000000001
9.237916666666667,0.37499999999999994
9.238333333333333,0.37916666666666665
9.23875,0.38599999999999995
9.239166666666666,0.40266666666666673
9.239583333333334,0.4246666666666667
9.24,0.45350000000000007
9.240416666666667,0.48466666666666663
9.240833333333333,0.5128333333333334
9.24125,0.5348333333333333
9.241666666666667,0.5513333333333332
9.242083333333333,0.5546666666666665
9.2425,0.5385
9.242916666666666,0.5095
9.243333333333334,0.47766666666666663
9.24375,0.45350000000000007
9.244166666666667,0.42416666666666664
9.244583333333333,0.4016666666666666
9.245,0.38466666666666677
9.245416666666667,0.3621666666666666
9.245833333333334,0.34400000000000003
9.24625,0.31849999999999995
9.246666666666666,0.29116666666666663
9.247083333333334,0.2741666666666667
9.2475,0.25216666666666665
9.247916666666667,0.23800000000000007
9.248333333333333,0.2273333333333334
9.24875,0.21466666666666664
9.249166666666667,0.2205
9.249583333333334,0.22116666666666665
9.25,0.2245
9.250416666666666,0.23933333333333331
9.250833333333333,0.2525
9.25125,0.2786666666666666
9.251666666666667,0.2938333333333334
9.252083333333333,0.30083333333333345
9.2525,0.3146666666666667
9.252916666666666,0.32233333333333336
9.253333333333334,0.3448333333333333
9.25375,0.37716666666666665
9.254166666666666,0.408
9.254583333333333,0.44899999999999984
9.255,0.48216666666666663
9.255416666666667,0.503
9.255833333333333,0.4991666666666666
9.25625,0.47233333333333327
9.256666666666666,0.4408333333333334
9.257083333333334,0.40499999999999986
9.2575,0.38199999999999995
9.257916666666667,0.36933333333333335
9.258333333333333,0.3638333333333333
9.25875,0.36149999999999993
9.259166666666667,0.36399999999999993
9.259583333333333,0.35600000000000004
9.26,0.3385
9.260416666666666,0.31983333333333336
9.260833333333334,0.29666666666666663
9.26125,0.2918333333333334
9.261666666666667,0.2843333333333333
9.262083333333333,0.2923333333333333
9.2625,0.3073333333333333
9.262916666666667,0.31216666666666654
9.263333333333334,0.32600000000000007
9.26375,0.3239999999999999
9.264166666666666,0.32333333333333325
9.264583333333333,0.3293333333333334
9.265,0.3359999999999999
9.265416666666667,0.3428333333333334
9.265833333333333,0.33383333333333326
9.26625,0.31200000000000006
9.266666666666667,0.2866666666666667
9.267083333333334,0.2515
9.2675,0.22566666666666668
9.267916666666666,0.211
9.268333333333333,0.2038333333333333
9.26875,0.21433333333333335
9.269166666666667,0.2141666666666667
9.269583333333333,0.211
9.27,0.20883333333333343
9.270416666666666,0.21550000000000002
9.270833333333334,0.23383333333333334
9.27125,0.25066666666666676
9.271666666666667,0.26800000000000007
9.272083333333333,0.2783333333333334
9.2725,0.2778333333333333
9.272916666666667,0.2696666666666667
9.273333333333333,0.25966666666666666
9.27375,0.2568333333333333
9.274166666666666,0.2576666666666667
9.274583333333334,0.2645
9.275,0.26783333333333337
9.275416666666667,0.26533333333333325
9.275833333333333,0.26466666666666666
9.27625,0.25366666666666665
9.276666666666667,0.25666666666666665
9.277083333333334,0.2703333333333333
9.2775,0.28683333333333333
9.277916666666666,0.30949999999999994
9.278333333333334,0.317
9.27875,0.311
9.279166666666667,0.2963333333333333
9.279583333333333,0.27366666666666656
9.28,0.25499999999999995
9.280416666666667,0.233
9.280833333333334,0.21683333333333335
9.28125,0.2173333333333333
9.281666666666666,0.213
9.282083333333333,0.21366666666666675
9.2825,0.20716666666666664
9.282916666666667,0.20116666666666663
9.283333333333333,0.1958333333333333
9.28375,0.1938333333333333
9.284166666666666,0.20050000000000004
9.284583333333334,0.21816666666666662
9.285,0.24266666666666667
9.285416666666666,0.2616666666666667
9.285833333333333,0.2896666666666667
9.28625,0.29633333333333334
9.286666666666667,0.2889999999999999
9.287083333333333,0.2651666666666666
9.2875,0.2286666666666667
9.287916666666666,0.19366666666666674
9.288333333333334,0.15450000000000008
9.28875,0.13516666666666666
9.289166666666667,0.12833333333333333
9.289583333333333,0.1333333333333333
9.29,0.16366666666666663
9.290416666666667,0.19166666666666674
9.290833333333333,0.20866666666666678
9.29125,0.213
9.291666666666666,0.20533333333333337
9.292083333333334,0.19066666666666668
9.2925,0.16283333333333339
9.292916666666667,0.13750000000000004
9.293333333333333,0.11849999999999998
9.29375,0.09949999999999999
9.294166666666667,0.1011666666666667
9.294583333333334,0.10316666666666663
9.295,0.09349999999999999
9.295416666666666,0.09066666666666667
9.295833333333333,0.07650000000000001
9.29625,0.06233333333333335
9.296666666666667,0.048666666666666636
9.297083333333333,0.037833333333333385
9.2975,0.04549999999999995
9.297916666666667,0.053666666666666675
9.298333333333334,0.05683333333333337
9.29875,0.05300000000000001
9.299166666666666,0.022999999999999982
9.299583333333333,-0.004500000000000022
9.3,-0.03049999999999997
9.300416666666667,-0.05083333333333336
9.300833333333333,-0.040000000000000036
9.30125,-0.01033333333333338
9.301666666666666,0.031000000000000066
9.302083333333334,0.06516666666666666
9.3025,0.09499999999999997
9.302916666666667,0.1138333333333333
9.303333333333333,0.11733333333333329
9.30375,0.11816666666666668
9.304166666666667,0.11533333333333329
9.304583333333333,0.10666666666666662
9.305,0.09366666666666663
9.305416666666666,0.0803333333333333
9.305833333333334,0.06049999999999992
9.30625,0.04583333333333339
9.306666666666667,0.03799999999999996
9.307083333333333,0.03683333333333335
9.3075,0.039333333333333366
9.307916666666667,0.04616666666666669
9.308333333333334,0.0688333333333333
9.30875,0.09616666666666666
9.309166666666666,0.1266666666666667
9.309583333333334,0.15683333333333338
9.31,0.17933333333333334
9.310416666666667,0.19683333333333333
9.310833333333333,0.19766666666666666
9.31125,0.18699999999999997
9.311666666666667,0.16516666666666668
9.312083333333334,0.13016666666666662
9.3125,0.09949999999999999
9.312916666666666,0.06700000000000002
9.313333333333333,0.04516666666666658
9.31375,0.03416666666666668
9.314166666666667,0.03366666666666666
9.314583333333333,0.04766666666666667
9.315,0.05333333333333331
9.315416666666666,0.07233333333333336
9.315833333333334,0.0991666666666667
9.31625,0.12149999999999994
9.316666666666666,0.14466666666666672
9.317083333333333,0.1445
9.3175,0.12366666666666666
9.317916666666667,0.07416666666666671
9.318333333333333,0.008000000000000007
9.31875,-0.048666666666666636
9.319166666666666,-0.10099999999999998
9.319583333333334,-0.11316666666666671
9.32,-0.09549999999999999
9.320416666666667,-0.05183333333333332
9.320833333333333,0.004999999999999967
9.32125,0.0495000000000001
9.321666666666667,0.08349999999999998
9.322083333333333,0.09166666666666663
9.3225,0.09433333333333331
9.322916666666666,0.07733333333333332
9.323333333333334,0.057166666666666664
9.32375,0.03333333333333336
9.324166666666667,0.00216666666666665
9.324583333333333,-0.025166666666666632
9.325,-0.03750000000000001
9.325416666666667,-0.03616666666666668
9.325833333333334,-0.03533333333333329
9.32625,-0.033833333333333306
9.326666666666666,-0.04249999999999998
9.327083333333333,-0.06416666666666664
9.3275,-0.10333333333333335
9.327916666666667,-0.13233333333333333
9.328333333333333,-0.1573333333333333
9.32875,-0.17066666666666672
9.329166666666667,-0.1623333333333333
9.329583333333334,-0.14116666666666666
9.33,-0.13150000000000003
9.330416666666666,-0.129
9.330833333333333,-0.13266666666666663
9.33125,-0.1511666666666666
9.331666666666667,-0.15516666666666667
9.332083333333333,-0.15066666666666664
9.3325,-0.141
9.332916666666666,-0.12316666666666672
9.333333333333334,-0.10499999999999998
9.33375,-0.09149999999999998
9.334166666666667,-0.07949999999999997
9.334583333333333,-0.07216666666666664
9.335,-0.057166666666666664
9.335416666666667,-0.05999999999999998
9.335833333333333,-0.07450000000000001
9.33625,-0.08850000000000002
9.336666666666666,-0.12049999999999998
9.337083333333334,-0.15233333333333335
9.3375,-0.19516666666666668
9.337916666666667,-0.2338333333333333
9.338333333333333,-0.2668333333333333
9.33875,-0.2886666666666667
9.339166666666667,-0.2921666666666667
9.339583333333334,-0.29
9.34,-0.2671666666666667
9.340416666666666,-0.22433333333333336
9.340833333333334,-0.1678333333333334
9.34125,-0.11933333333333336
9.341666666666667,-0.08766666666666667
9.342083333333333,-0.07883333333333331
9.3425,-0.08233333333333337
9.342916666666667,-0.10333333333333335
9.343333333333334,-0.13249999999999998
9.34375,-0.148
9.344166666666666,-0.16183333333333336
9.344583333333333,-0.16500000000000004
9.345,-0.16549999999999998
9.345416666666667,-0.1755
9.345833333333333,-0.18066666666666667
9.34625,-0.1815
9.346666666666666,-0.17633333333333331
9.347083333333334,-0.15699999999999995
9.3475,-0.14500000000000002
9.347916666666666,-0.11966666666666666
9.348333333333333,-0.09416666666666666
9.34875,-0.07916666666666668
9.349166666666667,-0.04950000000000002
9.349583333333333,-0.03083333333333334
9.35,-0.016000000000000014
9.350416666666666,-0.013333333333333345
9.350833333333334,-0.03400000000000003
9.35125,-0.0558333333333334
9.351666666666667,-0.08849999999999995
9.352083333333333,-0.11016666666666668
9.3525,-0.11333333333333336
9.352916666666667,-0.12583333333333338
9.353333333333333,-0.13516666666666666
9.35375,-0.1475
9.354166666666666,-0.16799999999999995
9.354583333333334,-0.18350000000000002
9.355,-0.19783333333333333
9.355416666666667,-0.20600000000000004
9.355833333333333,-0.2068333333333334
9.35625,-0.2155
9.356666666666667,-0.23083333333333336
9.357083333333334,-0.25816666666666666
9.3575,-0.2848333333333333
9.357916666666666,-0.30050000000000004
9.358333333333333,-0.302
9.35875,-0.2901666666666667
9.359166666666667,-0.28
9.359583333333333,-0.26183333333333336
9.36,-0.24433333333333337
9.360416666666667,-0.23116666666666666
9.360833333333334,-0.2265
9.36125,-0.24449999999999997
9.361666666666666,-0.2608333333333333
9.362083333333333,-0.2841666666666666
9.3625,-0.3123333333333334
9.362916666666667,-0.32249999999999995
9.363333333333333,-0.3308333333333333
9.36375,-0.322
9.364166666666666,-0.3076666666666667
9.364583333333334,-0.296
9.365,-0.29749999999999993
9.365416666666667,-0.32150000000000006
9.365833333333333,-0.3438333333333334
9.36625,-0.3705
9.366666666666667,-0.38233333333333336
9.367083333333333,-0.38050000000000006
9.3675,-0.3615
9.367916666666666,-0.328
9.368333333333334,-0.30383333333333334
9.36875,-0.2776666666666667
9.369166666666667,-0.2748333333333333
9.369583333333333,-0.29316666666666674
9.37,-0.3136666666666666
9.370416666666667,-0.3419999999999999
9.370833333333334,-0.35366666666666663
9.37125,-0.35250000000000004
9.371666666666666,-0.34016666666666673
9.372083333333334,-0.31333333333333335
9.3725,-0.30000000000000004
9.372916666666667,-0.295
9.373333333333333,-0.3021666666666667
9.37375,-0.327
9.374166666666667,-0.35450000000000004
9.374583333333334,-0.37766666666666665
9.375,-0.3833333333333333
9.375416666666666,-0.3706666666666667
9.375833333333333,-0.35316666666666663
9.37625,-0.33033333333333337
9.376666666666667,-0.31933333333333336
9.377083333333333,-0.3235
9.3775,-0.3328333333333333
9.377916666666666,-0.34883333333333333
9.378333333333334,-0.35833333333333334
9.37875,-0.36233333333333334
9.379166666666666,-0.3535
9.379583333333333,-0.3368333333333333
9.38,-0.3263333333333333
9.380416666666667,-0.32233333333333336
9.380833333333333,-0.332
9.38125,-0.3541666666666667
9.381666666666666,-0.38033333333333336
9.382083333333334,-0.4106666666666667
9.3825,-0.425
9.382916666666667,-0.43
9.383333333333333,-0.4255
9.38375,-0.41133333333333333
9.384166666666667,-0.4028333333333334
9.384583333333333,-0.3955
9.385,-0.39799999999999996
9.385416666666666,-0.40216666666666673
9.385833333333334,-0.3981666666666667
9.38625,-0.38833333333333336
9.386666666666667,-0.36466666666666664
9.387083333333333,-0.3398333333333334
9.3875,-0.3225
9.387916666666667,-0.29749999999999993
9.388333333333334,-0.2836666666666667
9.38875,-0.2705
9.389166666666666,-0.266
9.389583333333333,-0.27549999999999997
9.39,-0.2773333333333334
9.390416666666667,-0.29883333333333334
9.390833333333333,-0.32483333333333336
9.39125,-0.357
9.391666666666667,-0.391
9.392083333333334,-0.4039999999999999
9.3925,-0.4128333333333334
9.392916666666666,-0.4036666666666667
9.393333333333333,-0.38399999999999995
9.39375,-0.36549999999999994
9.394166666666667,-0.33433333333333337
9.394583333333333,-0.3296666666666667
9.395,-0.34349999999999997
9.395416666666666,-0.37333333333333335
9.395833333333334,-0.41616666666666663
9.39625,-0.4391666666666667
9.396666666666667,-0.46849999999999997
9.397083333333333,-0.4726666666666666
9.3975,-0.4603333333333333
9.397916666666667,-0.44649999999999995
9.398333333333333,-0.42383333333333334
9.39875,-0.4151666666666667
9.399166666666666,-0.41100000000000003
9.399583333333334,-0.41216666666666674
9.4,-0.422
9.400416666666667,-0.42983333333333335
9.400833333333333,-0.43933333333333335
9.40125,-0.446
9.401666666666667,-0.45133333333333336
9.402083333333334,-0.45583333333333337
9.4025,-0.45816666666666667
9.402916666666666,-0.4663333333333333
9.403333333333334,-0.47266666666666673
9.40375,-0.49799999999999994
9.404166666666667,-0.5333333333333333
9.404583333333333,-0.5723333333333334
9.405,-0.6113333333333334
9.405416666666667,-0.6295000000000001
9.405833333333334,-0.6368333333333334
9.40625,-0.6243333333333333
9.406666666666666,-0.6023333333333333
9.407083333333333,-0.5884999999999999
9.4075,-0.5763333333333334
9.407916666666667,-0.5750000000000001
9.408333333333333,-0.5888333333333333
9.40875,-0.6073333333333334
9.409166666666666,-0.6166666666666667
9.409583333333334,-0.6226666666666666
9.41,-0.6143333333333333
9.410416666666666,-0.5921666666666666
9.410833333333333,-0.5865
9.41125,-0.5711666666666667
9.411666666666667,-0.5683333333333334
9.412083333333333,-0.5605
9.4125,-0.5599999999999999
9.412916666666666,-0.5793333333333334
9.413333333333334,-0.583
9.41375,-0.6064999999999999
9.414166666666667,-0.615
9.414583333333333,-0.619
9.415,-0.6098333333333333
9.415416666666667,-0.5881666666666666
9.415833333333333,-0.5688333333333334
9.41625,-0.5419999999999999
9.416666666666666,-0.5321666666666667
9.417083333333334,-0.5233333333333333
9.4175,-0.526
9.417916666666667,-0.5385000000000001
9.418333333333333,-0.546
9.41875,-0.5545
9.419166666666667,-0.5465
9.419583333333334,-0.5338333333333333
9.42,-0.5218333333333334
9.420416666666666,-0.49733333333333335
9.420833333333333,-0.4908333333333333
9.42125,-0.49766666666666665
9.421666666666667,-0.5301666666666667
9.422083333333333,-0.5831666666666667
9.4225,-0.6325
9.422916666666667,-0.6696666666666666
9.423333333333334,-0.6823333333333333
9.42375,-0.6818333333333334
9.424166666666666,-0.6616666666666666
9.424583333333333,-0.6461666666666667
9.425,-0.6401666666666667
9.425416666666667,-0.6596666666666667
9.425833333333333,-0.6943333333333334
9.42625,-0.7226666666666667
9.426666666666666,-0.7591666666666667
9.427083333333334,-0.7736666666666667
9.4275,-0.7795
9.427916666666667,-0.7748333333333334
9.428333333333333,-0.7465
9.42875,-0.7138333333333332
9.429166666666667,-0.6778333333333334
9.429583333333333,-0.646
9.43,-0.6346666666666666
9.430416666666666,-0.6401666666666667
9.430833333333334,-0.6573333333333333
9.43125,-0.6845
9.431666666666667,-0.7043333333333334
9.432083333333333,-0.7166666666666667
9.4325,-0.7155
9.432916666666667,-0.7126666666666667
9.433333333333334,-0.7201666666666666
9.43375,-0.7265
9.434166666666666,-0.7374999999999999
9.434583333333334,-0.7544999999999998
9.435,-0.765
9.435416666666667,-0.7704999999999999
9.435833333333333,-0.783
9.43625,-0.8028333333333334
9.436666666666667,-0.8256666666666667
9.437083333333334,-0.8481666666666667
9.4375,-0.8714999999999998
9.437916666666666,-0.8778333333333332
9.438333333333333,-0.8653333333333334
9.43875,-0.8513333333333333
9.439166666666667,-0.8391666666666667
9.439583333333333,-0.8335
9.44,-0.8414999999999999
9.440416666666666,-0.8548333333333332
9.440833333333334,-0.8675
9.44125,-0.8776666666666667
9.441666666666666,-0.88
9.442083333333333,-0.8778333333333332
9.4425,-0.8668333333333332
9.442916666666667,-0.8631666666666667
9.443333333333333,-0.8716666666666667
9.44375,-0.884
9.444166666666666,-0.9151666666666668
9.444583333333334,-0.9543333333333334
9.445,-0.9871666666666666
9.445416666666667,-1.0076666666666667
9.445833333333333,-1.0115
9.44625,-0.9983333333333334
9.446666666666667,-0.9701666666666667
9.447083333333333,-0.9383333333333334
9.4475,-0.9111666666666668
9.447916666666666,-0.8895
9.448333333333334,-0.8741666666666665
9.44875,-0.8626666666666667
9.449166666666667,-0.8406666666666666
9.449583333333333,-0.8184999999999999
9.45,-0.8109999999999999
9.450416666666667,-0.8198333333333334
9.450833333333334,-0.8456666666666667
9.45125,-0.8765000000000001
9.451666666666666,-0.9119999999999999
9.452083333333333,-0.9371666666666666
9.4525,-0.9573333333333333
9.452916666666667,-0.9721666666666667
9.453333333333333,-0.9796666666666667
9.45375,-0.992
9.454166666666667,-1.004
9.454583333333334,-1.0288333333333333
9.455,-1.044
9.455416666666666,-1.0548333333333333
9.455833333333333,-1.0645
9.45625,-1.0688333333333333
9.456666666666667,-1.0811666666666666
9.457083333333333,-1.0808333333333333
9.4575,-1.0835000000000001
9.457916666666666,-1.0745
9.458333333333334,-1.0663333333333334
9.45875,-1.0741666666666667
9.459166666666667,-1.0805
9.459583333333333,-1.091
9.46,-1.0883333333333332
9.460416666666667,-1.0883333333333332
9.460833333333333,-1.0728333333333333
9.46125,-1.0446666666666669
9.461666666666666,-1.0183333333333333
9.462083333333334,-0.9894999999999999
9.4625,-0.9884999999999998
9.462916666666667,-0.9988333333333334
9.463333333333333,-1.0248333333333333
9.46375,-1.06
9.464166666666667,-1.0908333333333333
9.464583333333334,-1.1233333333333333
9.465,-1.1478333333333335
9.465416666666666,-1.1658333333333333
9.465833333333334,-1.1791666666666665
9.46625,-1.1845
9.466666666666667,-1.1816666666666666
9.467083333333333,-1.1780000000000002
9.4675,-1.1651666666666667
9.467916666666667,-1.1475
9.468333333333334,-1.1370000000000002
9.46875,-1.1340000000000001
9.469166666666666,-1.156
9.469583333333333,-1.188
9.47,-1.2076666666666667
9.470416666666667,-1.2173333333333334
9.470833333333333,-1.2046666666666666
9.47125,-1.1771666666666667
9.471666666666666,-1.1463333333333334
9.472083333333334,-1.1144999999999998
9.4725,-1.0968333333333333
9.472916666666666,-1.1045
9.473333333333333,-1.1256666666666668
9.47375,-1.1633333333333333
9.474166666666667,-1.1898333333333333
9.474583333333333,-1.2068333333333332
9.475,-1.2243333333333333
9.475416666666666,-1.2276666666666667
9.475833333333334,-1.2335
9.47625,-1.2296666666666667
9.476666666666667,-1.2286666666666666
9.477083333333333,-1.2335
9.4775,-1.2366666666666666
9.477916666666667,-1.2438333333333336
9.478333333333333,-1.2498333333333334
9.47875,-1.2510000000000001
9.479166666666666,-1.2561666666666667
9.479583333333334,-1.2715
9.48,-1.2914999999999999
9.480416666666667,-1.3125
9.480833333333333,-1.3283333333333334
9.48125,-1.3413333333333333
9.481666666666667,-1.3486666666666665
9.482083333333334,-1.344666666666667
9.4825,-1.3350000000000002
9.482916666666666,-1.321
9.483333333333333,-1.2938333333333334
9.48375,-1.2841666666666667
9.484166666666667,-1.2665
9.484583333333333,-1.2561666666666669
9.485,-1.2533333333333334
9.485416666666667,-1.2525000000000002
9.485833333333334,-1.274333333333333
9.48625,-1.2838333333333332
9.486666666666666,-1.2983333333333333
9.487083333333333,-1.2901666666666667
9.4875,-1.2651666666666666
9.487916666666667,-1.2353333333333334
9.488333333333333,-1.2023333333333333
9.48875,-1.1793333333333333
9.489166666666666,-1.166
9.489583333333334,-1.1833333333333333
9.49,-1.217
9.490416666666667,-1.2616666666666667
9.490833333333333,-1.3021666666666667
9.49125,-1.3265
9.491666666666667,-1.3451666666666666
9.492083333333333,-1.3495000000000001
9.4925,-1.3605
9.492916666666666,-1.375
9.493333333333334,-1.3869999999999998
9.49375,-1.4088333333333332
9.494166666666667,-1.4155
9.494583333333333,-1.4138333333333335
9.495,-1.3981666666666666
9.495416666666667,-1.3691666666666666
9.495833333333334,-1.3385
9.49625,-1.3025
9.496666666666666,-1.2695
9.497083333333334,-1.2474999999999998
9.4975,-1.2285000000000001
9.497916666666667,-1.223
9.498333333333333,-1.2443333333333333
9.49875,-1.2705
9.499166666666667,-1.3103333333333333
9.499583333333334,-1.3483333333333334
9.5,-1.3815
9.500416666666666,-1.4046666666666665
9.500833333333333,-1.4001666666666666
9.50125,-1.3883333333333334
9.501666666666667,-1.3739999999999999
9.502083333333333,-1.3695000000000002
9.5025,-1.3833333333333335
9.502916666666666,-1.4063333333333332
9.503333333333334,-1.4336666666666666
9.50375,-1.4483333333333333
9.504166666666666,-1.4541666666666668
9.504583333333333,-1.4483333333333333
9.505,-1.4298333333333335
9.505416666666667,-1.4186666666666667
9.505833333333333,-1.4115000000000002
9.50625,-1.4285000000000003
9.506666666666666,-1.4436666666666669
9.507083333333334,-1.4501666666666668
9.5075,-1.4521666666666668
9.507916666666667,-1.4443333333333335
9.508333333333333,-1.4371666666666665
9.50875,-1.436
9.509166666666667,-1.4489999999999998
9.509583333333333,-1.4611666666666665
9.51,-1.4668333333333334
9.510416666666666,-1.4628333333333334
9.510833333333334,-1.4566666666666668
9.51125,-1.4425
9.511666666666667,-1.429
9.512083333333333,-1.4241666666666666
9.5125,-1.43
9.512916666666667,-1.4485
9.513333333333334,-1.4726666666666663
9.51375,-1.5093333333333334
9.514166666666666,-1.5381666666666665
9.514583333333333,-1.5538333333333334
9.515,-1.5603333333333333
9.515416666666667,-1.5576666666666668
9.515833333333333,-1.5475
9.51625,-1.5273333333333332
9.516666666666667,-1.5025000000000002
9.517083333333334,-1.4846666666666668
9.5175,-1.4683333333333335
9.517916666666666,-1.4645000000000001
9.518333333333333,-1.4806666666666668
9.51875,-1.4928333333333335
9.519166666666667,-1.5156666666666665
9.519583333333333,-1.5438333333333334
9.52,-1.5705
9.520416666666666,-1.5976666666666663
9.520833333333334,-1.6071666666666669
9.52125,-1.6178333333333335
9.521666666666667,-1.6245
9.522083333333333,-1.6228333333333333
9.5225,-1.6318333333333335
9.522916666666667,-1.6364999999999998
9.523333333333333,-1.642666666666667
9.52375,-1.6556666666666666
9.524166666666666,-1.67
9.524583333333334,-1.687
9.525,-1.6933333333333334
9.525416666666667,-1.6913333333333334
9.525833333333333,-1.6849999999999998
9.52625,-1.6651666666666667
9.526666666666667,-1.6356666666666666
9.527083333333334,-1.6051666666666666
9.5275,-1.5731666666666666
9.527916666666666,-1.5414999999999999
9.528333333333334,-1.515
9.52875,-1.4909999999999999
9.529166666666667,-1.4801666666666666
9.529583333333333,-1.4825
9.53,-1.4985
9.530416666666667,-1.5333333333333332
9.530833333333334,-1.5676666666666668
9.53125,-1.5993333333333333
9.531666666666666,-1.6158333333333335
9.532083333333333,-1.6211666666666666
9.5325,-1.618
9.532916666666667,-1.6011666666666666
9.533333333333333,-1.5851666666666666
9.53375,-1.569
9.534166666666666,-1.5614999999999999
9.534583333333334,-1.5603333333333333
9.535,-1.5605
9.535416666666666,-1.5655000000000001
9.535833333333333,-1.5638333333333332
9.53625,-1.57
9.536666666666667,-1.5916666666666668
9.537083333333333,-1.6051666666666666
9.5375,-1.6243333333333332
9.537916666666666,-1.6368333333333334
9.538333333333334,-1.6436666666666664
9.53875,-1.6500000000000001
9.539166666666667,-1.649
9.539583333333333,-1.6695
9.54,-1.6813333333333336
9.540416666666667,-1.6981666666666666
9.540833333333333,-1.7098333333333333
9.54125,-1.7134999999999998
9.541666666666666,-1.7165
9.542083333333334,-1.6991666666666667
9.5425,-1.6816666666666666
9.542916666666667,-1.6436666666666664
9.543333333333333,-1.6176666666666666
9.54375,-1.609
9.544166666666667,-1.612
9.544583333333334,-1.6291666666666667
9.545,-1.6538333333333333
9.545416666666666,-1.6928333333333334
9.545833333333333,-1.7241666666666664
9.54625,-1.7396666666666665
9.546666666666667,-1.735
9.547083333333333,-1.7076666666666664
9.5475,-1.6823333333333335
9.547916666666667,-1.663
9.548333333333334,-1.667
9.54875,-1.68
9.549166666666666,-1.6906666666666668
9.549583333333333,-1.7195
9.55,-1.7388333333333332
9.550416666666667,-1.7596666666666667
9.550833333333333,-1.7723333333333333
9.55125,-1.7831666666666666
9.551666666666666,-1.7971666666666668
9.552083333333334,-1.8036666666666665
9.5525,-1.8015
9.552916666666667,-1.7918333333333332
9.553333333333333,-1.7796666666666667
9.55375,-1.7655
9.554166666666667,-1.7691666666666668
9.554583333333333,-1.7734999999999996
9.555,-1.7878333333333334
9.555416666666666,-1.8084999999999998
9.555833333333334,-1.8261666666666667
9.55625,-1.8415
9.556666666666667,-1.8445
9.557083333333333,-1.846
9.5575,-1.8485000000000003
9.557916666666667,-1.8511666666666666
9.558333333333334,-1.8541666666666667
9.55875,-1.8566666666666667
9.559166666666666,-1.8529999999999998
9.559583333333334,-1.8461666666666667
9.56,-1.8384999999999998
9.560416666666667,-1.8203333333333334
9.560833333333333,-1.8096666666666668
9.56125,-1.8035000000000003
9.561666666666667,-1.8036666666666665
9.562083333333334,-1.8205
9.5625,-1.8481666666666665
9.562916666666666,-1.8810000000000002
9.563333333333333,-1.8985
9.56375,-1.909
9.564166666666667,-1.9106666666666667
9.564583333333333,-1.907333333333333
9.565,-1.9048333333333334
9.565416666666666,-1.9128333333333334
9.565833333333334,-1.9266666666666665
9.56625,-1.9415000000000002
9.566666666666666,-1.9639999999999997
9.567083333333333,-1.9771666666666665
9.5675,-1.9873333333333332
9.567916666666667,-1.993
9.568333333333333,-2.0035000000000003
9.56875,-2.0141666666666667
9.569166666666666,-2.02
9.569583333333334,-2.0283333333333333
9.57,-2.028166666666667
9.570416666666667,-2.0220000000000002
9.570833333333333,-2.0181666666666667
9.57125,-2.0124999999999997
9.571666666666667,-1.9953333333333336
9.572083333333333,-1.9783333333333335
9.5725,-1.9545000000000001
9.572916666666666,-1.9305
9.573333333333334,-1.918
9.57375,-1.9138333333333335
9.574166666666667,-1.9283333333333335
9.574583333333333,-1.9373333333333334
9.575,-1.9493333333333334
9.575416666666667,-1.9645
9.575833333333334,-1.9615
9.57625,-1.9605
9.576666666666666,-1.9601666666666666
9.577083333333333,-1.9631666666666667
9.5775,-1.9758333333333333
9.577916666666667,-1.9931666666666665
9.578333333333333,-2.0096666666666665
9.57875,-2.0218333333333334
9.579166666666667,-2.025166666666667
9.579583333333334,-2.0191666666666666
9.58,-2.0096666666666665
9.580416666666666,-1.9985
9.580833333333333,-1.9943333333333335
9.58125,-1.999666666666667
9.581666666666667,-2.0068333333333332
9.582083333333333,-2.0145
9.5825,-2.0191666666666666
9.582916666666666,-2.0101666666666667
9.583333333333334,-1.9918333333333333
9.58375,-1.969
9.584166666666667,-1.9466666666666665
9.584583333333333,-1.9471666666666667
9.585,-1.9668333333333334
9.585416666666667,-1.9956666666666667
9.585833333333333,-2.0288333333333335
9.58625,-2.0543333333333336
9.586666666666666,-2.0741666666666667
9.587083333333334,-2.0893333333333333
9.5875,-2.1065
9.587916666666667,-2.128
9.588333333333333,-2.154666666666667
9.58875,-2.1906666666666665
9.589166666666667,-2.2186666666666666
9.589583333333334,-2.2356666666666665
9.59,-2.2415
9.590416666666666,-2.2411666666666665
9.590833333333334,-2.248666666666667
9.59125,-2.251333333333333
9.591666666666667,-2.254166666666667
9.592083333333333,-2.2616666666666667
9.5925,-2.2470000000000003
9.592916666666667,-2.2336666666666667
9.593333333333334,-2.215666666666667
9.59375,-2.189166666666667
9.594166666666666,-2.1843333333333335
9.594583333333333,-2.175666666666667
9.595,-2.1766666666666667
9.595416666666667,-2.188
9.595833333333333,-2.190166666666667
9.59625,-2.2108333333333334
9.596666666666666,-2.2318333333333333
9.597083333333334,-2.247666666666667
9.5975,-2.2728333333333333
9.597916666666666,-2.283666666666667
9.598333333333333,-2.2981666666666665
9.59875,-2.3088333333333333
9.599166666666667,-2.311833333333333
9.599583333333333,-2.3153333333333332
9.6,-2.3038333333333334
9.600416666666666,-2.289
9.600833333333334,-2.273
9.60125,-2.2528333333333332
9.601666666666667,-2.2403333333333335
9.602083333333333,-2.237833333333333
9.6025,-2.236333333333333
9.602916666666667,-2.2388333333333335
9.603333333333333,-2.234833333333333
9.60375,-2.2158333333333338
9.604166666666666,-2.1971666666666665
9.604583333333334,-2.187333333333333
9.605,-2.1955
9.605416666666667,-2.2158333333333333
9.605833333333333,-2.2373333333333334
9.60625,-2.273166666666667
9.606666666666667,-2.3035
9.607083333333334,-2.3361666666666667
9.6075,-2.3648333333333333
9.607916666666666,-2.379166666666667
9.608333333333333,-2.3845
9.60875,-2.3666666666666667
9.609166666666667,-2.345333333333333
9.609583333333333,-2.312333333333333
9.61,-2.2836666666666665
9.610416666666667,-2.2778333333333336
9.610833333333334,-2.2866666666666666
9.61125,-2.3055
9.611666666666666,-2.323166666666667
9.612083333333333,-2.325833333333333
9.6125,-2.3233333333333333
9.612916666666667,-2.301833333333333
9.613333333333333,-2.2825
9.61375,-2.278
9.614166666666666,-2.2645
9.614583333333334,-2.2753333333333337
9.615,-2.2775
9.615416666666667,-2.2840000000000003
9.615833333333333,-2.2975
9.61625,-2.298833333333333
9.616666666666667,-2.308666666666667
9.617083333333333,-2.310166666666667
9.6175,-2.311666666666667
9.617916666666666,-2.3160000000000003
9.618333333333334,-2.3051666666666666
9.61875,-2.2968333333333333
9.619166666666667,-2.301
9.619583333333333,-2.3113333333333332
9.62,-2.34
9.620416666666667,-2.368
9.620833333333334,-2.385666666666667
9.62125,-2.401
9.621666666666666,-2.3998333333333335
9.622083333333334,-2.3851666666666667
9.6225,-2.3666666666666667
9.622916666666667,-2.345333333333333
9.623333333333333,-2.341
9.62375,-2.3435
9.624166666666667,-2.3476666666666666
9.624583333333334,-2.3569999999999998
9.625,-2.354
9.625416666666666,-2.3569999999999998
9.625833333333333,-2.3593333333333333
9.62625,-2.359
9.626666666666667,-2.3646666666666665
9.627083333333333,-2.3598333333333334
9.6275,-2.3485
9.627916666666666,-2.3251666666666666
9.628333333333334,-2.299666666666667
9.62875,-2.2868333333333335
9.629166666666666,-2.2906666666666666
9.629583333333333,-2.3135
9.63,-2.3448333333333333
9.630416666666667,-2.3786666666666667
9.630833333333333,-2.405333333333333
9.63125,-2.4215
9.631666666666666,-2.4193333333333333
9.632083333333334,-2.4055
9.6325,-2.3913333333333333
9.632916666666667,-2.3858333333333337
9.633333333333333,-2.3825
9.63375,-2.3743333333333334
9.634166666666667,-2.363166666666667
9.634583333333333,-2.3485
9.635,-2.3386666666666667
9.635416666666666,-2.3296666666666668
9.635833333333334,-2.3273333333333333
9.63625,-2.3251666666666666
9.636666666666667,-2.3245
9.637083333333333,-2.3328333333333333
9.6375,-2.3335000000000004
9.637916666666667,-2.3285
9.638333333333334,-2.3275
9.63875,-2.3383333333333334
9.639166666666666,-2.3493333333333335
9.639583333333333,-2.368
9.64,-2.387
9.640416666666667,-2.3925
9.640833333333333,-2.3961666666666663
9.64125,-2.3898333333333333
9.641666666666667,-2.3855
9.642083333333334,-2.3761666666666668
9.6425,-2.370833333333333
9.642916666666666,-2.3876666666666666
9.643333333333333,-2.4073333333333333
9.64375,-2.4305
9.644166666666667,-2.4618333333333333
9.644583333333333,-2.4856666666666665
9.645,-2.5211666666666663
9.645416666666666,-2.5545
9.645833333333334,-2.5799999999999996
9.64625,-2.6069999999999998
9.646666666666667,-2.611666666666667
9.647083333333333,-2.6168333333333336
9.6475,-2.6031666666666666
9.647916666666667,-2.574
9.648333333333333,-2.5485
9.64875,-2.5216666666666665
9.649166666666666,-2.5083333333333333
9.649583333333334,-2.497666666666667
9.65,-2.4936666666666665
9.650416666666667,-2.4923333333333333
9.650833333333333,-2.4928333333333335
9.65125,-2.488
9.651666666666667,-2.4858333333333333
9.652083333333334,-2.483
9.6525,-2.475
9.652916666666666,-2.486
9.653333333333334,-2.4886666666666666
9.65375,-2.5
9.654166666666667,-2.5141666666666667
9.654583333333333,-2.5258333333333334
9.655,-2.5363333333333333
9.655416666666667,-2.5256666666666665
9.655833333333334,-2.525166666666667
9.65625,-2.5195000000000003
9.656666666666666,-2.5265
9.657083333333333,-2.5446666666666666
9.6575,-2.566333333333333
9.657916666666667,-2.5981666666666667
9.658333333333333,-2.6151666666666666
9.65875,-2.6278333333333332
9.659166666666666,-2.6225
9.659583333333334,-2.614333333333333
9.66,-2.6278333333333332
9.660416666666666,-2.6585
9.660833333333333,-2.6984999999999997
9.66125,-2.7274999999999996
9.661666666666667,-2.7278333333333333
9.662083333333333,-2.7096666666666667
9.6625,-2.6635
9.662916666666666,-2.617
9.663333333333334,-2.590666666666667
9.66375,-2.5835000000000004
9.664166666666667,-2.606
9.664583333333333,-2.6255
9.665,-2.642
9.665416666666667,-2.6311666666666667
9.665833333333333,-2.6001666666666665
9.66625,-2.5608333333333335
9.666666666666666,-2.5161666666666664
9.667083333333334,-2.4981666666666666
9.6675,-2.5020000000000002
9.667916666666667,-2.5284999999999997
9.668333333333333,-2.547333333333333
9.66875,-2.5668333333333333
9.669166666666667,-2.5913333333333335
9.669583333333334,-2.605833333333333
9.67,-2.630333333333333
9.670416666666666,-2.6476666666666664
9.670833333333333,-2.6696666666666666
9.67125,-2.689
9.671666666666667,-2.706
9.672083333333333,-2.725
9.6725,-2.7221666666666664
9.672916666666667,-2.7118333333333333
9.673333333333334,-2.7046666666666668
9.67375,-2.6938333333333335
9.674166666666666,-2.691333333333333
9.674583333333333,-2.688333333333333
9.675,-2.6833333333333336
9.675416666666667,-2.6846666666666668
9.675833333333333,-2.6814999999999998
9.67625,-2.689166666666667
9.676666666666666,-2.6891666666666665
9.677083333333334,-2.6779999999999995
9.6775,-2.6685
9.677916666666667,-2.6488333333333336
9.678333333333333,-2.6331666666666664
9.67875,-2.6298333333333335
9.679166666666667,-2.625166666666667
9.679583333333333,-2.6336666666666666
9.68,-2.6428333333333334
9.680416666666666,-2.6425
9.680833333333334,-2.6425
9.68125,-2.6321666666666665
9.681666666666667,-2.6291666666666664
9.682083333333333,-2.6213333333333333
9.6825,-2.6163333333333334
9.682916666666667,-2.622666666666667
9.683333333333334,-2.6258333333333335
9.68375,-2.6318333333333332
9.684166666666666,-2.6334999999999997
9.684583333333334,-2.645
9.685,-2.6633333333333336
9.685416666666667,-2.6839999999999997
9.685833333333333,-2.698166666666667
9.68625,-2.7015000000000007
9.686666666666667,-2.6944999999999997
9.687083333333334,-2.678666666666667
9.6875,-2.6683333333333334
9.687916666666666,-2.6515
9.688333333333333,-2.6476666666666664
9.68875,-2.6538333333333335
9.689166666666667,-2.6705
9.689583333333333,-2.6779999999999995
9.69,-2.6750000000000003
9.690416666666666,-2.6771666666666665
9.690833333333334,-2.6763333333333335
9.69125,-2.689833333333334
9.691666666666666,-2.705
9.692083333333333,-2.721666666666667
9.6925,-2.7466666666666666
9.692916666666667,-2.7748333333333335
9.693333333333333,-2.8141666666666665
9.69375,-2.845666666666667
9.694166666666666,-2.8716666666666666
9.694583333333334,-2.904333333333333
9.695,-2.922833333333333
9.695416666666667,-2.9453333333333336
9.695833333333333,-2.9600000000000004
9.69625,-2.968
9.696666666666667,-2.968666666666667
9.697083333333333,-2.951333333333333
9.6975,-2.9203333333333332
9.697916666666666,-2.887333333333333
9.698333333333334,-2.8561666666666667
9.69875,-2.831166666666667
9.699166666666667,-2.8185000000000002
9.699583333333333,-2.8063333333333333
9.7,-2.804
9.700416666666667,-2.8068333333333335
9.700833333333334,-2.8065
9.70125,-2.796
9.701666666666666,-2.7775
9.702083333333333,-2.7623333333333338
9.7025,-2.7671666666666668
9.702916666666667,-2.7895000000000003
9.703333333333333,-2.8104999999999998
9.70375,-2.8333333333333335
9.704166666666667,-2.8510000000000004
9.704583333333334,-2.876333333333333
9.705,-2.8958333333333335
9.705416666666666,-2.8994999999999997
9.705833333333333,-2.8935
9.70625,-2.8791666666666664
9.706666666666667,-2.8688333333333333
9.707083333333333,-2.8545000000000003
9.7075,-2.8368333333333333
9.707916666666666,-2.8044999999999995
9.708333333333334,-2.7929999999999997
9.70875,-2.795833333333333
9.709166666666667,-2.7994999999999997
9.709583333333333,-2.816166666666667
9.71,-2.8234999999999997
9.710416666666667,-2.8361666666666667
9.710833333333333,-2.847
9.71125,-2.854833333333333
9.711666666666666,-2.877333333333333
9.712083333333334,-2.8976666666666664
9.7125,-2.9231666666666665
9.712916666666667,-2.9463333333333335
9.713333333333333,-2.952
9.71375,-2.9531666666666667
9.714166666666667,-2.9475000000000002
9.714583333333334,-2.946
9.715,-2.9448333333333334
9.715416666666666,-2.9506666666666668
9.715833333333334,-2.957666666666667
9.71625,-2.9661666666666666
9.716666666666667,-2.970333333333333
9.717083333333333,-2.9581666666666666
9.7175,-2.9488333333333334
9.717916666666667,-2.919333333333334
9.718333333333334,-2.8891666666666667
9.71875,-2.8619999999999997
9.719166666666666,-2.8375
9.719583333333333,-2.827666666666667
9.72,-2.8368333333333333
9.720416666666667,-2.863
9.720833333333333,-2.8966666666666665
9.72125,-2.9218333333333333
9.721666666666666,-2.942
9.722083333333334,-2.9683333333333333
9.7225,-2.968
9.722916666666666,-2.9698333333333333
9.723333333333333,-2.9614999999999996
9.72375,-2.941666666666667
9.724166666666667,-2.927666666666667
9.724583333333333,-2.9011666666666667
9.725,-2.8755
9.725416666666666,-2.8545
9.725833333333334,-2.8511666666666664
9.72625,-2.874166666666667
9.726666666666667,-2.9146666666666667
9.727083333333333,-2.961
9.7275,-3.0058333333333334
9.727916666666667,-3.0355000000000003
9.728333333333333,-3.0378333333333334
9.72875,-3.0199999999999996
9.729166666666666,-2.9936666666666665
9.729583333333334,-2.975333333333334
9.73,-2.977833333333333
9.730416666666667,-2.987
9.730833333333333,-3.015833333333333
9.73125,-3.0493333333333332
9.731666666666667,-3.064833333333334
9.732083333333334,-3.083
9.7325,-3.0926666666666662
9.732916666666666,-3.0915
9.733333333333333,-3.081666666666667
9.73375,-3.060333333333334
9.734166666666667,-3.0376666666666665
9.734583333333333,-3.007333333333333
9.735,-2.980166666666667
9.735416666666667,-2.9675
9.735833333333334,-2.950833333333333
9.73625,-2.954166666666667
9.736666666666666,-2.9723333333333333
9.737083333333333,-2.991
9.7375,-3.0141666666666667
9.737916666666667,-3.0284999999999997
9.738333333333333,-3.045166666666667
9.73875,-3.0581666666666663
9.739166666666666,-3.0461666666666667
9.739583333333334,-3.0216666666666665
9.74,-2.9865
9.740416666666667,-2.9538333333333333
9.740833333333333,-2.9480000000000004
9.74125,-2.9545
9.741666666666667,-2.974833333333333
9.742083333333333,-3.0005
9.7425,-3.026
9.742916666666666,-3.0533333333333332
9.743333333333334,-3.0741666666666667
9.74375,-3.0928333333333335
9.744166666666667,-3.1151666666666666
9.744583333333333,-3.1343333333333327
9.745,-3.1479999999999997
9.745416666666667,-3.1479999999999997
9.745833333333334,-3.1325
9.74625,-3.1048333333333336
9.746666666666666,-3.083166666666667
9.747083333333334,-3.0705000000000005
9.7475,-3.0593333333333335
9.747916666666667,-3.061833333333333
9.748333333333333,-3.0598333333333336
9.74875,-3.0716666666666668
9.749166666666667,-3.083166666666667
9.749583333333334,-3.0846666666666667
9.75,-3.0873333333333335
9.750416666666666,-3.065
9.750833333333333,-3.042333333333333
9.75125,-3.012
9.751666666666667,-2.985333333333333
9.752083333333333,-2.985
9.7525,-3.0026666666666664
9.752916666666666,-3.052166666666667
9.753333333333334,-3.1078333333333332
9.75375,-3.1521666666666666
9.754166666666666,-3.177166666666667
9.754583333333333,-3.1803333333333335
9.755,-3.1566666666666663
9.755416666666667,-3.1198333333333337
9.755833333333333,-3.087666666666667
9.75625,-3.0598333333333336
9.756666666666666,-3.054166666666667
9.757083333333334,-3.063
9.7575,-3.0834999999999995
9.757916666666667,-3.111333333333333
9.758333333333333,-3.143333333333333
9.75875,-3.169833333333333
9.759166666666667,-3.186666666666667
9.759583333333333,-3.1886666666666663
9.76,-3.1793333333333336
9.760416666666666,-3.175333333333333
9.760833333333334,-3.1675000000000004
9.76125,-3.165333333333333
9.761666666666667,-3.163
9.762083333333333,-3.1591666666666662
9.7625,-3.176666666666667
9.762916666666667,-3.204833333333333
9.763333333333334,-3.2319999999999998
9.76375,-3.2596666666666665
9.764166666666666,-3.2754999999999996
9.764583333333333,-3.279666666666667
9.765,-3.2721666666666667
9.765416666666667,-3.25
9.765833333333333,-3.2261666666666664
9.76625,-3.2108333333333334
9.766666666666667,-3.2075
9.767083333333334,-3.2198333333333338
9.7675,-3.2258333333333327
9.767916666666666,-3.2305000000000006
9.768333333333333,-3.233
9.76875,-3.2159999999999997
9.769166666666667,-3.1951666666666667
9.769583333333333,-3.169333333333333
9.77,-3.153
9.770416666666666,-3.1476666666666673
9.770833333333334,-3.1625
9.77125,-3.188
9.771666666666667,-3.2121666666666666
9.772083333333333,-3.2396666666666665
9.7725,-3.2560000000000002
9.772916666666667,-3.261833333333333
9.773333333333333,-3.247833333333333
9.77375,-3.2271666666666667
9.774166666666666,-3.1966666666666668
9.774583333333334,-3.1650000000000005
9.775,-3.1296666666666666
9.775416666666667,-3.1026666666666665
9.775833333333333,-3.0981666666666663
9.77625,-3.106833333333334
9.776666666666667,-3.1491666666666664
9.777083333333334,-3.1875
9.7775,-3.2274999999999996
9.777916666666666,-3.2585
9.778333333333334,-3.2586666666666666
9.77875,-3.2483333333333335
9.779166666666667,-3.218
9.779583333333333,-3.1845
9.78,-3.1668333333333334
9.780416666666667,-3.158166666666667
9.780833333333334,-3.16
9.78125,-3.1749999999999994
9.781666666666666,-3.198833333333333
9.782083333333333,-3.2306666666666666
9.7825,-3.2566666666666664
9.782916666666667,-3.278666666666666
9.783333333333333,-3.2955
9.78375,-3.3093333333333335
9.784166666666666,-3.3160000000000003
9.784583333333334,-3.3191666666666664
9.785,-3.3195
9.785416666666666,-3.3113333333333332
9.785833333333333,-3.295666666666667
9.78625,-3.2686666666666664
9.786666666666667,-3.249
9.787083333333333,-3.224
9.7875,-3.2079999999999997
9.787916666666666,-3.205166666666667
9.788333333333334,-3.214666666666666
9.78875,-3.242666666666667
9.789166666666667,-3.2610000000000006
9.789583333333333,-3.2805
9.79,-3.287333333333333
9.790416666666667,-3.2936666666666667
9.790833333333333,-3.308
9.79125,-3.3205000000000005
9.791666666666666,-3.3351666666666664
9.792083333333334,-3.3535000000000004
9.7925,-3.3698333333333337
9.792916666666667,-3.3646666666666665
9.793333333333333,-3.3518333333333334
9.79375,-3.332333333333333
9.794166666666667,-3.3234999999999997
9.794583333333334,-3.3335000000000004
9.795,-3.3455
9.795416666666666,-3.363
9.795833333333333,-3.377166666666666
9.79625,-3.3881666666666668
9.796666666666667,-3.3915
9.797083333333333,-3.3745
9.7975,-3.3554999999999997
9.797916666666667,-3.3398333333333334
9.798333333333334,-3.3256666666666668
9.79875,-3.324333333333333
9.799166666666666,-3.331166666666667
9.799583333333333,-3.3446666666666665
9.8,-3.3663333333333334
9.800416666666667,-3.385666666666667
9.800833333333333,-3.401
9.80125,-3.4034999999999997
9.801666666666666,-3.3850000000000002
9.802083333333334,-3.362166666666667
9.8025,-3.337166666666666
9.802916666666667,-3.3195
9.803333333333333,-3.315
9.80375,-3.3186666666666667
9.804166666666667,-3.3366666666666664
9.804583333333333,-3.3588333333333336
9.805,-3.3859999999999997
9.805416666666666,-3.404833333333334
9.805833333333334,-3.4101666666666666
9.80625,-3.4116666666666666
9.806666666666667,-3.406166666666666
9.807083333333333,-3.3958333333333335
9.8075,-3.3795
9.807916666666667,-3.3595
9.808333333333334,-3.3475
9.80875,-3.345
9.809166666666666,-3.3341666666666665
9.809583333333334,-3.3221666666666665
9.81,-3.3171666666666666
9.810416666666667,-3.3160000000000003
9.810833333333333,-3.324666666666667
9.81125,-3.329833333333333
9.811666666666667,-3.3516666666666666
9.812083333333334,-3.3846666666666665
9.8125,-3.4168333333333334
9.812916666666666,-3.4499999999999997
9.813333333333333,-3.450833333333333
9.81375,-3.4446666666666665
9.814166666666667,-3.4323333333333337
9.814583333333333,-3.414
9.815,-3.4043333333333337
9.815416666666666,-3.4021666666666666
9.815833333333334,-3.404666666666667
9.81625,-3.407666666666666
9.816666666666666,-3.3938333333333333
9.817083333333333,-3.3681666666666668
9.8175,-3.347
9.817916666666667,-3.3281666666666667
9.818333333333333,-3.335666666666667
9.81875,-3.3401666666666667
9.819166666666666,-3.3705
9.819583333333334,-3.4185
9.82,-3.4508333333333336
9.820416666666667,-3.49
9.820833333333333,-3.512
9.82125,-3.5375
9.821666666666667,-3.564
9.822083333333333,-3.576166666666667
9.8225,-3.5828333333333333
9.822916666666666,-3.5773333333333333
9.823333333333334,-3.574666666666667
9.82375,-3.5715000000000003
9.824166666666667,-3.5613333333333332
9.824583333333333,-3.5568333333333335
9.825,-3.5538333333333334
9.825416666666667,-3.5544999999999995
9.825833333333334,-3.564
9.82625,-3.5745000000000005
9.826666666666666,-3.578666666666667
9.827083333333333,-3.5846666666666667
9.8275,-3.5841666666666665
9.827916666666667,-3.5718333333333336
9.828333333333333,-3.560333333333334
9.82875,-3.5511666666666666
9.829166666666667,-3.5489999999999995
9.829583333333334,-3.5568333333333335
9.83,-3.5701666666666667
9.830416666666666,-3.589
9.830833333333333,-3.5996666666666663
9.83125,-3.5996666666666663
9.831666666666667,-3.5995000000000004
9.832083333333333,-3.5861666666666667
9.8325,-3.581
9.832916666666666,-3.5781666666666667
9.833333333333334,-3.5698333333333334
9.83375,-3.569333333333334
9.834166666666667,-3.561
9.834583333333333,-3.5708333333333333
9.835,-3.598333333333333
9.835416666666667,-3.637333333333333
9.835833333333333,-3.6863333333333332
9.83625,-3.720333333333333
9.836666666666666,-3.738
9.837083333333334,-3.7231666666666663
9.8375,-3.6846666666666663
9.837916666666667,-3.6286666666666663
9.838333333333333,-3.564833333333333
9.83875,-3.5276666666666667
9.839166666666667,-3.512833333333333
9.839583333333334,-3.5305
9.84,-3.558
9.840416666666666,-3.5905
9.840833333333334,-3.6168333333333336
9.84125,-3.624333333333334
9.841666666666667,-3.6303333333333327
9.842083333333333,-3.6265
9.8425,-3.6295
9.842916666666667,-3.6395
9.843333333333334,-3.6615
9.84375,-3.6865
9.844166666666666,-3.7104999999999997
9.844583333333333,-3.72
9.845,-3.7178333333333335
9.845416666666667,-3.705833333333333
9.845833333333333,-3.688
9.84625,-3.678666666666667
9.846666666666666,-3.6481666666666666
9.847083333333334,-3.6246666666666663
9.8475,-3.595166666666666
9.847916666666666,-3.564333333333334
9.848333333333333,-3.5531666666666673
9.84875,-3.544
9.849166666666667,-3.552666666666667
9.849583333333333,-3.5593333333333335
9.85,-3.564833333333333
9.850416666666666,-3.58
9.850833333333334,-3.5868333333333333
9.85125,-3.6035
9.851666666666667,-3.628
9.852083333333333,-3.6541666666666663
9.8525,-3.6865
9.852916666666667,-3.717
9.853333333333333,-3.747833333333334
9.85375,-3.765166666666667
9.854166666666666,-3.7753333333333337
9.854583333333334,-3.7838333333333334
9.855,-3.7776666666666663
9.855416666666667,-3.7545
9.855833333333333,-3.719
9.85625,-3.6831666666666667
9.856666666666667,-3.660833333333333
9.857083333333334,-3.6515
9.8575,-3.640166666666667
9.857916666666666,-3.6218333333333335
9.858333333333333,-3.5866666666666664
9.85875,-3.531166666666666
9.859166666666667,-3.470333333333334
9.859583333333333,-3.409333333333333
9.86,-3.3798333333333335
9.860416666666667,-3.3943333333333334
9.860833333333334,-3.4341666666666666
9.86125,-3.4908333333333332
9.861666666666666,-3.5446666666666666
9.862083333333333,-3.5896666666666666
9.8625,-3.622666666666666
9.862916666666667,-3.633333333333333
9.863333333333333,-3.634
9.86375,-3.6298333333333335
9.864166666666666,-3.6191666666666666
9.864583333333334,-3.6173333333333333
9.865,-3.6195
9.865416666666667,-3.6310000000000002
9.865833333333333,-3.654666666666666
9.86625,-3.680166666666667
9.866666666666667,-3.7086666666666672
9.867083333333333,-3.7243333333333335
9.8675,-3.7365
9.867916666666666,-3.7456666666666663
9.868333333333334,-3.7343333333333333
9.86875,-3.7176666666666667
9.869166666666667,-3.6971666666666665
9.869583333333333,-3.674166666666667
9.87,-3.6528333333333336
9.870416666666667,-3.626333333333333
9.870833333333334,-3.6163333333333334
9.87125,-3.6195
9.871666666666666,-3.6231666666666666
9.872083333333334,-3.641166666666667
9.8725,-3.6491666666666664
9.872916666666667,-3.6555
9.873333333333333,-3.6764999999999994
9.87375,-3.702666666666667
9.874166666666667,-3.7401666666666666
9.874583333333334,-3.7731666666666666
9.875,-3.7921666666666667
9.875416666666666,-3.8019999999999996
9.875833333333333,-3.787833333333333
9.87625,-3.769666666666667
9.876666666666667,-3.7561666666666667
9.877083333333333,-3.738166666666667
9.8775,-3.723333333333333
9.877916666666666,-3.717
9.878333333333334,-3.7093333333333334
9.87875,-3.7005
9.879166666666666,-3.6923333333333335
9.879583333333333,-3.685166666666667
9.88,-3.697833333333333
9.880416666666667,-3.717333333333334
9.880833333333333,-3.7441666666666666
9.88125,-3.7631666666666668
9.881666666666666,-3.758833333333333
9.882083333333334,-3.7443333333333335
9.8825,-3.722
9.882916666666667,-3.701
9.883333333333333,-3.6863333333333337
9.88375,-3.689
9.884166666666667,-3.7078333333333333
9.884583333333333,-3.735333333333333
9.885,-3.7555
9.885416666666666,-3.7501666666666664
9.885833333333334,-3.7241666666666666
9.88625,-3.6816666666666666
9.886666666666667,-3.6333333333333333
9.887083333333333,-3.597
9.8875,-3.5826666666666664
9.887916666666667,-3.5868333333333333
9.888333333333334,-3.6124999999999994
9.88875,-3.6458333333333335
9.889166666666666,-3.670833333333333
9.889583333333333,-3.688
9.89,-3.699833333333333
9.890416666666667,-3.714166666666667
9.890833333333333,-3.7273333333333327
9.89125,-3.7449999999999997
9.891666666666667,-3.7728333333333333
9.892083333333334,-3.795166666666667
9.8925,-3.822833333333333
9.892916666666666,-3.8381666666666665
9.893333333333333,-3.8324999999999996
9.89375,-3.8104999999999998
9.894166666666667,-3.7663333333333333
9.894583333333333,-3.740166666666667
9.895,-3.7128333333333337
9.895416666666666,-3.704833333333333
9.895833333333334,-3.7136666666666667
9.89625,-3.7176666666666662
9.896666666666667,-3.740166666666667
9.897083333333333,-3.7479999999999998
9.8975,-3.752166666666666
9.897916666666667,-3.7573333333333334
9.898333333333333,-3.753666666666667
9.89875,-3.7503333333333337
9.899166666666666,-3.7486666666666664
9.899583333333334,-3.7451666666666674
9.9,-3.7466666666666666
9.900416666666667,-3.7560000000000002
9.900833333333333,-3.7731666666666666
9.90125,-3.7936666666666667
9.901666666666667,-3.813166666666667
9.902083333333334,-3.825333333333333
9.9025,-3.8251666666666666
9.902916666666666,-3.8093333333333335
9.903333333333334,-3.7878333333333334
9.90375,-3.786
9.904166666666667,-3.779
9.904583333333333,-3.7776666666666663
9.905,-3.7729999999999997
9.905416666666667,-3.755333333333333
9.905833333333334,-3.7573333333333334
9.90625,-3.7513333333333336
9.906666666666666,-3.7486666666666664
9.907083333333333,-3.7551666666666663
9.9075,-3.757
9.907916666666667,-3.7641666666666667
9.908333333333333,-3.7631666666666668
9.90875,-3.7611666666666665
9.909166666666666,-3.7626666666666666
9.909583333333334,-3.773
9.91,-3.7925000000000004
9.910416666666666,-3.808
9.910833333333333,-3.811833333333333
9.91125,-3.8125
9.911666666666667,-3.804
9.912083333333333,-3.7893333333333334
9.9125,-3.7821666666666665
9.912916666666666,-3.783
9.913333333333334,-3.8000000000000003
9.91375,-3.8331666666666666
9.914166666666667,-3.880333333333333
9.914583333333333,-3.9316666666666666
9.915,-3.9713333333333334
9.915416666666667,-4.001666666666666
9.915833333333333,-4.0035
9.91625,-3.9766666666666666
9.916666666666666,-3.9318333333333335
9.917083333333334,-3.8786666666666663
9.9175,-3.8216666666666668
9.917916666666667,-3.7736666666666667
9.918333333333333,-3.751
9.91875,-3.736333333333333
9.919166666666667,-3.739666666666667
9.919583333333334,-3.7488333333333337
9.92,-3.7590000000000003
9.920416666666666,-3.7701666666666664
9.920833333333333,-3.7726666666666664
9.92125,-3.7769999999999997
9.921666666666667,-3.7845
9.922083333333333,-3.790333333333333
9.9225,-3.808
9.922916666666667,-3.8218333333333336
9.923333333333334,-3.825333333333333
9.92375,-3.8339999999999996
9.924166666666666,-3.8408333333333338
9.924583333333333,-3.855
9.925,-3.8648333333333333
9.925416666666667,-3.8800000000000003
9.925833333333333,-3.8955
9.92625,-3.9028333333333336
9.926666666666666,-3.9045
9.927083333333334,-3.8853333333333335
9.9275,-3.8575000000000004
9.927916666666667,-3.825333333333333
9.928333333333333,-3.8044999999999995
9.92875,-3.7985
9.929166666666667,-3.8046666666666664
9.929583333333333,-3.836
9.93,-3.876
9.930416666666666,-3.9235
9.930833333333334,-3.966833333333333
9.93125,-3.988666666666667
9.931666666666667,-3.9889999999999994
9.932083333333333,-3.9653333333333336
9.9325,-3.9338333333333337
9.932916666666667,-3.904166666666667
9.933333333333334,-3.8775
9.93375,-3.8668333333333336
9.934166666666666,-3.8718333333333335
9.934583333333334,-3.8845000000000005
9.935,-3.9075
9.935416666666667,-3.9273333333333333
9.935833333333333,-3.939666666666667
9.93625,-3.9441666666666664
9.936666666666667,-3.929
9.937083333333334,-3.907
9.9375,-3.8761666666666663
9.937916666666666,-3.8495000000000004
9.938333333333333,-3.8465000000000003
9.93875,-3.8608333333333333
9.939166666666667,-3.893333333333333
9.939583333333333,-3.9258333333333333
9.94,-3.949
9.940416666666666,-3.9539999999999993
9.940833333333334,-3.9250000000000003
9.94125,-3.8831666666666664
9.941666666666666,-3.8513333333333333
9.942083333333333,-3.829833333333333
9.9425,-3.8343333333333334
9.942916666666667,-3.863666666666667
9.943333333333333,-3.8990000000000005
9.94375,-3.9324999999999997
9.944166666666666,-3.9338333333333337
9.944583333333334,-3.906166666666666
9.945,-3.862666666666667
9.945416666666667,-3.8111666666666664
9.945833333333333,-3.7805
9.94625,-3.7711666666666663
9.946666666666667,-3.776666666666667
9.947083333333333,-3.8009999999999997
9.9475,-3.831666666666667
9.947916666666666,-3.8493333333333326
9.948333333333334,-3.8624999999999994
9.94875,-3.859166666666667
9.949166666666667,-3.8543333333333334
9.949583333333333,-3.8654999999999995
9.95,-3.8906666666666667
9.950416666666667,-3.926833333333333
9.950833333333334,-3.9428333333333327
9.95125,-3.9436666666666667
9.951666666666666,-3.9225
9.952083333333333,-3.890333333333333
9.9525,-3.856
9.952916666666667,-3.8211666666666666
9.953333333333333,-3.8014999999999994
9.95375,-3.7936666666666667
9.954166666666667,-3.8166666666666664
9.954583333333334,-3.8565000000000005
9.955,-3.8841666666666668
9.955416666666666,-3.9118333333333335
9.955833333333333,-3.9435000000000002
9.95625,-3.971
9.956666666666667,-3.996
9.957083333333333,-3.9979999999999998
9.9575,-3.9883333333333333
9.957916666666666,-3.964666666666666
9.958333333333334,-3.9326666666666665
9.95875,-3.9026666666666667
9.959166666666667,-3.8654999999999995
9.959583333333333,-3.8396666666666666
9.96,-3.825833333333333
9.960416666666667,-3.831166666666667
9.960833333333333,-3.8493333333333335
9.96125,-3.8746666666666663
9.961666666666666,-3.906333333333334
9.962083333333334,-3.9339999999999997
9.9625,-3.952666666666667
9.962916666666667,-3.9579999999999997
9.963333333333333,-3.955833333333333
9.96375,-3.9411666666666663
9.964166666666667,-3.919833333333333
9.964583333333334,-3.9026666666666667
9.965,-3.8836666666666666
9.965416666666666,-3.8813333333333335
9.965833333333334,-3.8791666666666664
9.96625,-3.8825000000000003
9.966666666666667,-3.891833333333333
9.967083333333333,-3.89
9.9675,-3.893333333333333
9.967916666666667,-3.893333333333333
9.968333333333334,-3.896333333333333
9.96875,-3.8994999999999997
9.969166666666666,-3.8981666666666666
9.969583333333333,-3.8998333333333335
9.97,-3.899666666666667
9.970416666666667,-3.9055
9.970833333333333,-3.9175
9.97125,-3.9309999999999996
9.971666666666666,-3.9468333333333327
9.972083333333334,-3.9599999999999995
9.9725,-3.9743333333333335
9.972916666666666,-3.983833333333333
9.973333333333333,-3.984
9.97375,-3.982333333333333
9.974166666666667,-3.981333333333333
9.974583333333333,-3.9771666666666667
9.975,-3.973333333333333
9.975416666666666,-3.9581666666666666
9.975833333333334,-3.935666666666666
9.97625,-3.9266666666666663
9.976666666666667,-3.918333333333333
9.977083333333333,-3.9291666666666667
9.9775,-3.954333333333333
9.977916666666667,-3.973333333333333
9.978333333333333,-4.001
9.97875,-4.014833333333333
9.979166666666666,-4.0155
9.979583333333334,-4.0136666666666665
9.98,-3.999
9.980416666666667,-3.9985
9.980833333333333,-4.006666666666667
9.98125,-4.0151666666666666
9.981666666666667,-4.0285
9.982083333333334,-4.0328333333333335
9.9825,-4.039000000000001
9.982916666666666,-4.048166666666667
9.983333333333333,-4.057833333333334
9.98375,-4.072166666666667
9.984166666666667,-4.081333333333333
9.984583333333333,-4.074166666666667
9.985,-4.055
9.985416666666667,-4.0215
9.985833333333334,-3.984833333333333
9.98625,-3.9553333333333334
9.986666666666666,-3.943333333333334
9.987083333333333,-3.9465
9.9875,-3.9589999999999996
9.987916666666667,-3.9760000000000004
9.988333333333333,-3.997
9.98875,-4.0296666666666665
9.989166666666666,-4.06
9.989583333333334,-4.096
9.99,-4.124333333333333
9.990416666666667,-4.138333333333333
9.990833333333333,-4.140000000000001
9.99125,-4.1305000000000005
9.991666666666667,-4.105166666666666
9.992083333333333,-4.076833333333333
9.9925,-4.0515
9.992916666666666,-4.027166666666667
9.993333333333334,-4.016333333333333
9.99375,-4.003833333333334
9.994166666666667,-4.0065
9.994583333333333,-4.0145
9.995,-4.031333333333333
9.995416666666667,-4.046833333333333
9.995833333333334,-4.040666666666667
9.99625,-4.012666666666667
9.996666666666666,-3.9745000000000004
9.997083333333334,-3.9376666666666664
9.9975,-3.9053333333333335
9.997916666666667,-3.9045
9.998333333333333,-3.9239999999999995
9.99875,-3.964
9.999166666666667,-4.015833333333333
9.999583333333334,-4.054666666666667
10.0,-4.079833333333333
10.000416666666666,-4.082
10.000833333333333,-4.0745000000000005
10.00125,-4.0648333333333335
10.001666666666667,-4.058333333333334
10.002083333333333,-4.070666666666667
10.0025,-4.084833333333333
10.002916666666666,-4.110833333333333
10.003333333333334,-4.141666666666667
10.00375,-4.1658333333333335
10.004166666666666,-4.182166666666667
10.004583333333333,-4.1818333333333335
10.005,-4.1626666666666665
10.005416666666667,-4.128166666666666
10.005833333333333,-4.075166666666667
10.00625,-4.019333333333333
10.006666666666666,-3.9748333333333328
10.007083333333334,-3.948166666666667
10.0075,-3.952
10.007916666666667,-3.9615000000000005
10.008333333333333,-3.9781666666666666
10.00875,-3.9898333333333333
10.009166666666667,-3.9854999999999996
10.009583333333333,-3.9736666666666665
10.01,-3.9589999999999996
10.010416666666666,-3.9531666666666667
10.010833333333334,-3.9586666666666672
10.01125,-3.9675
10.011666666666667,-3.9696666666666665
10.012083333333333,-3.9628333333333337
10.0125,-3.9554999999999993
10.012916666666667,-3.9506666666666668
10.013333333333334,-3.9629999999999996
10.01375,-3.985
10.014166666666666,-4.010000000000001
10.014583333333333,-4.032166666666666
10.015,-4.025166666666666
10.015416666666667,-4.0065
10.015833333333333,-3.9716666666666662
10.01625,-3.9410000000000003
10.016666666666667,-3.9239999999999995
10.017083333333334,-3.9088333333333334
10.0175,-3.9170000000000003
10.017916666666666,-3.9324999999999997
10.018333333333333,-3.9465000000000003
10.01875,-3.9626666666666672
10.019166666666667,-3.982666666666667
10.019583333333333,-4.001666666666667
10.02,-4.024666666666667
10.020416666666666,-4.035333333333334
10.020833333333334,-4.047166666666667
10.02125,-4.053999999999999
10.021666666666667,-4.0465
10.022083333333333,-4.0485
10.0225,-4.0456666666666665
10.022916666666667,-4.0545
10.023333333333333,-4.066166666666667
10.02375,-4.082166666666667
10.024166666666666,-4.095666666666667
10.024583333333334,-4.0968333333333335
10.025,-4.107
10.025416666666667,-4.1160000000000005
10.025833333333333,-4.123333333333333
10.02625,-4.130333333333334
10.026666666666667,-4.125166666666667
10.027083333333334,-4.115333333333333
10.0275,-4.103666666666666
10.027916666666666,-4.0955
10.028333333333334,-4.0985000000000005
10.02875,-4.1025
10.029166666666667,-4.112333333333333
10.029583333333333,-4.129166666666666
10.03,-4.142333333333333
10.030416666666667,-4.1505
10.030833333333334,-4.155
10.03125,-4.155
10.031666666666666,-4.159166666666667
10.032083333333333,-4.165166666666667
10.0325,-4.1555
10.032916666666667,-4.1325
10.033333333333333,-4.098166666666667
10.03375,-4.059333333333334
10.034166666666666,-4.0376666666666665
10.034583333333334,-4.024166666666667
10.035,-4.022833333333334
10.035416666666666,-4.038666666666667
10.035833333333333,-4.054166666666666
10.03625,-4.072500000000001
10.036666666666667,-4.084666666666667
10.037083333333333,-4.096333333333333
10.0375,-4.0995
10.037916666666666,-4.103666666666666
10.038333333333334,-4.1035
10.03875,-4.093333333333334
10.039166666666667,-4.09
10.039583333333333,-4.074
10.04,-4.068333333333333
10.040416666666667,-4.0515
10.040833333333333,-4.029333333333334
10.04125,-4.022166666666667
10.041666666666666,-4.012
10.042083333333334,-4.026166666666667
10.0425,-4.046333333333333
10.042916666666667,-4.068833333333333
10.043333333333333,-4.1005
10.04375,-4.110666666666667
10.044166666666667,-4.114833333333333
10.044583333333334,-4.111833333333333
10.045,-4.107
10.045416666666666,-4.120666666666667
10.045833333333333,-4.131666666666667
10.04625,-4.143833333333333
10.046666666666667,-4.1505
10.047083333333333,-4.144
10.0475,-4.138833333333333
10.047916666666667,-4.1325
10.048333333333334,-4.133500000000001
10.04875,-4.143666666666667
10.049166666666666,-4.1565
10.049583333333333,-4.165
10.05,-4.155666666666667
10.050416666666667,-4.134166666666666
10.050833333333333,-4.109
10.05125,-4.090833333333333
10.051666666666666,-4.087
10.052083333333334,-4.104166666666667
10.0525,-4.133500000000001
10.052916666666667,-4.153833333333334
10.053333333333333,-4.166166666666666
10.05375,-4.172166666666667
10.054166666666667,-4.170833333333333
10.054583333333333,-4.172166666666667
10.055,-4.184166666666667
10.055416666666666,-4.206333333333333
10.055833333333334,-4.233499999999999
10.05625,-4.258666666666667
10.056666666666667,-4.272333333333333
10.057083333333333,-4.271333333333334
10.0575,-4.263000000000001
10.057916666666667,-4.249833333333333
10.058333333333334,-4.239666666666667
10.05875,-4.237
10.059166666666666,-4.243666666666667
10.059583333333334,-4.252666666666666
10.06,-4.259666666666667
10.060416666666667,-4.247666666666667
10.060833333333333,-4.229333333333333
10.06125,-4.210166666666667
10.061666666666667,-4.188166666666667
10.062083333333334,-4.168166666666667
10.0625,-4.1505
10.062916666666666,-4.152
10.063333333333333,-4.164000000000001
10.06375,-4.178333333333334
10.064166666666667,-4.1895
10.064583333333333,-4.192833333333334
10.065,-4.186833333333333
10.065416666666666,-4.174499999999999
10.065833333333334,-4.153666666666666
10.06625,-4.1295
10.066666666666666,-4.101666666666667
10.067083333333333,-4.0805
10.0675,-4.067333333333333
10.067916666666667,-4.067833333333334
10.068333333333333,-4.0765
10.06875,-4.094166666666666
10.069166666666666,-4.128166666666666
10.069583333333334,-4.156333333333333
10.07,-4.183333333333334
10.070416666666667,-4.209666666666667
10.070833333333333,-4.227166666666666
10.07125,-4.225833333333333
10.071666666666667,-4.211333333333333
10.072083333333333,-4.193666666666666
10.0725,-4.163166666666666
10.072916666666666,-4.134833333333333
10.073333333333334,-4.111666666666667
10.07375,-4.092
10.074166666666667,-4.083833333333334
10.074583333333333,-4.0761666666666665
10.075,-4.079666666666667
10.075416666666667,-4.079833333333333
10.075833333333334,-4.072500000000001
10.07625,-4.074833333333333
10.076666666666666,-4.0715
10.077083333333333,-4.072833333333333
10.0775,-4.080166666666667
10.077916666666667,-4.086333333333333
10.078333333333333,-4.1065
10.07875,-4.1226666666666665
10.079166666666667,-4.132833333333333
10.079583333333334,-4.143666666666667
10.08,-4.141333333333333
10.080416666666666,-4.139833333333333
10.080833333333333,-4.1305000000000005
10.08125,-4.1209999999999996
10.081666666666667,-4.117333333333334
10.082083333333333,-4.107833333333333
10.0825,-4.109666666666667
10.082916666666666,-4.1049999999999995
10.083333333333334,-4.105166666666666
10.08375,-4.108333333333333
10.084166666666667,-4.1155
10.084583333333333,-4.130166666666667
10.085,-4.1418333333333335
10.085416666666667,-4.154166666666667
10.085833333333333,-4.1593333333333335
10.08625,-4.173666666666667
10.086666666666666,-4.181166666666666
10.087083333333334,-4.1795
10.0875,-4.1770000000000005
10.087916666666667,-4.168666666666667
10.088333333333333,-4.1575
10.08875,-4.136333333333333
10.089166666666667,-4.110166666666667
10.089583333333334,-4.081166666666666
10.09,-4.0568333333333335
10.090416666666666,-4.043500000000001
10.090833333333334,-4.041
10.09125,-4.033833333333333
10.091666666666667,-4.046333333333333
10.092083333333333,-4.077166666666667
10.0925,-4.109000000000001
10.092916666666667,-4.139166666666667
10.093333333333334,-4.1445
10.09375,-4.135000000000001
10.094166666666666,-4.117500000000001
10.094583333333333,-4.1025
10.095,-4.099333333333333
10.095416666666667,-4.1085
10.095833333333333,-4.135833333333333
10.09625,-4.174833333333333
10.096666666666666,-4.205
10.097083333333334,-4.22
10.0975,-4.2135
10.097916666666666,-4.197166666666667
10.098333333333333,-4.185666666666667
10.09875,-4.177499999999999
10.099166666666667,-4.182333333333333
10.099583333333333,-4.1851666666666665
10.1,-4.187
10.100416666666666,-4.1865
10.100833333333334,-4.172166666666667
10.10125,-4.164333333333333
10.101666666666667,-4.159666666666666
10.102083333333333,-4.167333333333333
10.1025,-4.1819999999999995
10.102916666666667,-4.195666666666667
10.103333333333333,-4.2218333333333335
10.10375,-4.2410000000000005
10.104166666666666,-4.249333333333333
10.104583333333334,-4.245833333333334
10.105,-4.231333333333333
10.105416666666667,-4.2205
10.105833333333333,-4.218833333333333
10.10625,-4.230666666666667
10.106666666666667,-4.260833333333333
10.107083333333334,-4.2945
10.1075,-4.334499999999999
10.107916666666666,-4.360500000000001
10.108333333333333,-4.355833333333333
10.10875,-4.3374999999999995
10.109166666666667,-4.308166666666667
10.109583333333333,-4.284833333333333
10.11,-4.259666666666667
10.110416666666667,-4.242
10.110833333333334,-4.243333333333333
10.11125,-4.2443333333333335
10.111666666666666,-4.241666666666667
10.112083333333333,-4.230333333333333
10.1125,-4.212666666666666
10.112916666666667,-4.1963333333333335
10.113333333333333,-4.1898333333333335
10.11375,-4.190833333333334
10.114166666666666,-4.195833333333333
10.114583333333334,-4.203833333333333
10.115,-4.219833333333333
10.115416666666667,-4.237666666666667
10.115833333333333,-4.251
10.11625,-4.2651666666666666
10.116666666666667,-4.272666666666667
10.117083333333333,-4.283333333333334
10.1175,-4.295000000000001
10.117916666666666,-4.306
10.118333333333334,-4.320166666666666
10.11875,-4.322333333333334
10.119166666666667,-4.3245
10.119583333333333,-4.323666666666667
10.12,-4.317333333333333
10.120416666666667,-4.309166666666666
10.120833333333334,-4.273499999999999
10.12125,-4.241333333333333
10.121666666666666,-4.209833333333333
10.122083333333334,-4.187166666666666
10.1225,-4.198333333333333
10.122916666666667,-4.203166666666667
10.123333333333333,-4.221666666666667
10.12375,-4.239999999999999
10.124166666666667,-4.2425
10.124583333333334,-4.238166666666667
10.125,-4.204666666666667
10.125416666666666,-4.176833333333334
10.125833333333333,-4.160166666666666
10.12625,-4.149166666666667
10.126666666666667,-4.171166666666667
10.127083333333333,-4.200666666666667
10.1275,-4.2335
10.127916666666666,-4.271833333333333
10.128333333333334,-4.297833333333333
10.12875,-4.325
10.129166666666666,-4.335
10.129583333333333,-4.339833333333334
10.13,-4.331333333333333
10.130416666666667,-4.289833333333333
10.130833333333333,-4.252166666666667
10.13125,-4.211166666666666
10.131666666666666,-4.170833333333333
10.132083333333334,-4.1445
10.1325,-4.126833333333333
10.132916666666667,-4.129166666666666
10.133333333333333,-4.1405
10.13375,-4.159
10.134166666666667,-4.187
10.134583333333333,-4.214333333333333
10.135,-4.2508333333333335
10.135416666666666,-4.2843333333333335
10.135833333333334,-4.3068333333333335
10.13625,-4.310666666666666
10.136666666666667,-4.295333333333333
10.137083333333333,-4.273499999999999
10.1375,-4.238833333333333
10.137916666666667,-4.222833333333333
10.138333333333334,-4.227833333333334
10.13875,-4.237
10.139166666666666,-4.258333333333333
10.139583333333333,-4.267833333333333
10.14,-4.283
10.140416666666667,-4.291666666666667
10.140833333333333,-4.288333333333333
10.14125,-4.297833333333333
10.141666666666667,-4.3025
10.142083333333334,-4.3135
10.1425,-4.344
10.142916666666666,-4.364
10.143333333333333,-4.3823333333333325
10.14375,-4.398
10.144166666666667,-4.393666666666666
10.144583333333333,-4.3795
10.145,-4.350833333333333
10.145416666666666,-4.331166666666666
10.145833333333334,-4.323666666666667
10.14625,-4.316166666666667
10.146666666666667,-4.328333333333333
10.147083333333333,-4.3468333333333335
10.1475,-4.3581666666666665
10.147916666666667,-4.372
10.148333333333333,-4.365833333333334
10.14875,-4.3374999999999995
10.149166666666666,-4.316333333333334
10.149583333333334,-4.296333333333333
10.15,-4.293333333333334
10.150416666666667,-4.3053333333333335
10.150833333333333,-4.317833333333334
10.15125,-4.340333333333334
10.151666666666667,-4.346166666666666
10.152083333333334,-4.3405
10.1525,-4.323833333333333
10.152916666666666,-4.2988333333333335
10.153333333333334,-4.280166666666666
10.15375,-4.273499999999999
10.154166666666667,-4.275666666666667
10.154583333333333,-4.273166666666667
10.155,-4.2748333333333335
10.155416666666667,-4.270333333333333
10.155833333333334,-4.27
10.15625,-4.274166666666667
10.156666666666666,-4.275666666666667
10.157083333333333,-4.295333333333333
10.1575,-4.317166666666666
10.157916666666667,-4.332333333333334
10.158333333333333,-4.3445
10.15875,-4.3425
10.159166666666666,-4.3425
10.159583333333334,-4.349166666666667
10.16,-4.349333333333333
10.160416666666666,-4.362833333333334
10.160833333333333,-4.3785
10.16125,-4.408166666666667
10.161666666666667,-4.441333333333334
10.162083333333333,-4.450833333333333
10.1625,-4.455166666666667
10.162916666666666,-4.449333333333334
10.163333333333334,-4.445833333333333
10.16375,-4.441666666666666
10.164166666666667,-4.431
10.164583333333333,-4.423333333333334
10.165,-4.4085
10.165416666666667,-4.3935
10.165833333333333,-4.3775
10.16625,-4.357333333333333
10.166666666666666,-4.351166666666667
10.167083333333334,-4.356333333333333
10.1675,-4.370166666666667
10.167916666666667,-4.387166666666666
10.168333333333333,-4.3999999999999995
10.16875,-4.407166666666666
10.169166666666667,-4.405166666666666
10.169583333333334,-4.400166666666666
10.17,-4.386833333333333
10.170416666666666,-4.374333333333333
10.170833333333333,-4.361166666666667
10.17125,-4.341166666666667
10.171666666666667,-4.327166666666667
10.172083333333333,-4.304833333333334
10.1725,-4.294
10.172916666666667,-4.287333333333334
10.173333333333334,-4.278333333333333
10.17375,-4.2875000000000005
10.174166666666666,-4.280666666666667
10.174583333333333,-4.289833333333333
10.175,-4.293333333333333
10.175416666666667,-4.287
10.175833333333333,-4.284833333333333
10.17625,-4.2675
10.176666666666666,-4.2669999999999995
10.177083333333334,-4.267666666666667
10.1775,-4.281333333333333
10.177916666666667,-4.305166666666666
10.178333333333333,-4.327
10.17875,-4.342833333333333
10.179166666666667,-4.343666666666667
10.179583333333333,-4.334
10.18,-4.3175
10.180416666666666,-4.301833333333334
10.180833333333334,-4.277333333333334
10.18125,-4.2604999999999995
10.181666666666667,-4.251
10.182083333333333,-4.237833333333334
10.1825,-4.2284999999999995
10.182916666666667,-4.2171666666666665
10.183333333333334,-4.2115
10.18375,-4.209499999999999
10.184166666666666,-4.212
10.184583333333334,-4.2085
10.185,-4.206499999999999
10.185416666666667,-4.2015
10.185833333333333,-4.191833333333333
10.18625,-4.189666666666667
10.186666666666667,-4.167166666666667
10.187083333333334,-4.151
10.1875,-4.134833333333333
10.187916666666666,-4.111
10.188333333333333,-4.1049999999999995
10.18875,-4.092
10.189166666666667,-4.078833333333333
10.189583333333333,-4.056166666666667
10.19,-4.0195
10.190416666666666,-3.985333333333333
10.190833333333334,-3.942
10.19125,-3.9055
10.191666666666666,-3.8801666666666663
10.192083333333333,-3.8703333333333334
10.1925,-3.8659999999999997
10.192916666666667,-3.858833333333333
10.193333333333333,-3.8481666666666663
10.19375,-3.8321666666666663
10.194166666666666,-3.8358333333333334
10.194583333333334,-3.853
10.195,-3.8761666666666663
10.195416666666667,-3.9026666666666663
10.195833333333333,-3.9296666666666673
10.19625,-3.955166666666667
10.196666666666667,-3.9721666666666664
10.197083333333333,-3.9758333333333336
10.1975,-3.9741666666666666
10.197916666666666,-3.9691666666666663
10.198333333333334,-3.9545
10.19875,-3.9453333333333327
10.199166666666667,-3.9345
10.199583333333333,-3.9196666666666666
10.2,-3.9116666666666666
10.200416666666667,-3.894833333333333
10.200833333333334,-3.8761666666666663
10.20125,-3.845833333333333
10.201666666666666,-3.808
10.202083333333333,-3.7805
10.2025,-3.749333333333334
10.202916666666667,-3.7364999999999995
10.203333333333333,-3.7323333333333335
10.20375,-3.728666666666667
10.204166666666667,-3.730333333333333
10.204583333333334,-3.7251666666666665
10.205,-3.7226666666666666
10.205416666666666,-3.7196666666666665
10.205833333333333,-3.7161666666666666
10.20625,-3.719333333333333
10.206666666666667,-3.7238333333333333
10.207083333333333,-3.7281666666666666
10.2075,-3.737
10.207916666666666,-3.7295000000000003
10.208333333333334,-3.7208333333333337
10.20875,-3.7068333333333334
10.209166666666667,-3.683666666666667
10.209583333333333,-3.6626666666666665
10.21,-3.632
10.210416666666667,-3.6075000000000004
10.210833333333333,-3.5881666666666665
10.21125,-3.578333333333333
10.211666666666666,-3.5738333333333334
10.212083333333334,-3.570833333333333
10.2125,-3.5576666666666674
10.212916666666667,-3.543833333333333
10.213333333333333,-3.527166666666666
10.21375,-3.501666666666667
10.214166666666667,-3.468666666666666
10.214583333333334,-3.437
10.215,-3.410833333333333
10.215416666666666,-3.3919999999999995
10.215833333333334,-3.3905
10.21625,-3.389666666666667
10.216666666666667,-3.3953333333333333
10.217083333333333,-3.3978333333333333
10.2175,-3.405
10.217916666666667,-3.418333333333333
10.218333333333334,-3.4181666666666666
10.21875,-3.4166666666666665
10.219166666666666,-3.4138333333333333
10.219583333333333,-3.3998333333333335
10.22,-3.3945000000000003
10.220416666666667,-3.392666666666667
10.220833333333333,-3.3826666666666667
10.22125,-3.3873333333333338
10.221666666666666,-3.401
10.222083333333334,-3.4163333333333328
10.2225,-3.432
10.222916666666666,-3.434166666666666
10.223333333333333,-3.4220000000000006
10.22375,-3.406
10.224166666666667,-3.380333333333333
10.224583333333333,-3.3631666666666664
10.225,-3.3523333333333336
10.225416666666666,-3.3505000000000003
10.225833333333334,-3.3673333333333333
10.22625,-3.385
10.226666666666667,-3.3968333333333334
10.227083333333333,-3.398666666666667
10.2275,-3.3953333333333333
10.227916666666667,-3.387166666666667
10.228333333333333,-3.385833333333333
10.22875,-3.383333333333333
10.229166666666666,-3.383833333333333
10.229583333333334,-3.39
10.23,-3.39
10.230416666666667,-3.3921666666666663
10.230833333333333,-3.3991666666666664
10.23125,-3.3956666666666666
10.231666666666667,-3.393333333333333
10.232083333333334,-3.392333333333333
10.2325,-3.385666666666667
10.232916666666666,-3.387333333333333
10.233333333333333,-3.3793333333333337
10.23375,-3.3768333333333334
10.234166666666667,-3.3806666666666665
10.234583333333333,-3.388666666666667
10.235,-3.4066666666666663
10.235416666666667,-3.4186666666666667
10.235833333333334,-3.436666666666667
10.23625,-3.461
10.236666666666666,-3.483833333333333
10.237083333333333,-3.505333333333333
10.2375,-3.5096666666666665
10.237916666666667,-3.5055
10.238333333333333,-3.512166666666667
10.23875,-3.523666666666667
10.239166666666666,-3.5513333333333335
10.239583333333334,-3.5843333333333334
10.24,-3.627333333333333
10.240416666666667,-3.6743333333333332
10.240833333333333,-3.702666666666667
10.24125,-3.7255000000000003
10.241666666666667,-3.730333333333333
10.242083333333333,-3.7315000000000005
10.2425,-3.728666666666667
10.242916666666666,-3.7243333333333335
10.243333333333334,-3.720833333333333
10.24375,-3.7131666666666665
10.244166666666667,-3.708166666666667
10.244583333333333,-3.7045
10.245,-3.701833333333333
10.245416666666667,-3.7099999999999995
10.245833333333334,-3.7261666666666664
10.24625,-3.730833333333333
10.246666666666666,-3.7433333333333336
10.247083333333334,-3.7495
10.2475,-3.7715
10.247916666666667,-3.795833333333333
10.248333333333333,-3.808666666666666
10.24875,-3.832166666666667
10.249166666666667,-3.842166666666667
10.249583333333334,-3.8528333333333333
10.25,-3.8473333333333333
10.250416666666666,-3.830666666666667
10.250833333333333,-3.8061666666666665
10.25125,-3.7835
10.251666666666667,-3.7744999999999997
10.252083333333333,-3.7868333333333335
10.2525,-3.828333333333333
10.252916666666666,-3.880333333333333
10.253333333333334,-3.9373333333333336
10.25375,-3.984666666666666
10.254166666666666,-4.009
10.254583333333333,-4.013333333333333
10.255,-4.007333333333333
10.255416666666667,-3.9931666666666668
10.255833333333333,-3.9975
10.25625,-4.0145
10.256666666666666,-4.0445
10.257083333333334,-4.0761666666666665
10.2575,-4.083666666666667
10.257916666666667,-4.083166666666667
10.258333333333333,-4.076999999999999
10.25875,-4.0648333333333335
10.259166666666667,-4.068333333333333
10.259583333333333,-4.081833333333333
10.26,-4.112
10.260416666666666,-4.1605
10.260833333333334,-4.208833333333334
10.26125,-4.262333333333333
10.261666666666667,-4.302166666666667
10.262083333333333,-4.331499999999999
10.2625,-4.361833333333333
10.262916666666667,-4.386833333333333
10.263333333333334,-4.403
10.26375,-4.412
10.264166666666666,-4.419499999999999
10.264583333333333,-4.425666666666667
10.265,-4.4271666666666665
10.265416666666667,-4.414833333333333
10.265833333333333,-4.391666666666667
10.26625,-4.355333333333333
10.266666666666667,-4.314333333333333
10.267083333333334,-4.274166666666666
10.2675,-4.231333333333333
10.267916666666666,-4.1995000000000005
10.268333333333333,-4.195833333333334
10.26875,-4.2145
10.269166666666667,-4.2505
10.269583333333333,-4.299166666666667
10.27,-4.340833333333333
10.270416666666666,-4.376333333333333
10.270833333333334,-4.392
10.27125,-4.389833333333334
10.271666666666667,-4.3693333333333335
10.272083333333333,-4.333666666666667
10.2725,-4.303666666666667
10.272916666666667,-4.286666666666666
10.273333333333333,-4.288333333333333
10.27375,-4.3101666666666665
10.274166666666666,-4.3389999999999995
10.274583333333334,-4.366166666666667
10.275,-4.407666666666667
10.275416666666667,-4.437333333333334
10.275833333333333,-4.460166666666667
10.27625,-4.4725
10.276666666666667,-4.4671666666666665
10.277083333333334,-4.459833333333333
10.2775,-4.436
10.277916666666666,-4.416166666666666
10.278333333333334,-4.395833333333333
10.27875,-4.377833333333333
10.279166666666667,-4.371833333333334
10.279583333333333,-4.379333333333333
10.28,-4.400666666666666
10.280416666666667,-4.422666666666667
10.280833333333334,-4.435666666666667
10.28125,-4.442
10.281666666666666,-4.454666666666666
10.282083333333333,-4.468666666666667
10.2825,-4.4863333333333335
10.282916666666667,-4.503666666666667
10.283333333333333,-4.510833333333333
10.28375,-4.5225
10.284166666666666,-4.545333333333333
10.284583333333334,-4.5625
10.285,-4.562166666666667
10.285416666666666,-4.5395
10.285833333333333,-4.522333333333333
10.28625,-4.496666666666666
10.286666666666667,-4.4624999999999995
10.287083333333333,-4.439
10.2875,-4.408666666666666
10.287916666666666,-4.396333333333334
10.288333333333334,-4.394166666666667
10.28875,-4.391666666666667
10.289166666666667,-4.391333333333333
10.289583333333333,-4.378833333333334
10.29,-4.390833333333333
10.290416666666667,-4.411833333333333
10.290833333333333,-4.4305
10.29125,-4.448666666666667
10.291666666666666,-4.436
10.292083333333334,-4.427499999999999
10.2925,-4.4055
10.292916666666667,-4.386166666666667
10.293333333333333,-4.3825
10.29375,-4.385166666666667
10.294166666666667,-4.408833333333334
10.294583333333334,-4.423166666666666
10.295,-4.440833333333334
10.295416666666666,-4.437
10.295833333333333,-4.414666666666666
10.29625,-4.391333333333333
10.296666666666667,-4.360666666666667
10.297083333333333,-4.34
10.2975,-4.326833333333333
10.297916666666667,-4.336333333333333
10.298333333333334,-4.352833333333334
10.29875,-4.373166666666667
10.299166666666666,-4.398499999999999
10.299583333333333,-4.426666666666667
10.3,-4.4535
10.300416666666667,-4.471166666666666
10.300833333333333,-4.490666666666667
10.30125,-4.496333333333333
10.301666666666666,-4.4943333333333335
10.302083333333334,-4.488333333333333
10.3025,-4.468
10.302916666666667,-4.454166666666667
10.303333333333333,-4.4485
10.30375,-4.455666666666667
10.304166666666667,-4.481
10.304583333333333,-4.501166666666666
10.305,-4.518833333333333
10.305416666666666,-4.537999999999999
10.305833333333334,-4.5376666666666665
10.30625,-4.540666666666667
10.306666666666667,-4.544833333333333
10.307083333333333,-4.536833333333334
10.3075,-4.5360000000000005
10.307916666666667,-4.513166666666667
10.308333333333334,-4.488833333333333
10.30875,-4.482166666666667
10.309166666666666,-4.4816666666666665
10.309583333333334,-4.510666666666666
10.31,-4.548166666666666
10.310416666666667,-4.579666666666667
10.310833333333333,-4.613
10.31125,-4.6225
10.311666666666667,-4.612333333333333
10.312083333333334,-4.593166666666667
10.3125,-4.5504999999999995
10.312916666666666,-4.525333333333333
10.313333333333333,-4.505333333333334
10.31375,-4.4848333333333334
10.314166666666667,-4.4831666666666665
10.314583333333333,-4.473333333333334
10.315,-4.469
10.315416666666666,-4.472166666666666
10.315833333333334,-4.4735000000000005
10.31625,-4.476333333333334
10.316666666666666,-4.4715
10.317083333333333,-4.462166666666666
10.3175,-4.4755
10.317916666666667,-4.4848333333333334
10.318333333333333,-4.497166666666667
10.31875,-4.504166666666667
10.319166666666666,-4.501666666666666
10.319583333333334,-4.508333333333333
10.32,-4.515999999999999
10.320416666666667,-4.525666666666667
10.320833333333333,-4.526833333333333
10.32125,-4.5325
10.321666666666667,-4.541
10.322083333333333,-4.546666666666667
10.3225,-4.543166666666667
10.322916666666666,-4.527333333333333
10.323333333333334,-4.515499999999999
10.32375,-4.511666666666667
10.324166666666667,-4.513333333333333
10.324583333333333,-4.516166666666667
10.325,-4.503
10.325416666666667,-4.4941666666666675
10.325833333333334,-4.4944999999999995
10.32625,-4.493666666666666
10.326666666666666,-4.508
10.327083333333333,-4.529833333333333
10.3275,-4.5565
10.327916666666667,-4.580333333333333
10.328333333333333,-4.5855
10.32875,-4.582
10.329166666666667,-4.563
10.329583333333334,-4.539166666666667
10.33,-4.526
10.330416666666666,-4.516333333333333
10.330833333333333,-4.516666666666667
10.33125,-4.5175
10.331666666666667,-4.5169999999999995
10.332083333333333,-4.507
10.3325,-4.490666666666667
10.332916666666666,-4.480333333333333
10.333333333333334,-4.473999999999999
10.33375,-4.479166666666667
10.334166666666667,-4.496333333333333
10.334583333333333,-4.525833333333334
10.335,-4.5655
10.335416666666667,-4.5873333333333335
10.335833333333333,-4.596166666666666
10.33625,-4.590166666666666
10.336666666666666,-4.5635
10.337083333333334,-4.53
10.3375,-4.4885
10.337916666666667,-4.457
10.338333333333333,-4.428666666666667
10.33875,-4.407666666666667
10.339166666666667,-4.405
10.339583333333334,-4.399333333333334
10.34,-4.3933333333333335
10.340416666666666,-4.397
10.340833333333334,-4.404166666666667
10.34125,-4.4185
10.341666666666667,-4.4385
10.342083333333333,-4.472166666666666
10.3425,-4.5058333333333325
10.342916666666667,-4.519333333333333
10.343333333333334,-4.535833333333334
10.34375,-4.552666666666667
10.344166666666666,-4.557166666666666
10.344583333333333,-4.5648333333333335
10.345,-4.577
10.345416666666667,-4.593833333333333
10.345833333333333,-4.607500000000001
10.34625,-4.622833333333333
10.346666666666666,-4.636333333333334
10.347083333333334,-4.628666666666667
10.3475,-4.621666666666667
10.347916666666666,-4.613166666666667
10.348333333333333,-4.598999999999999
10.34875,-4.579
10.349166666666667,-4.558666666666667
10.349583333333333,-4.549333333333333
10.35,-4.54
10.350416666666666,-4.538833333333333
10.350833333333334,-4.546499999999999
10.35125,-4.550166666666666
10.351666666666667,-4.547
10.352083333333333,-4.5445
10.3525,-4.543333333333333
10.352916666666667,-4.551333333333333
10.353333333333333,-4.567
10.35375,-4.596
10.354166666666666,-4.627666666666666
10.354583333333334,-4.637833333333334
10.355,-4.642833333333333
10.355416666666667,-4.625833333333333
10.355833333333333,-4.597666666666668
10.35625,-4.582999999999999
10.356666666666667,-4.572333333333333
10.357083333333334,-4.575
10.3575,-4.575833333333333
10.357916666666666,-4.581833333333333
10.358333333333333,-4.5921666666666665
10.35875,-4.585
10.359166666666667,-4.583333333333333
10.359583333333333,-4.5765
10.36,-4.567666666666667
10.360416666666667,-4.569833333333334
10.360833333333334,-4.5696666666666665
10.36125,-4.574166666666667
10.361666666666666,-4.5735
10.362083333333333,-4.572833333333333
10.3625,-4.5705
10.362916666666667,-4.558166666666668
10.363333333333333,-4.553833333333333
10.36375,-4.552666666666667
10.364166666666666,-4.5665000000000004
10.364583333333334,-4.587166666666667
10.365,-4.5968333333333335
10.365416666666667,-4.614
10.365833333333333,-4.615333333333333
10.36625,-4.602166666666666
10.366666666666667,-4.586333333333333
10.367083333333333,-4.575833333333333
10.3675,-4.582166666666667
10.367916666666666,-4.5895
10.368333333333334,-4.6114999999999995
10.36875,-4.624333333333333
10.369166666666667,-4.624666666666667
10.369583333333333,-4.6255
10.37,-4.623
10.370416666666667,-4.613166666666667
10.370833333333334,-4.587666666666666
10.37125,-4.570333333333333
10.371666666666666,-4.550999999999999
10.372083333333334,-4.517666666666667
10.3725,-4.492
10.372916666666667,-4.475833333333333
10.373333333333333,-4.4750000000000005
10.37375,-4.493166666666667
10.374166666666667,-4.525
10.374583333333334,-4.5655
10.375,-4.603666666666666
10.375416666666666,-4.639333333333333
10.375833333333333,-4.6585
10.37625,-4.654
10.376666666666667,-4.625666666666667
10.377083333333333,-4.594
10.3775,-4.569333333333334
10.377916666666666,-4.553333333333334
10.378333333333334,-4.548500000000001
10.37875,-4.552666666666667
10.379166666666666,-4.5765
10.379583333333333,-4.597166666666666
10.38,-4.612333333333333
10.380416666666667,-4.620833333333333
10.380833333333333,-4.619166666666666
10.38125,-4.623166666666667
10.381666666666666,-4.618166666666666
10.382083333333334,-4.6125
10.3825,-4.5945
10.382916666666667,-4.571166666666667
10.383333333333333,-4.569
10.38375,-4.561333333333334
10.384166666666667,-4.551000000000001
10.384583333333333,-4.539666666666666
10.385,-4.527833333333333
10.385416666666666,-4.512833333333333
10.385833333333334,-4.492333333333334
10.38625,-4.4718333333333335
10.386666666666667,-4.453833333333333
10.387083333333333,-4.45
10.3875,-4.468666666666667
10.387916666666667,-4.508166666666667
10.388333333333334,-4.553
10.38875,-4.598166666666667
10.389166666666666,-4.6434999999999995
10.389583333333333,-4.677499999999999
10.39,-4.697
10.390416666666667,-4.705166666666667
10.390833333333333,-4.695666666666667
10.39125,-4.6795
10.391666666666667,-4.667333333333334
10.392083333333334,-4.6659999999999995
10.3925,-4.670166666666667
10.392916666666666,-4.671833333333333
10.393333333333333,-4.6685
10.39375,-4.6578333333333335
10.394166666666667,-4.6415
10.394583333333333,-4.6135
10.395,-4.5945
10.395416666666666,-4.5795
10.395833333333334,-4.581500000000001
10.39625,-4.591
10.396666666666667,-4.5955
10.397083333333333,-4.594833333333334
10.3975,-4.571000000000001
10.397916666666667,-4.5551666666666675
10.398333333333333,-4.539666666666666
10.39875,-4.543
10.399166666666666,-4.550833333333333
10.399583333333334,-4.567666666666667
10.4,-4.590166666666666
10.400416666666667,-4.592
10.400833333333333,-4.6018333333333326
10.40125,-4.594833333333334
10.401666666666667,-4.584499999999999
10.402083333333334,-4.5825000000000005
10.4025,-4.5895
10.402916666666666,-4.603666666666666
10.403333333333334,-4.6065
10.40375,-4.612333333333333
10.404166666666667,-4.620833333333333
10.404583333333333,-4.627999999999999
10.405,-4.638999999999999
10.405416666666667,-4.644333333333333
10.405833333333334,-4.654666666666667
10.40625,-4.661833333333334
10.406666666666666,-4.67
10.407083333333333,-4.680833333333333
10.4075,-4.688166666666667
10.407916666666667,-4.705666666666667
10.408333333333333,-4.709499999999999
10.40875,-4.708166666666666
10.409166666666666,-4.696666666666666
10.409583333333334,-4.676666666666667
10.41,-4.663333333333333
10.410416666666666,-4.653833333333334
10.410833333333333,-4.660833333333334
10.41125,-4.689333333333334
10.411666666666667,-4.733333333333333
10.412083333333333,-4.774
10.4125,-4.8020000000000005
10.412916666666666,-4.8075
10.413333333333334,-4.8084999999999996
10.41375,-4.803
10.414166666666667,-4.7909999999999995
10.414583333333333,-4.7843333333333335
10.415,-4.780666666666667
10.415416666666667,-4.793166666666667
10.415833333333333,-4.799666666666667
10.41625,-4.801666666666667
10.416666666666666,-4.799333333333333
10.417083333333334,-4.7965
10.4175,-4.790666666666667
10.417916666666667,-4.7805
10.418333333333333,-4.774166666666667
10.41875,-4.7603333333333335
10.419166666666667,-4.760166666666667
10.419583333333334,-4.765666666666667
10.42,-4.781166666666667
10.420416666666666,-4.783
10.420833333333333,-4.784833333333334
10.42125,-4.79
10.421666666666667,-4.777
10.422083333333333,-4.768166666666667
10.4225,-4.739833333333333
10.422916666666667,-4.724833333333333
10.423333333333334,-4.708166666666667
10.42375,-4.702833333333333
10.424166666666666,-4.710833333333333
10.424583333333333,-4.697333333333333
10.425,-4.6935
10.425416666666667,-4.675999999999999
10.425833333333333,-4.6659999999999995
10.42625,-4.657333333333333
10.426666666666666,-4.6405
10.427083333333334,-4.638166666666667
10.4275,-4.623
10.427916666666667,-4.620166666666667
10.428333333333333,-4.607333333333334
10.42875,-4.583166666666667
10.429166666666667,-4.573666666666667
10.429583333333333,-4.555833333333333
10.43,-4.563666666666666
10.430416666666666,-4.578666666666667
10.430833333333334,-4.604500000000001
10.43125,-4.6401666666666666
10.431666666666667,-4.668
10.432083333333333,-4.71
10.4325,-4.741166666666667
10.432916666666667,-4.7745
10.433333333333334,-4.7945
10.43375,-4.792666666666666
10.434166666666666,-4.773666666666666
10.434583333333334,-4.729833333333333
10.435,-4.686333333333333
10.435416666666667,-4.6354999999999995
10.435833333333333,-4.604333333333334
10.43625,-4.601666666666667
10.436666666666667,-4.621666666666667
10.437083333333334,-4.655666666666666
10.4375,-4.68
10.437916666666666,-4.693833333333333
10.438333333333333,-4.683166666666666
10.43875,-4.663666666666667
10.439166666666667,-4.6339999999999995
10.439583333333333,-4.616833333333333
10.44,-4.624666666666666
10.440416666666666,-4.652333333333334
10.440833333333334,-4.702000000000001
10.44125,-4.746333333333333
10.441666666666666,-4.783833333333333
10.442083333333333,-4.811333333333333
10.4425,-4.8148333333333335
10.442916666666667,-4.795166666666667
10.443333333333333,-4.758333333333334
10.44375,-4.715
10.444166666666666,-4.6865
10.444583333333334,-4.667833333333333
10.445,-4.670333333333334
10.445416666666667,-4.6935
10.445833333333333,-4.728333333333333
10.44625,-4.758833333333333
10.446666666666667,-4.773833333333333
10.447083333333333,-4.775666666666667
10.4475,-4.758833333333333
10.447916666666666,-4.748
10.448333333333334,-4.739999999999999
10.44875,-4.743333333333333
10.449166666666667,-4.758666666666666
10.449583333333333,-4.776000000000001
10.45,-4.793333333333333
10.450416666666667,-4.796500000000001
10.450833333333334,-4.8035
10.45125,-4.820666666666667
10.451666666666666,-4.846666666666667
10.452083333333333,-4.8795
10.4525,-4.906833333333333
10.452916666666667,-4.923333333333333
10.453333333333333,-4.9235
10.45375,-4.906666666666666
10.454166666666667,-4.880166666666667
10.454583333333334,-4.854666666666667
10.455,-4.845
10.455416666666666,-4.853166666666667
10.455833333333333,-4.868833333333334
10.45625,-4.884833333333333
10.456666666666667,-4.899333333333334
10.457083333333333,-4.901
10.4575,-4.895666666666666
10.457916666666666,-4.8885
10.458333333333334,-4.872333333333334
10.45875,-4.844833333333334
10.459166666666667,-4.8065
10.459583333333333,-4.777
10.46,-4.757666666666666
10.460416666666667,-4.745333333333334
10.460833333333333,-4.746666666666667
10.46125,-4.749833333333334
10.461666666666666,-4.7476666666666665
10.462083333333334,-4.750666666666667
10.4625,-4.745
10.462916666666667,-4.7345
10.463333333333333,-4.721333333333333
10.46375,-4.710333333333334
10.464166666666667,-4.705666666666667
10.464583333333334,-4.690333333333332
10.465,-4.6786666666666665
10.465416666666666,-4.672999999999999
10.465833333333334,-4.676833333333334
10.46625,-4.687666666666666
10.466666666666667,-4.7139999999999995
10.467083333333333,-4.7476666666666665
10.4675,-4.774166666666667
10.467916666666667,-4.795166666666667
10.468333333333334,-4.7843333333333335
10.46875,-4.760166666666667
10.469166666666666,-4.727
10.469583333333333,-4.6855
10.47,-4.657
10.470416666666667,-4.637333333333333
10.470833333333333,-4.639166666666667
10.47125,-4.668833333333334
10.471666666666666,-4.706833333333333
10.472083333333334,-4.7335
10.4725,-4.7455
10.472916666666666,-4.738166666666667
10.473333333333333,-4.725666666666666
10.47375,-4.7026666666666666
10.474166666666667,-4.672166666666667
10.474583333333333,-4.659166666666667
10.475,-4.655333333333333
10.475416666666666,-4.660833333333333
10.475833333333334,-4.664666666666666
10.47625,-4.658333333333332
10.476666666666667,-4.652333333333333
10.477083333333333,-4.661499999999999
10.4775,-4.678166666666667
10.477916666666667,-4.6865
10.478333333333333,-4.679833333333334
10.47875,-4.667166666666667
10.479166666666666,-4.665166666666667
10.479583333333334,-4.659666666666666
10.48,-4.656499999999999
10.480416666666667,-4.659333333333333
10.480833333333333,-4.6575
10.48125,-4.668333333333334
10.481666666666667,-4.68
10.482083333333334,-4.6770000000000005
10.4825,-4.6643333333333326
10.482916666666666,-4.646166666666667
10.483333333333333,-4.647
10.48375,-4.655666666666667
10.484166666666667,-4.663666666666667
10.484583333333333,-4.678333333333334
10.485,-4.682833333333334
10.485416666666667,-4.694
10.485833333333334,-4.7055
10.48625,-4.705166666666667
10.486666666666666,-4.697333333333334
10.487083333333333,-4.676333333333333
10.4875,-4.659166666666667
10.487916666666667,-4.645666666666667
10.488333333333333,-4.64
10.48875,-4.6434999999999995
10.489166666666666,-4.655166666666666
10.489583333333334,-4.674833333333333
10.49,-4.693666666666667
10.490416666666667,-4.704166666666667
10.490833333333333,-4.703666666666667
10.49125,-4.693666666666666
10.491666666666667,-4.6705
10.492083333333333,-4.6338333333333335
10.4925,-4.594833333333333
10.492916666666666,-4.558166666666666
10.493333333333334,-4.520333333333333
10.49375,-4.5025
10.494166666666667,-4.501666666666667
10.494583333333333,-4.516333333333333
10.495,-4.549833333333333
10.495416666666667,-4.5885
10.495833333333334,-4.623333333333334
10.49625,-4.6434999999999995
10.496666666666666,-4.647833333333334
10.497083333333334,-4.648
10.4975,-4.655666666666668
10.497916666666667,-4.6611666666666665
10.498333333333333,-4.6803333333333335
10.49875,-4.695
10.499166666666667,-4.700166666666667
10.499583333333334,-4.7005
10.5,-4.668333333333333
10.500416666666666,-4.6295
10.500833333333333,-4.585999999999999
10.50125,-4.553
10.501666666666667,-4.541833333333334
10.502083333333333,-4.531833333333334
10.5025,-4.530499999999999
10.502916666666666,-4.5344999999999995
10.503333333333334,-4.553833333333333
10.50375,-4.581500000000001
10.504166666666666,-4.611833333333333
10.504583333333333,-4.653833333333334
10.505,-4.686166666666666
10.505416666666667,-4.715333333333333
10.505833333333333,-4.728833333333333
10.50625,-4.7275
10.506666666666666,-4.702
10.507083333333334,-4.656333333333333
10.5075,-4.6194999999999995
10.507916666666667,-4.5696666666666665
10.508333333333333,-4.525166666666667
10.50875,-4.507000000000001
10.509166666666667,-4.511
10.509583333333333,-4.535666666666667
10.51,-4.567166666666666
10.510416666666666,-4.598166666666667
10.510833333333334,-4.5995
10.51125,-4.567333333333334
10.511666666666667,-4.5281666666666665
10.512083333333333,-4.4875
10.5125,-4.4671666666666665
10.512916666666667,-4.471666666666667
10.513333333333334,-4.503666666666667
10.51375,-4.5521666666666665
10.514166666666666,-4.592333333333333
10.514583333333333,-4.6385
10.515,-4.669333333333333
10.515416666666667,-4.6875
10.515833333333333,-4.697666666666667
10.51625,-4.683833333333333
10.516666666666667,-4.669666666666667
10.517083333333334,-4.641
10.5175,-4.610833333333333
10.517916666666666,-4.593
10.518333333333333,-4.581
10.51875,-4.591
10.519166666666667,-4.602166666666666
10.519583333333333,-4.611833333333333
10.52,-4.620333333333334
10.520416666666666,-4.626166666666666
10.520833333333334,-4.636166666666667
10.52125,-4.649666666666667
10.521666666666667,-4.669333333333333
10.522083333333333,-4.681666666666666
10.5225,-4.685
10.522916666666667,-4.685166666666667
10.523333333333333,-4.6691666666666665
10.52375,-4.645499999999999
10.524166666666666,-4.629666666666666
10.524583333333334,-4.6113333333333335
10.525,-4.608666666666667
10.525416666666667,-4.6085
10.525833333333333,-4.600666666666666
10.52625,-4.595666666666667
10.526666666666667,-4.578
10.527083333333334,-4.578500000000001
10.5275,-4.5888333333333335
10.527916666666666,-4.5995
10.528333333333334,-4.631166666666666
10.52875,-4.660166666666666
10.529166666666667,-4.6975
10.529583333333333,-4.739333333333334
10.53,-4.759333333333333
10.530416666666667,-4.764833333333334
10.530833333333334,-4.7545
10.53125,-4.733833333333333
10.531666666666666,-4.702833333333333
10.532083333333333,-4.663833333333334
10.5325,-4.627666666666667
10.532916666666667,-4.61
10.533333333333333,-4.6075
10.53375,-4.621333333333333
10.534166666666666,-4.653
10.534583333333334,-4.6785
10.535,-4.7175
10.535416666666666,-4.745
10.535833333333333,-4.746833333333334
10.53625,-4.737666666666667
10.536666666666667,-4.707333333333334
10.537083333333333,-4.697333333333333
10.5375,-4.689666666666667
10.537916666666666,-4.685333333333333
10.538333333333334,-4.7045
10.53875,-4.722666666666666
10.539166666666667,-4.7545
10.539583333333333,-4.763333333333333
10.54,-4.743666666666667
10.540416666666667,-4.7124999999999995
10.540833333333333,-4.675333333333334
10.54125,-4.656166666666667
10.541666666666666,-4.6385
10.542083333333334,-4.6315
10.5425,-4.629333333333334
10.542916666666667,-4.6308333333333325
10.543333333333333,-4.6386666666666665
10.54375,-4.6235
10.544166666666667,-4.601500000000001
10.544583333333334,-4.5895
10.545,-4.594166666666667
10.545416666666666,-4.614166666666666
10.545833333333333,-4.642833333333333
10.54625,-4.676
10.546666666666667,-4.697
10.547083333333333,-4.700166666666667
10.5475,-4.693833333333333
10.547916666666667,-4.679166666666667
10.548333333333334,-4.6635
10.54875,-4.663666666666667
10.549166666666666,-4.665666666666667
10.549583333333333,-4.671333333333333
10.55,-4.680833333333333
10.550416666666667,-4.690333333333333
10.550833333333333,-4.703833333333333
10.55125,-4.713666666666668
10.551666666666666,-4.74
10.552083333333334,-4.767500000000001
10.5525,-4.777
10.552916666666667,-4.788333333333334
10.553333333333333,-4.770666666666667
10.55375,-4.7410000000000005
10.554166666666667,-4.710166666666667
10.554583333333333,-4.67
10.555,-4.6499999999999995
10.555416666666666,-4.6386666666666665
10.555833333333334,-4.6514999999999995
10.55625,-4.672833333333333
10.556666666666667,-4.688
10.557083333333333,-4.710166666666667
10.5575,-4.7335
10.557916666666667,-4.758166666666667
10.558333333333334,-4.7855
10.55875,-4.815333333333333
10.559166666666666,-4.838
10.559583333333334,-4.8565
10.56,-4.863500000000001
10.560416666666667,-4.856
10.560833333333333,-4.851666666666667
10.56125,-4.844
10.561666666666667,-4.8486666666666665
10.562083333333334,-4.863333333333333
10.5625,-4.8715
10.562916666666666,-4.8775
10.563333333333333,-4.8625
10.56375,-4.8375
10.564166666666667,-4.811833333333333
10.564583333333333,-4.793666666666667
10.565,-4.7825
10.565416666666666,-4.7755
10.565833333333334,-4.7749999999999995
10.56625,-4.778333333333333
10.566666666666666,-4.7825
10.567083333333333,-4.779333333333334
10.5675,-4.775333333333333
10.567916666666667,-4.771833333333333
10.568333333333333,-4.760000000000001
10.56875,-4.742
10.569166666666666,-4.724666666666667
10.569583333333334,-4.707166666666667
10.57,-4.7095
10.570416666666667,-4.722833333333334
10.570833333333333,-4.737666666666667
10.57125,-4.762833333333334
10.571666666666667,-4.777833333333334
10.572083333333333,-4.795333333333333
10.5725,-4.8051666666666675
10.572916666666666,-4.8053333333333335
10.573333333333334,-4.823333333333333
10.57375,-4.851500000000001
10.574166666666667,-4.878833333333334
10.574583333333333,-4.892833333333333
10.575,-4.889833333333333
10.575416666666667,-4.878
10.575833333333334,-4.8565000000000005
10.57625,-4.822666666666667
10.576666666666666,-4.789
10.577083333333333,-4.754
10.5775,-4.738333333333333
10.577916666666667,-4.7425
10.578333333333333,-4.748333333333333
10.57875,-4.761333333333333
10.579166666666667,-4.777166666666666
10.579583333333334,-4.794333333333333
10.58,-4.805
10.580416666666666,-4.807666666666667
10.580833333333333,-4.809666666666666
10.58125,-4.816833333333332
10.581666666666667,-4.8245000000000005
10.582083333333333,-4.839166666666667
10.5825,-4.8486666666666665
10.582916666666666,-4.844166666666667
10.583333333333334,-4.844333333333334
10.58375,-4.833333333333333
10.584166666666667,-4.825166666666667
10.584583333333333,-4.825833333333333
10.585,-4.825833333333333
10.585416666666667,-4.832999999999999
10.585833333333333,-4.84
10.58625,-4.849666666666667
10.586666666666666,-4.873666666666667
10.587083333333334,-4.8934999999999995
10.5875,-4.909833333333333
10.587916666666667,-4.924833333333333
10.588333333333333,-4.925166666666667
10.58875,-4.919833333333333
10.589166666666667,-4.890833333333333
10.589583333333334,-4.845666666666667
10.59,-4.801666666666667
10.590416666666666,-4.763166666666667
10.590833333333334,-4.7459999999999996
10.59125,-4.744000000000001
10.591666666666667,-4.750833333333333
10.592083333333333,-4.7683333333333335
10.5925,-4.7876666666666665
10.592916666666667,-4.799
10.593333333333334,-4.805000000000001
10.59375,-4.812
10.594166666666666,-4.833333333333333
10.594583333333333,-4.867
10.595,-4.895
10.595416666666667,-4.922166666666667
10.595833333333333,-4.925666666666666
10.59625,-4.901666666666666
10.596666666666666,-4.866333333333333
10.597083333333334,-4.810166666666667
10.5975,-4.754666666666667
10.597916666666666,-4.707
10.598333333333333,-4.676666666666667
10.59875,-4.672666666666667
10.599166666666667,-4.671666666666667
10.599583333333333,-4.686
10.6,-4.7043333333333335
10.600416666666666,-4.709833333333333
10.600833333333334,-4.727
10.60125,-4.7363333333333335
10.601666666666667,-4.739333333333333
10.602083333333333,-4.7485
10.6025,-4.7555000000000005
10.602916666666667,-4.782333333333333
10.603333333333333,-4.81
10.60375,-4.832000000000001
10.604166666666666,-4.859166666666666
10.604583333333334,-4.876166666666667
10.605,-4.8915
10.605416666666667,-4.895166666666666
10.605833333333333,-4.883666666666667
10.60625,-4.870833333333334
10.606666666666667,-4.8605
10.607083333333334,-4.861166666666667
10.6075,-4.870833333333334
10.607916666666666,-4.878166666666666
10.608333333333333,-4.889166666666667
10.60875,-4.889333333333333
10.609166666666667,-4.886
10.609583333333333,-4.881833333333334
10.61,-4.874
10.610416666666667,-4.883833333333333
10.610833333333334,-4.893666666666667
10.61125,-4.915500000000001
10.611666666666666,-4.926166666666666
10.612083333333333,-4.910666666666667
10.6125,-4.887333333333333
10.612916666666667,-4.8485000000000005
10.613333333333333,-4.819166666666667
10.61375,-4.809333333333334
10.614166666666666,-4.816
10.614583333333334,-4.8455
10.615,-4.888000000000001
10.615416666666667,-4.929666666666667
10.615833333333333,-4.9555
10.61625,-4.955000000000001
10.616666666666667,-4.937666666666666
10.617083333333333,-4.916333333333333
10.6175,-4.899
10.617916666666666,-4.889
10.618333333333334,-4.877833333333332
10.61875,-4.878
10.619166666666667,-4.8745
10.619583333333333,-4.870833333333334
10.62,-4.875166666666666
10.620416666666667,-4.8795
10.620833333333334,-4.895500000000001
10.62125,-4.907333333333333
10.621666666666666,-4.918833333333333
10.622083333333334,-4.910833333333334
10.6225,-4.882833333333333
10.622916666666667,-4.8500000000000005
10.623333333333333,-4.804166666666667
10.62375,-4.772
10.624166666666667,-4.769333333333333
10.624583333333334,-4.785166666666666
10.625,-4.807166666666666
10.625416666666666,-4.832833333333333
10.625833333333333,-4.854666666666667
10.62625,-4.8685
10.626666666666667,-4.8693333333333335
10.627083333333333,-4.865833333333334
10.6275,-4.857833333333333
10.627916666666666,-4.848833333333333
10.628333333333334,-4.851833333333333
10.62875,-4.853000000000001
10.629166666666666,-4.846666666666667
10.629583333333333,-4.8365
10.63,-4.831
10.630416666666667,-4.8275
10.630833333333333,-4.8345
10.63125,-4.8453333333333335
10.631666666666666,-4.863666666666667
10.632083333333334,-4.8975
10.6325,-4.9191666666666665
10.632916666666667,-4.937
10.633333333333333,-4.936166666666666
10.63375,-4.923333333333333
10.634166666666667,-4.909166666666667
10.634583333333333,-4.8865
10.635,-4.8785
10.635416666666666,-4.873333333333334
10.635833333333334,-4.877666666666666
10.63625,-4.893166666666667
10.636666666666667,-4.910333333333333
10.637083333333333,-4.923666666666667
10.6375,-4.915833333333333
10.637916666666667,-4.911666666666666
10.638333333333334,-4.901833333333333
10.63875,-4.8915
10.639166666666666,-4.884
10.639583333333333,-4.8785
10.64,-4.880333333333334
10.640416666666667,-4.873666666666667
10.640833333333333,-4.883166666666667
10.64125,-4.8886666666666665
10.641666666666667,-4.8925
10.642083333333334,-4.896999999999999
10.6425,-4.905333333333333
10.642916666666666,-4.926666666666667
10.643333333333333,-4.933833333333333
10.64375,-4.940833333333333
10.644166666666667,-4.9345
10.644583333333333,-4.9085
10.645,-4.8855
10.645416666666666,-4.851166666666667
10.645833333333334,-4.825166666666667
10.64625,-4.8065
10.646666666666667,-4.801833333333334
10.647083333333333,-4.825
10.6475,-4.841833333333334
10.647916666666667,-4.8645000000000005
10.648333333333333,-4.8765
10.64875,-4.8765
10.649166666666666,-4.88
10.649583333333334,-4.882666666666666
10.65,-4.8955
10.650416666666667,-4.916
10.650833333333333,-4.9303333333333335
10.65125,-4.942833333333333
10.651666666666667,-4.942999999999999
10.652083333333334,-4.9318333333333335
10.6525,-4.9225
10.652916666666666,-4.9075
10.653333333333334,-4.9111666666666665
10.65375,-4.921833333333333
10.654166666666667,-4.934166666666667
10.654583333333333,-4.946
10.655,-4.943833333333333
10.655416666666667,-4.934666666666666
10.655833333333334,-4.9174999999999995
10.65625,-4.8919999999999995
10.656666666666666,-4.8663333333333325
10.657083333333333,-4.849833333333334
10.6575,-4.851
10.657916666666667,-4.873833333333334
10.658333333333333,-4.904166666666666
10.65875,-4.945333333333333
10.659166666666666,-4.974833333333333
10.659583333333334,-4.991666666666666
10.66,-4.989999999999999
10.660416666666666,-4.967333333333333
10.660833333333333,-4.931166666666666
10.66125,-4.8821666666666665
10.661666666666667,-4.8365
10.662083333333333,-4.790333333333333
10.6625,-4.756333333333333
10.662916666666666,-4.736666666666667
10.663333333333334,-4.7305
10.66375,-4.738500000000001
10.664166666666667,-4.749666666666666
10.664583333333333,-4.766333333333333
10.665,-4.776166666666667
10.665416666666667,-4.772666666666667
10.665833333333333,-4.7684999999999995
10.66625,-4.758
10.666666666666666,-4.7540000000000004
10.667083333333334,-4.758
10.6675,-4.759999999999999
10.667916666666667,-4.764499999999999
10.668333333333333,-4.760666666666666
10.66875,-4.751166666666667
10.669166666666667,-4.75
10.669583333333334,-4.748666666666667
10.67,-4.7505
10.670416666666666,-4.7635000000000005
10.670833333333333,-4.779166666666666
10.67125,-4.812833333333334
10.671666666666667,-4.858833333333333
10.672083333333333,-4.898499999999999
10.6725,-4.931
10.672916666666667,-4.9425
10.673333333333334,-4.941833333333334
10.67375,-4.934333333333334
10.674166666666666,-4.912166666666667
10.674583333333333,-4.892500000000001
10.675,-4.886833333333333
10.675416666666667,-4.891166666666667
10.675833333333333,-4.9013333333333335
10.67625,-4.908
10.676666666666666,-4.908
10.677083333333334,-4.9105
10.6775,-4.913333333333334
10.677916666666667,-4.912166666666667
10.678333333333333,-4.913666666666667
10.67875,-4.911333333333333
10.679166666666667,-4.9
10.679583333333333,-4.883333333333334
10.68,-4.855333333333333
10.680416666666666,-4.833333333333333
10.680833333333334,-4.823166666666666
10.68125,-4.819833333333334
10.681666666666667,-4.817833333333334
10.682083333333333,-4.819500000000001
10.6825,-4.825
10.682916666666667,-4.834166666666667
10.683333333333334,-4.847
10.68375,-4.853666666666666
10.684166666666666,-4.8709999999999996
10.684583333333334,-4.889
10.685,-4.8905
10.685416666666667,-4.8785
10.685833333333333,-4.843666666666667
10.68625,-4.8148333333333335
10.686666666666667,-4.8075
10.687083333333334,-4.807166666666666
10.6875,-4.836166666666666
10.687916666666666,-4.859166666666666
10.688333333333333,-4.881
10.68875,-4.899333333333334
10.689166666666667,-4.890833333333333
10.689583333333333,-4.877166666666667
10.69,-4.8533333333333335
10.690416666666666,-4.845
10.690833333333334,-4.845833333333334
10.69125,-4.849166666666666
10.691666666666666,-4.854
10.692083333333333,-4.851
10.6925,-4.848333333333333
10.692916666666667,-4.842
10.693333333333333,-4.827000000000001
10.69375,-4.800166666666667
10.694166666666666,-4.772666666666667
10.694583333333334,-4.7605
10.695,-4.761333333333333
10.695416666666667,-4.766333333333333
10.695833333333333,-4.781666666666667
10.69625,-4.7925
10.696666666666667,-4.802833333333333
10.697083333333333,-4.803166666666667
10.6975,-4.792000000000001
10.697916666666666,-4.783666666666666
10.698333333333334,-4.784166666666667
10.69875,-4.8025
10.699166666666667,-4.817166666666666
10.699583333333333,-4.835
10.7,-4.840166666666667
10.700416666666667,-4.844166666666666
10.700833333333334,-4.8503333333333325
10.70125,-4.855166666666666
10.701666666666666,-4.864166666666667
10.702083333333333,-4.870833333333334
10.7025,-4.8875
10.702916666666667,-4.896833333333333
10.703333333333333,-4.902666666666666
10.70375,-4.903666666666667
10.704166666666667,-4.9025
10.704583333333334,-4.8965
10.705,-4.894166666666667
10.705416666666666,-4.8965000000000005
10.705833333333333,-4.892
10.70625,-4.8965
10.706666666666667,-4.8981666666666674
10.707083333333333,-4.901166666666667
10.7075,-4.905333333333333
10.707916666666666,-4.907166666666667
10.708333333333334,-4.908833333333334
10.70875,-4.910166666666666
10.709166666666667,-4.915666666666667
10.709583333333333,-4.924499999999999
10.71,-4.934666666666666
10.710416666666667,-4.946833333333333
10.710833333333333,-4.9615
10.71125,-4.9725
10.711666666666666,-4.9944999999999995
10.712083333333334,-5.002
10.7125,-4.9975
10.712916666666667,-4.9848333333333334
10.713333333333333,-4.9543333333333335
10.71375,-4.934833333333334
10.714166666666667,-4.921166666666666
10.714583333333334,-4.9205
10.715,-4.9405
10.715416666666666,-4.9725
10.715833333333334,-5.019333333333333
10.71625,-5.056666666666667
10.716666666666667,-5.081333333333333
10.717083333333333,-5.096333333333334
10.7175,-5.092333333333333
10.717916666666667,-5.075666666666667
10.718333333333334,-5.047
10.71875,-5.0040000000000004
10.719166666666666,-4.956
10.719583333333333,-4.913833333333333
10.72,-4.8795
10.720416666666667,-4.863333333333333
10.720833333333333,-4.8615
10.72125,-4.881
10.721666666666666,-4.9093333333333335
10.722083333333334,-4.941833333333333
10.7225,-4.9775
10.722916666666666,-4.998666666666666
10.723333333333333,-5.012833333333334
10.72375,-5.023333333333333
10.724166666666667,-5.023166666666667
10.724583333333333,-5.008666666666667
10.725,-4.980166666666666
10.725416666666666,-4.946000000000001
10.725833333333334,-4.910333333333333
10.72625,-4.884166666666667
10.726666666666667,-4.867
10.727083333333333,-4.854333333333333
10.7275,-4.853999999999999
10.727916666666667,-4.850666666666666
10.728333333333333,-4.851833333333333
10.72875,-4.836833333333334
10.729166666666666,-4.817833333333334
10.729583333333334,-4.811166666666666
10.73,-4.806166666666666
10.730416666666667,-4.8155
10.730833333333333,-4.831666666666667
10.73125,-4.856833333333333
10.731666666666667,-4.886666666666667
10.732083333333334,-4.9223333333333334
10.7325,-4.959499999999999
10.732916666666666,-4.992166666666667
10.733333333333333,-5.006833333333333
10.73375,-5.007833333333333
10.734166666666667,-4.999666666666667
10.734583333333333,-4.979333333333333
10.735,-4.954166666666667
10.735416666666667,-4.9223333333333334
10.735833333333334,-4.899
10.73625,-4.890833333333333
10.736666666666666,-4.897833333333334
10.737083333333333,-4.904666666666667
10.7375,-4.902666666666667
10.737916666666667,-4.892
10.738333333333333,-4.874333333333333
10.73875,-4.8581666666666665
10.739166666666666,-4.8373333333333335
10.739583333333334,-4.821833333333333
10.74,-4.816666666666666
10.740416666666667,-4.820333333333333
10.740833333333333,-4.833833333333334
10.74125,-4.840833333333333
10.741666666666667,-4.845
10.742083333333333,-4.850666666666666
10.7425,-4.851500000000001
10.742916666666666,-4.850333333333333
10.743333333333334,-4.8495
10.74375,-4.850666666666666
10.744166666666667,-4.8435
10.744583333333333,-4.841833333333334
10.745,-4.840833333333333
10.745416666666667,-4.8495
10.745833333333334,-4.870166666666667
10.74625,-4.883166666666667
10.746666666666666,-4.8966666666666665
10.747083333333334,-4.8945
10.7475,-4.883500000000001
10.747916666666667,-4.874
10.748333333333333,-4.859166666666667
10.74875,-4.845666666666666
10.749166666666667,-4.844666666666667
10.749583333333334,-4.851333333333334
10.75,-4.868833333333334
10.750416666666666,-4.883666666666667
10.750833333333333,-4.894666666666667
10.75125,-4.910666666666667
10.751666666666667,-4.9238333333333335
10.752083333333333,-4.94
10.7525,-4.9525
10.752916666666666,-4.963333333333334
10.753333333333334,-4.959
10.75375,-4.944833333333333
10.754166666666666,-4.917333333333334
10.754583333333333,-4.880999999999999
10.755,-4.8503333333333325
10.755416666666667,-4.8371666666666675
10.755833333333333,-4.8475
10.75625,-4.861
10.756666666666666,-4.880833333333333
10.757083333333334,-4.893166666666667
10.7575,-4.9014999999999995
10.757916666666667,-4.893666666666667
10.758333333333333,-4.880166666666667
10.75875,-4.867166666666667
10.759166666666667,-4.848
10.759583333333333,-4.8468333333333335
10.76,-4.851333333333334
10.760416666666666,-4.864333333333334
10.760833333333334,-4.875
10.76125,-4.889500000000001
10.761666666666667,-4.908166666666666
10.762083333333333,-4.913333333333333
10.7625,-4.911666666666666
10.762916666666667,-4.904
10.763333333333334,-4.887833333333333
10.76375,-4.8745
10.764166666666666,-4.863333333333333
10.764583333333333,-4.855833333333333
10.765,-4.8614999999999995
10.765416666666667,-4.8675
10.765833333333333,-4.8795
10.76625,-4.887666666666667
10.766666666666667,-4.886333333333334
10.767083333333334,-4.895833333333333
10.7675,-4.8975
10.767916666666666,-4.9014999999999995
10.768333333333333,-4.904
10.76875,-4.889333333333333
10.769166666666667,-4.89
10.769583333333333,-4.880166666666667
10.77,-4.876333333333334
10.770416666666666,-4.8765
10.770833333333334,-4.878
10.77125,-4.895833333333333
10.771666666666667,-4.911333333333334
10.772083333333333,-4.934166666666667
10.7725,-4.943
10.772916666666667,-4.926833333333334
10.773333333333333,-4.8966666666666665
10.77375,-4.861999999999999
10.774166666666666,-4.833333333333333
10.774583333333334,-4.818666666666666
10.775,-4.8196666666666665
10.775416666666667,-4.839333333333333
10.775833333333333,-4.868166666666666
10.77625,-4.898
10.776666666666667,-4.915666666666667
10.777083333333334,-4.916166666666666
10.7775,-4.9085
10.777916666666666,-4.905166666666667
10.778333333333334,-4.908
10.77875,-4.909666666666666
10.779166666666667,-4.912
10.779583333333333,-4.9085
10.78,-4.900333333333333
10.780416666666667,-4.894666666666667
10.780833333333334,-4.8945
10.78125,-4.899333333333334
10.781666666666666,-4.905
10.782083333333333,-4.901166666666667
10.7825,-4.891666666666667
10.782916666666667,-4.869666666666667
10.783333333333333,-4.849
10.78375,-4.8475
10.784166666666666,-4.845666666666666
10.784583333333334,-4.86
10.785,-4.8785
10.785416666666666,-4.889
10.785833333333333,-4.891666666666667
10.78625,-4.875666666666667
10.786666666666667,-4.8694999999999995
10.787083333333333,-4.859000000000001
10.7875,-4.857833333333333
10.787916666666666,-4.874833333333334
10.788333333333334,-4.876
10.78875,-4.876166666666666
10.789166666666667,-4.870166666666667
10.789583333333333,-4.869666666666666
10.79,-4.863666666666667
10.790416666666667,-4.853666666666666
10.790833333333333,-4.844666666666666
10.79125,-4.8325000000000005
10.791666666666666,-4.822333333333334
10.792083333333334,-4.8165
10.7925,-4.823
10.792916666666667,-4.828
10.793333333333333,-4.8613333333333335
10.79375,-4.888333333333334
10.794166666666667,-4.909666666666667
10.794583333333334,-4.930666666666667
10.795,-4.937
10.795416666666666,-4.957833333333333
10.795833333333333,-4.969666666666667
10.79625,-4.982333333333334
10.796666666666667,-4.988666666666667
10.797083333333333,-4.976333333333333
10.7975,-4.9525
10.797916666666667,-4.912
10.798333333333334,-4.868333333333333
10.79875,-4.837666666666666
10.799166666666666,-4.825833333333334
10.799583333333333,-4.835500000000001
10.8,-4.855666666666667
10.800416666666667,-4.881166666666666
10.800833333333333,-4.8933333333333335
10.80125,-4.892166666666667
10.801666666666666,-4.8815
10.802083333333334,-4.8646666666666665
10.8025,-4.862500000000001
10.802916666666667,-4.867333333333334
10.803333333333333,-4.890333333333333
10.80375,-4.914666666666666
10.804166666666667,-4.9375
10.804583333333333,-4.9495
10.805,-4.940333333333333
10.805416666666666,-4.916333333333333
10.805833333333334,-4.8775
10.80625,-4.852333333333333
10.806666666666667,-4.828
10.807083333333333,-4.8165000000000004
10.8075,-4.8148333333333335
10.807916666666667,-4.810333333333333
10.808333333333334,-4.814833333333333
10.80875,-4.8165000000000004
10.809166666666666,-4.829833333333333
10.809583333333334,-4.8468333333333335
10.81,-4.872
10.810416666666667,-4.9035
10.810833333333333,-4.9305
10.81125,-4.944333333333333
10.811666666666667,-4.938
10.812083333333334,-4.917833333333333
10.8125,-4.885166666666667
10.812916666666666,-4.8585
10.813333333333333,-4.8385
10.81375,-4.8374999999999995
10.814166666666667,-4.843333333333333
10.814583333333333,-4.850333333333333
10.815,-4.861166666666667
10.815416666666666,-4.864999999999999
10.815833333333334,-4.870333333333333
10.81625,-4.870833333333334
10.816666666666666,-4.873166666666667
10.817083333333333,-4.8775
10.8175,-4.880833333333333
10.817916666666667,-4.891666666666667
10.818333333333333,-4.8975
10.81875,-4.896166666666667
10.819166666666666,-4.8950000000000005
10.819583333333334,-4.894833333333334
10.82,-4.894833333333334
10.820416666666667,-4.890000000000001
10.820833333333333,-4.879333333333332
10.82125,-4.8580000000000005
10.821666666666667,-4.835500000000001
10.822083333333333,-4.826666666666667
10.8225,-4.8295
10.822916666666666,-4.8435
10.823333333333334,-4.865
10.82375,-4.890666666666666
10.824166666666667,-4.9205
10.824583333333333,-4.9385
10.825,-4.938
10.825416666666667,-4.928999999999999
10.825833333333334,-4.91
10.82625,-4.900666666666667
10.826666666666666,-4.896166666666667
10.827083333333333,-4.886666666666667
10.8275,-4.8855
10.827916666666667,-4.878
10.828333333333333,-4.8806666666666665
10.82875,-4.888166666666667
10.829166666666667,-4.889666666666667
10.829583333333334,-4.885
10.83,-4.8823333333333325
10.830416666666666,-4.875333333333334
10.830833333333333,-4.871166666666666
10.83125,-4.876833333333333
10.831666666666667,-4.882833333333334
10.832083333333333,-4.902166666666667
10.8325,-4.918166666666667
10.832916666666666,-4.937166666666667
10.833333333333334,-4.9463333333333335
10.83375,-4.941833333333334
10.834166666666667,-4.925333333333334
10.834583333333333,-4.887333333333333
10.835,-4.842666666666666
10.835416666666667,-4.794833333333333
10.835833333333333,-4.7475
10.83625,-4.718833333333333
10.836666666666666,-4.7055
10.837083333333334,-4.7205
10.8375,-4.7605
10.837916666666667,-4.8045
10.838333333333333,-4.854666666666667
10.83875,-4.8795
10.839166666666667,-4.896833333333333
10.839583333333334,-4.8975
10.84,-4.8735
10.840416666666666,-4.851333333333334
10.840833333333334,-4.820499999999999
10.84125,-4.7955
10.841666666666667,-4.780833333333334
10.842083333333333,-4.771666666666667
10.8425,-4.771333333333334
10.842916666666667,-4.778
10.843333333333334,-4.7855
10.84375,-4.798
10.844166666666666,-4.8101666666666665
10.844583333333333,-4.820666666666667
10.845,-4.836166666666666
10.845416666666667,-4.854666666666667
10.845833333333333,-4.869
10.84625,-4.876
10.846666666666666,-4.882000000000001
10.847083333333334,-4.883333333333333
10.8475,-4.883333333333334
10.847916666666666,-4.881
10.848333333333333,-4.883666666666667
10.84875,-4.881666666666667
10.849166666666667,-4.8805000000000005
10.849583333333333,-4.885833333333333
10.85,-4.880999999999999
10.850416666666666,-4.875333333333333
10.850833333333334,-4.8726666666666665
10.85125,-4.876166666666666
10.851666666666667,-4.876333333333334
10.852083333333333,-4.863166666666667
10.8525,-4.846
10.852916666666667,-4.821333333333333
10.853333333333333,-4.806666666666666
10.85375,-4.812
10.854166666666666,-4.8145
10.854583333333334,-4.831499999999999
10.855,-4.849166666666666
10.855416666666667,-4.862166666666667
10.855833333333333,-4.8715
10.85625,-4.868166666666667
10.856666666666667,-4.869
10.857083333333334,-4.87
10.8575,-4.882000000000001
10.857916666666666,-4.899333333333334
10.858333333333333,-4.907
10.85875,-4.9125000000000005
10.859166666666667,-4.916833333333333
10.859583333333333,-4.9206666666666665
10.86,-4.928166666666667
10.860416666666667,-4.928
10.860833333333334,-4.925333333333334
10.86125,-4.9135
10.861666666666666,-4.901333333333333
10.862083333333333,-4.899
10.8625,-4.898000000000001
10.862916666666667,-4.902666666666666
10.863333333333333,-4.909999999999999
10.86375,-4.913333333333333
10.864166666666666,-4.915333333333334
10.864583333333334,-4.914166666666667
10.865,-4.9075
10.865416666666667,-4.907
10.865833333333333,-4.9093333333333335
10.86625,-4.921499999999999
10.866666666666667,-4.930000000000001
10.867083333333333,-4.934166666666667
10.8675,-4.9398333333333335
10.867916666666666,-4.9430000000000005
10.868333333333334,-4.9595
10.86875,-4.976666666666667
10.869166666666667,-4.991333333333333
10.869583333333333,-4.9975
10.87,-5.003666666666667
10.870416666666667,-5.011
10.870833333333334,-5.015833333333333
10.87125,-5.019333333333333
10.871666666666666,-5.021833333333333
10.872083333333334,-5.026
10.8725,-5.029166666666667
10.872916666666667,-5.026833333333333
10.873333333333333,-5.016333333333333
10.87375,-5.001
10.874166666666667,-4.9816666666666665
10.874583333333334,-4.968166666666667
10.875,-4.952999999999999
10.875416666666666,-4.941833333333334
10.875833333333333,-4.937833333333334
10.87625,-4.9485
10.876666666666667,-4.971666666666667
10.877083333333333,-4.993166666666666
10.8775,-5.005666666666667
10.877916666666666,-5.0095
10.878333333333334,-4.997166666666666
10.87875,-4.977166666666666
10.879166666666666,-4.9615
10.879583333333333,-4.9526666666666666
10.88,-4.959333333333333
10.880416666666667,-4.984333333333333
10.880833333333333,-5.0125
10.88125,-5.026
10.881666666666666,-5.030666666666666
10.882083333333334,-5.011500000000001
10.8825,-4.982
10.882916666666667,-4.942666666666667
10.883333333333333,-4.905833333333334
10.88375,-4.882666666666666
10.884166666666667,-4.859666666666667
10.884583333333333,-4.865333333333333
10.885,-4.875
10.885416666666666,-4.889499999999999
10.885833333333334,-4.914333333333333
10.88625,-4.922999999999999
10.886666666666667,-4.948166666666666
10.887083333333333,-4.968
10.8875,-4.992
10.887916666666667,-5.0305
10.888333333333334,-5.058666666666667
10.88875,-5.093333333333333
10.889166666666666,-5.107500000000001
10.889583333333333,-5.1114999999999995
10.89,-5.108333333333333
10.890416666666667,-5.092833333333334
10.890833333333333,-5.088166666666667
10.89125,-5.094166666666667
10.891666666666667,-5.1001666666666665
10.892083333333334,-5.106333333333333
10.8925,-5.110333333333333
10.892916666666666,-5.0935
10.893333333333333,-5.066833333333334
10.89375,-5.0345
10.894166666666667,-5.014833333333334
10.894583333333333,-5.0073333333333325
10.895,-5.004333333333334
10.895416666666666,-5.002
10.895833333333334,-4.989333333333334
10.89625,-4.971166666666667
10.896666666666667,-4.947166666666667
10.897083333333333,-4.930666666666666
10.8975,-4.920166666666667
10.897916666666667,-4.933333333333334
10.898333333333333,-4.962833333333333
10.89875,-5.004166666666667
10.899166666666666,-5.0395
10.899583333333334,-5.049166666666666
10.9,-5.046
10.900416666666667,-5.021999999999999
10.900833333333333,-4.998666666666668
10.90125,-4.968833333333333
10.901666666666667,-4.9558333333333335
10.902083333333334,-4.965
10.9025,-4.988333333333333
10.902916666666666,-5.035
10.903333333333334,-5.068
10.90375,-5.096333333333333
10.904166666666667,-5.095166666666667
10.904583333333333,-5.064166666666666
10.905,-5.0168333333333335
10.905416666666667,-4.954666666666667
10.905833333333334,-4.908666666666667
10.90625,-4.885833333333333
10.906666666666666,-4.894333333333333
10.907083333333333,-4.913333333333334
10.9075,-4.941333333333334
10.907916666666667,-4.961333333333333
10.908333333333333,-4.9735000000000005
10.90875,-4.978166666666667
10.909166666666666,-4.970833333333332
10.909583333333334,-4.972333333333333
10.91,-4.9795
10.910416666666666,-4.994666666666666
10.910833333333333,-5.009
10.91125,-5.0115
10.911666666666667,-5.002
10.912083333333333,-4.991333333333333
10.9125,-4.98
10.912916666666666,-4.9805
10.913333333333334,-4.982833333333333
10.91375,-4.984666666666667
10.914166666666667,-4.996666666666666
10.914583333333333,-5.012833333333334
10.915,-5.035
10.915416666666667,-5.0488333333333335
10.915833333333333,-5.064333333333334
10.91625,-5.074833333333333
10.916666666666666,-5.071666666666666
10.917083333333334,-5.058333333333334
10.9175,-5.0315
10.917916666666667,-5.007333333333333
10.918333333333333,-4.986833333333333
10.91875,-4.982833333333333
10.919166666666667,-4.989333333333334
10.919583333333334,-4.9976666666666665
10.92,-5.001166666666666
10.920416666666666,-4.994666666666666
10.920833333333333,-4.988333333333333
10.92125,-4.979
10.921666666666667,-4.981166666666667
10.922083333333333,-5.000666666666667
10.9225,-5.022333333333333
10.922916666666667,-5.037333333333334
10.923333333333334,-5.051000000000001
10.92375,-5.052666666666667
10.924166666666666,-5.048166666666666
10.924583333333333,-5.031666666666666
10.925,-5.013833333333333
10.925416666666667,-5.007166666666667
10.925833333333333,-4.989333333333334
10.92625,-4.991
10.926666666666666,-4.988499999999999
10.927083333333334,-4.990833333333334
10.9275,-5.003666666666667
10.927916666666667,-5.000666666666667
10.928333333333333,-5.0040000000000004
10.92875,-4.989333333333334
10.929166666666667,-4.9745
10.929583333333333,-4.9526666666666666
10.93,-4.9398333333333335
10.930416666666666,-4.945
10.930833333333334,-4.955
10.93125,-4.985833333333333
10.931666666666667,-5.0075
10.932083333333333,-5.024
10.9325,-5.026833333333333
10.932916666666667,-5.028666666666666
10.933333333333334,-5.032500000000001
10.93375,-5.021666666666667
10.934166666666666,-5.021
10.934583333333334,-5.031333333333333
10.935,-5.0441666666666665
10.935416666666667,-5.0615
10.935833333333333,-5.078
10.93625,-5.095833333333333
10.936666666666667,-5.1095
10.937083333333334,-5.120666666666667
10.9375,-5.123
10.937916666666666,-5.106000000000001
10.938333333333333,-5.0793333333333335
10.93875,-5.0488333333333335
10.939166666666667,-5.022333333333333
10.939583333333333,-5.004833333333333
10.94,-5.009666666666667
10.940416666666666,-5.0355
10.940833333333334,-5.070833333333334
10.94125,-5.114666666666666
10.941666666666666,-5.1499999999999995
10.942083333333333,-5.168833333333333
10.9425,-5.167333333333333
10.942916666666667,-5.146000000000001
10.943333333333333,-5.114833333333333
10.94375,-5.0735
10.944166666666666,-5.043833333333333
10.944583333333334,-5.028333333333333
10.945,-5.019666666666667
10.945416666666667,-5.035166666666666
10.945833333333333,-5.053
10.94625,-5.065166666666666
10.946666666666667,-5.074166666666667
10.947083333333333,-5.067833333333334
10.9475,-5.0616666666666665
10.947916666666666,-5.039166666666667
10.948333333333334,-5.016666666666667
10.94875,-5.002833333333333
10.949166666666667,-4.985333333333333
10.949583333333333,-4.980333333333333
10.95,-4.9736666666666665
10.950416666666667,-4.973833333333332
10.950833333333334,-4.989333333333334
10.95125,-5.019833333333334
10.951666666666666,-5.067833333333334
10.952083333333333,-5.108666666666667
10.9525,-5.14
10.952916666666667,-5.150833333333334
10.953333333333333,-5.135333333333333
10.95375,-5.102833333333333
10.954166666666667,-5.051666666666667
10.954583333333334,-5.008166666666667
10.955,-4.971833333333333
10.955416666666666,-4.953333333333333
10.955833333333333,-4.9565
10.95625,-4.973833333333332
10.956666666666667,-5.009
10.957083333333333,-5.049833333333333
10.9575,-5.089166666666666
10.957916666666666,-5.112833333333334
10.958333333333334,-5.103000000000001
10.95875,-5.062166666666667
10.959166666666667,-5.0055
10.959583333333333,-4.940333333333333
10.96,-4.893666666666667
10.960416666666667,-4.883166666666667
10.960833333333333,-4.901333333333333
10.96125,-4.933833333333333
10.961666666666666,-4.971166666666666
10.962083333333334,-4.9995
10.9625,-5.0104999999999995
10.962916666666667,-5.007833333333333
10.963333333333333,-5.005
10.96375,-5.0125
10.964166666666667,-5.03
10.964583333333334,-5.053333333333334
10.965,-5.0856666666666674
10.965416666666666,-5.114
10.965833333333334,-5.131166666666666
10.96625,-5.135666666666666
10.966666666666667,-5.117166666666667
10.967083333333333,-5.089833333333334
10.9675,-5.051166666666666
10.967916666666667,-5.018166666666667
10.968333333333334,-4.993166666666666
10.96875,-4.975
10.969166666666666,-4.967833333333333
10.969583333333333,-4.967166666666667
10.97,-4.972666666666666
10.970416666666667,-4.9705
10.970833333333333,-4.962666666666666
10.97125,-4.960333333333334
10.971666666666666,-4.966833333333333
10.972083333333334,-4.978833333333333
10.9725,-4.991666666666666
10.972916666666666,-4.990833333333334
10.973333333333333,-4.979500000000001
10.97375,-4.9624999999999995
10.974166666666667,-4.952833333333333
10.974583333333333,-4.952166666666667
10.975,-4.957
10.975416666666666,-4.9655
10.975833333333334,-4.981333333333333
10.97625,-4.9993333333333325
10.976666666666667,-5.004333333333334
10.977083333333333,-5.004
10.9775,-4.999
10.977916666666667,-5.003166666666666
10.978333333333333,-5.012166666666666
10.97875,-5.0248333333333335
10.979166666666666,-5.033833333333333
10.979583333333334,-5.037333333333333
10.98,-5.040166666666667
10.980416666666667,-5.0395
10.980833333333333,-5.045166666666667
10.98125,-5.0553333333333335
10.981666666666667,-5.075666666666667
10.982083333333334,-5.094333333333333
10.9825,-5.123666666666666
10.982916666666666,-5.151333333333333
10.983333333333333,-5.165
10.98375,-5.165333333333333
10.984166666666667,-5.148499999999999
10.984583333333333,-5.13
10.985,-5.1135
10.985416666666667,-5.1000000000000005
10.985833333333334,-5.095666666666667
10.98625,-5.084833333333333
10.986666666666666,-5.070833333333334
10.987083333333333,-5.065166666666666
10.9875,-5.045166666666667
10.987916666666667,-5.028666666666667
10.988333333333333,-5.021833333333333
10.98875,-5.027166666666667
10.989166666666666,-5.047833333333333
10.989583333333334,-5.071000000000001
10.99,-5.099166666666666
10.990416666666667,-5.131333333333334
10.990833333333333,-5.166166666666666
10.99125,-5.197333333333333
10.991666666666667,-5.2215
10.992083333333333,-5.222
10.9925,-5.207000000000001
10.992916666666666,-5.173666666666667
10.993333333333334,-5.1241666666666665
10.99375,-5.086166666666667
10.994166666666667,-5.054333333333333
10.994583333333333,-5.049333333333333
10.995,-5.054166666666666
10.995416666666667,-5.073333333333333
10.995833333333334,-5.097333333333334
10.99625,-5.098
10.996666666666666,-5.090166666666667
10.997083333333334,-5.054833333333334
10.9975,-5.016166666666667
10.997916666666667,-4.982333333333333
10.998333333333333,-4.9639999999999995
10.99875,-4.969333333333333
10.999166666666667,-4.986
10.999583333333334,-5.022166666666667
11.0,-5.0648333333333335
11.000416666666666,-5.108
11.000833333333333,-5.139166666666667
11.00125,-5.148000000000001
11.001666666666667,-5.1465000000000005
11.002083333333333,-5.137666666666667
11.0025,-5.110666666666667
11.002916666666666,-5.082333333333334
11.003333333333334,-5.044666666666667
11.00375,-5.008333333333333
11.004166666666666,-4.99
11.004583333333333,-4.981833333333333
11.005,-4.992
11.005416666666667,-5.006833333333333
11.005833333333333,-5.028
11.00625,-5.0601666666666665
11.006666666666666,-5.081833333333333
11.007083333333334,-5.095166666666667
11.0075,-5.106166666666667
11.007916666666667,-5.097166666666666
11.008333333333333,-5.073333333333333
11.00875,-5.041
11.009166666666667,-5.010833333333333
11.009583333333333,-5.000166666666667
11.01,-5.013166666666667
11.010416666666666,-5.038833333333333
11.010833333333334,-5.073666666666666
11.01125,-5.114833333333333
11.011666666666667,-5.147666666666667
11.012083333333333,-5.1611666666666665
11.0125,-5.1575
11.012916666666667,-5.148666666666667
11.013333333333334,-5.1498333333333335
11.01375,-5.168
11.014166666666666,-5.190666666666666
11.014583333333333,-5.209833333333333
11.015,-5.2138333333333335
11.015416666666667,-5.215
11.015833333333333,-5.2059999999999995
11.01625,-5.1815
11.016666666666667,-5.156333333333333
11.017083333333334,-5.137666666666666
11.0175,-5.132833333333334
11.017916666666666,-5.147
11.018333333333333,-5.171
11.01875,-5.1866666666666665
11.019166666666667,-5.186166666666667
11.019583333333333,-5.16
11.02,-5.121833333333334
11.020416666666666,-5.071666666666666
11.020833333333334,-5.032333333333334
11.02125,-5.015666666666667
11.021666666666667,-5.027833333333334
11.022083333333333,-5.072666666666667
11.0225,-5.121333333333333
11.022916666666667,-5.1643333333333326
11.023333333333333,-5.1898333333333335
11.02375,-5.200833333333334
11.024166666666666,-5.1978333333333335
11.024583333333334,-5.182833333333334
11.025,-5.167666666666666
11.025416666666667,-5.1545
11.025833333333333,-5.141666666666667
11.02625,-5.133
11.026666666666667,-5.116666666666666
11.027083333333334,-5.097833333333333
11.0275,-5.085
11.027916666666666,-5.0698333333333325
11.028333333333334,-5.0705
11.02875,-5.072666666666667
11.029166666666667,-5.083833333333334
11.029583333333333,-5.103
11.03,-5.119833333333333
11.030416666666667,-5.143
11.030833333333334,-5.153
11.03125,-5.161833333333333
11.031666666666666,-5.168333333333333
11.032083333333333,-5.1625000000000005
11.0325,-5.151000000000001
11.032916666666667,-5.126166666666666
11.033333333333333,-5.088
11.03375,-5.054166666666666
11.034166666666666,-5.038833333333333
11.034583333333334,-5.042666666666666
11.035,-5.0568333333333335
11.035416666666666,-5.0745000000000005
11.035833333333333,-5.105333333333333
11.03625,-5.139
11.036666666666667,-5.16
11.037083333333333,-5.171833333333333
11.0375,-5.170333333333333
11.037916666666666,-5.168666666666667
11.038333333333334,-5.175833333333333
11.03875,-5.1803333333333335
11.039166666666667,-5.1765
11.039583333333333,-5.162333333333334
11.04,-5.142666666666666
11.040416666666667,-5.120666666666667
11.040833333333333,-5.094833333333333
11.04125,-5.071166666666667
11.041666666666666,-5.062166666666666
11.042083333333334,-5.061
11.0425,-5.070166666666666
11.042916666666667,-5.089333333333333
11.043333333333333,-5.1095
11.04375,-5.127666666666666
11.044166666666667,-5.1315
11.044583333333334,-5.119833333333333
11.045,-5.091833333333334
11.045416666666666,-5.056666666666666
11.045833333333333,-5.0135
11.04625,-4.9768333333333326
11.046666666666667,-4.9544999999999995
11.047083333333333,-4.9485
11.0475,-4.963666666666667
11.047916666666667,-4.989
11.048333333333334,-5.014833333333333
11.04875,-5.0264999999999995
11.049166666666666,-5.033166666666667
11.049583333333333,-5.039833333333333
11.05,-5.048333333333333
11.050416666666667,-5.060666666666666
11.050833333333333,-5.067833333333334
11.05125,-5.070166666666666
11.051666666666666,-5.062333333333334
11.052083333333334,-5.053166666666667
11.0525,-5.047999999999999
11.052916666666667,-5.036333333333333
11.053333333333333,-5.029
11.05375,-5.022833333333334
11.054166666666667,-5.016666666666667
11.054583333333333,-5.010833333333334
11.055,-5.0105
11.055416666666666,-5.018666666666667
11.055833333333334,-5.0325
11.05625,-5.057333333333333
11.056666666666667,-5.081166666666667
11.057083333333333,-5.102833333333333
11.0575,-5.113666666666666
11.057916666666667,-5.113333333333333
11.058333333333334,-5.1075
11.05875,-5.0935
11.059166666666666,-5.082833333333333
11.059583333333334,-5.070666666666667
11.06,-5.052333333333333
11.060416666666667,-5.0360000000000005
11.060833333333333,-5.0263333333333335
11.06125,-5.0249999999999995
11.061666666666667,-5.0295
11.062083333333334,-5.0325
11.0625,-5.029166666666666
11.062916666666666,-5.022666666666667
11.063333333333333,-5.013833333333333
11.06375,-5.005
11.064166666666667,-5.0058333333333325
11.064583333333333,-5.019166666666666
11.065,-5.037
11.065416666666666,-5.062666666666666
11.065833333333334,-5.089833333333334
11.06625,-5.114333333333334
11.066666666666666,-5.139
11.067083333333333,-5.159666666666666
11.0675,-5.180166666666667
11.067916666666667,-5.201666666666667
11.068333333333333,-5.220166666666667
11.06875,-5.232500000000001
11.069166666666666,-5.227
11.069583333333334,-5.207
11.07,-5.18
11.070416666666667,-5.1433333333333335
11.070833333333333,-5.116
11.07125,-5.082000000000001
11.071666666666667,-5.059666666666666
11.072083333333333,-5.052333333333333
11.0725,-5.052499999999999
11.072916666666666,-5.0685
11.073333333333334,-5.0776666666666666
11.07375,-5.101500000000001
11.074166666666667,-5.121166666666666
11.074583333333333,-5.1415
11.075,-5.156833333333334
11.075416666666667,-5.156
11.075833333333334,-5.152666666666668
11.07625,-5.1365
11.076666666666666,-5.134166666666666
11.077083333333333,-5.141666666666667
11.0775,-5.1578333333333335
11.077916666666667,-5.176333333333333
11.078333333333333,-5.176500000000001
11.07875,-5.154833333333333
11.079166666666667,-5.118333333333333
11.079583333333334,-5.081166666666667
11.08,-5.059166666666666
11.080416666666666,-5.052333333333333
11.080833333333333,-5.0625
11.08125,-5.095333333333333
11.081666666666667,-5.126166666666666
11.082083333333333,-5.146333333333334
11.0825,-5.159166666666667
11.082916666666666,-5.1578333333333335
11.083333333333334,-5.1585
11.08375,-5.160333333333333
11.084166666666667,-5.151166666666668
11.084583333333333,-5.13
11.085,-5.097666666666667
11.085416666666667,-5.082833333333333
11.085833333333333,-5.0711666666666675
11.08625,-5.064166666666666
11.086666666666666,-5.071
11.087083333333334,-5.059833333333334
11.0875,-5.047666666666666
11.087916666666667,-5.0325
11.088333333333333,-5.0185
11.08875,-5.020499999999999
11.089166666666667,-5.032
11.089583333333334,-5.065333333333332
11.09,-5.099666666666667
11.090416666666666,-5.1321666666666665
11.090833333333334,-5.158666666666666
11.09125,-5.1785000000000005
11.091666666666667,-5.191666666666666
11.092083333333333,-5.201333333333333
11.0925,-5.2075000000000005
11.092916666666667,-5.192666666666667
11.093333333333334,-5.176
11.09375,-5.154166666666667
11.094166666666666,-5.135666666666666
11.094583333333333,-5.127833333333333
11.095,-5.119666666666666
11.095416666666667,-5.120333333333334
11.095833333333333,-5.118166666666666
11.09625,-5.115666666666667
11.096666666666666,-5.111166666666667
11.097083333333334,-5.104666666666667
11.0975,-5.101166666666667
11.097916666666666,-5.091166666666666
11.098333333333333,-5.080666666666667
11.09875,-5.070166666666666
11.099166666666667,-5.0569999999999995
11.099583333333333,-5.049666666666666
11.1,-5.051666666666667
11.100416666666666,-5.0635
11.100833333333334,-5.0915
11.10125,-5.129666666666666
11.101666666666667,-5.160833333333333
11.102083333333333,-5.180499999999999
11.1025,-5.174
11.102916666666667,-5.158
11.103333333333333,-5.138833333333333
11.10375,-5.11
11.104166666666666,-5.089333333333333
11.104583333333334,-5.075666666666667
11.105,-5.075
11.105416666666667,-5.074333333333334
11.105833333333333,-5.075833333333333
11.10625,-5.068
11.106666666666667,-5.049166666666667
11.107083333333334,-5.037333333333334
11.1075,-5.0249999999999995
11.107916666666666,-5.027
11.108333333333333,-5.031
11.10875,-5.044833333333333
11.109166666666667,-5.066833333333334
11.109583333333333,-5.083666666666667
11.11,-5.1113333333333335
11.110416666666667,-5.138833333333333
11.110833333333334,-5.162166666666667
11.11125,-5.181166666666667
11.111666666666666,-5.188833333333334
11.112083333333333,-5.177666666666667
11.1125,-5.157666666666667
11.112916666666667,-5.131333333333333
11.113333333333333,-5.098166666666667
11.11375,-5.084333333333333
11.114166666666666,-5.075333333333333
11.114583333333334,-5.079999999999999
11.115,-5.084833333333333
11.115416666666667,-5.078666666666667
11.115833333333333,-5.0680000000000005
11.11625,-5.042166666666667
11.116666666666667,-5.037333333333333
11.117083333333333,-5.040333333333333
11.1175,-5.051666666666667
11.117916666666666,-5.071666666666666
11.118333333333334,-5.086666666666667
11.11875,-5.102833333333334
11.119166666666667,-5.101166666666667
11.119583333333333,-5.106
11.12,-5.103833333333333
11.120416666666667,-5.101500000000001
11.120833333333334,-5.123666666666666
11.12125,-5.1290000000000004
11.121666666666666,-5.141
11.122083333333334,-5.137666666666667
11.1225,-5.1305000000000005
11.122916666666667,-5.130833333333333
11.123333333333333,-5.117500000000001
11.12375,-5.134333333333333
11.124166666666667,-5.142500000000001
11.124583333333334,-5.155333333333333
11.125,-5.184833333333334
11.125416666666666,-5.197666666666667
11.125833333333333,-5.215333333333334
11.12625,-5.2123333333333335
11.126666666666667,-5.1979999999999995
11.127083333333333,-5.176833333333334
11.1275,-5.144166666666667
11.127916666666666,-5.1325
11.128333333333334,-5.109166666666667
11.12875,-5.090166666666667
11.129166666666666,-5.082833333333333
11.129583333333333,-5.071000000000001
11.13,-5.069500000000001
11.130416666666667,-5.064333333333334
11.130833333333333,-5.067333333333334
11.13125,-5.0665000000000004
11.131666666666666,-5.0705
11.132083333333334,-5.090333333333334
11.1325,-5.102833333333333
11.132916666666667,-5.124833333333334
11.133333333333333,-5.144333333333334
11.13375,-5.163166666666666
11.134166666666667,-5.181833333333333
11.134583333333333,-5.194
11.135,-5.202000000000001
11.135416666666666,-5.207833333333333
11.135833333333334,-5.2145
11.13625,-5.220666666666666
11.136666666666667,-5.221333333333334
11.137083333333333,-5.210333333333334
11.1375,-5.2043333333333335
11.137916666666667,-5.184833333333334
11.138333333333334,-5.169833333333333
11.13875,-5.1575
11.139166666666666,-5.144666666666667
11.139583333333333,-5.155166666666666
11.14,-5.159333333333333
11.140416666666667,-5.161666666666666
11.140833333333333,-5.158166666666666
11.14125,-5.142499999999999
11.141666666666667,-5.125166666666666
11.142083333333334,-5.101333333333334
11.1425,-5.076999999999999
11.142916666666666,-5.056166666666667
11.143333333333333,-5.037833333333333
11.14375,-5.030833333333333
11.144166666666667,-5.032666666666667
11.144583333333333,-5.040833333333333
11.145,-5.064
11.145416666666666,-5.0936666666666675
11.145833333333334,-5.115333333333333
11.14625,-5.115333333333333
11.146666666666667,-5.102833333333334
11.147083333333333,-5.079833333333333
11.1475,-5.058833333333333
11.147916666666667,-5.051166666666666
11.148333333333333,-5.054333333333333
11.14875,-5.075666666666667
11.149166666666666,-5.102666666666667
11.149583333333334,-5.128833333333334
11.15,-5.138833333333333
11.150416666666667,-5.134166666666666
11.150833333333333,-5.124833333333334
11.15125,-5.118
11.151666666666667,-5.123333333333334
11.152083333333334,-5.127333333333333
11.1525,-5.1228333333333325
11.152916666666666,-5.115333333333334
11.153333333333334,-5.102166666666667
11.15375,-5.090333333333334
11.154166666666667,-5.085166666666667
11.154583333333333,-5.084333333333333
11.155,-5.103333333333333
11.155416666666667,-5.128
11.155833333333334,-5.156666666666666
11.15625,-5.191833333333333
11.156666666666666,-5.208333333333333
11.157083333333333,-5.217333333333333
11.1575,-5.222333333333332
11.157916666666667,-5.213333333333334
11.158333333333333,-5.209166666666667
11.15875,-5.2011666666666665
11.159166666666666,-5.190833333333334
11.159583333333334,-5.181166666666667
11.16,-5.155
11.160416666666666,-5.123333333333332
11.160833333333333,-5.087666666666666
11.16125,-5.057833333333334
11.161666666666667,-5.0473333333333334
11.162083333333333,-5.057833333333334
11.1625,-5.079999999999999
11.162916666666666,-5.111833333333333
11.163333333333334,-5.142166666666667
11.16375,-5.170166666666667
11.164166666666667,-5.191833333333334
11.164583333333333,-5.200166666666667
11.165,-5.208666666666667
11.165416666666667,-5.209833333333333
11.165833333333333,-5.209166666666667
11.16625,-5.205333333333333
11.166666666666666,-5.1925
11.167083333333334,-5.1738333333333335
11.1675,-5.155333333333334
11.167916666666667,-5.149666666666667
11.168333333333333,-5.153666666666667
11.16875,-5.159666666666667
11.169166666666667,-5.161833333333333
11.169583333333334,-5.157166666666666
11.17,-5.163
11.170416666666666,-5.164666666666666
11.170833333333333,-5.164333333333333
11.17125,-5.163666666666667
11.171666666666667,-5.1635
11.172083333333333,-5.175666666666666
11.1725,-5.179166666666666
11.172916666666667,-5.1786666666666665
11.173333333333334,-5.173166666666666
11.17375,-5.1615
11.174166666666666,-5.1605
11.174583333333333,-5.167000000000001
11.175,-5.171166666666667
11.175416666666667,-5.1818333333333335
11.175833333333333,-5.1975
11.17625,-5.217
11.176666666666666,-5.232833333333333
11.177083333333334,-5.236666666666667
11.1775,-5.234000000000001
11.177916666666667,-5.2236666666666665
11.178333333333333,-5.2075000000000005
11.17875,-5.196666666666666
11.179166666666667,-5.187333333333334
11.179583333333333,-5.173666666666667
11.18,-5.168833333333333
11.180416666666666,-5.167666666666666
11.180833333333334,-5.172833333333333
11.18125,-5.173333333333333
11.181666666666667,-5.174166666666667
11.182083333333333,-5.1895
11.1825,-5.213666666666667
11.182916666666667,-5.245333333333334
11.183333333333334,-5.268166666666667
11.18375,-5.2795
11.184166666666666,-5.2861666666666665
11.184583333333334,-5.292000000000001
11.185,-5.293166666666667
11.185416666666667,-5.2845
11.185833333333333,-5.270166666666667
11.18625,-5.259
11.186666666666667,-5.238166666666667
11.187083333333334,-5.209333333333333
11.1875,-5.183666666666666
11.187916666666666,-5.161666666666666
11.188333333333333,-5.156166666666667
11.18875,-5.1685
11.189166666666667,-5.186
11.189583333333333,-5.202333333333333
11.19,-5.215833333333333
11.190416666666666,-5.217
11.190833333333334,-5.21
11.19125,-5.195
11.191666666666666,-5.194166666666667
11.192083333333333,-5.211
11.1925,-5.2315
11.192916666666667,-5.262666666666667
11.193333333333333,-5.2935
11.19375,-5.318333333333334
11.194166666666666,-5.335333333333334
11.194583333333334,-5.336000000000001
11.195,-5.320833333333334
11.195416666666667,-5.307166666666666
11.195833333333333,-5.300333333333334
11.19625,-5.306333333333334
11.196666666666667,-5.311333333333334
11.197083333333333,-5.315166666666666
11.1975,-5.323333333333333
11.197916666666666,-5.322833333333333
11.198333333333334,-5.321166666666667
11.19875,-5.304166666666666
11.199166666666667,-5.274
11.199583333333333,-5.243333333333333
11.2,-5.2106666666666674
11.200416666666667,-5.193833333333333
11.200833333333334,-5.177666666666666
11.20125,-5.160833333333334
11.201666666666666,-5.153833333333333
11.202083333333333,-5.145333333333333
11.2025,-5.1499999999999995
11.202916666666667,-5.1610000000000005
11.203333333333333,-5.177166666666666
11.20375,-5.1883333333333335
11.204166666666667,-5.19
11.204583333333334,-5.1866666666666665
11.205,-5.1739999999999995
11.205416666666666,-5.146166666666667
11.205833333333333,-5.120500000000001
11.20625,-5.1129999999999995
11.206666666666667,-5.121333333333333
11.207083333333333,-5.137
11.2075,-5.148666666666667
11.207916666666666,-5.155
11.208333333333334,-5.143999999999999
11.20875,-5.143833333333333
11.209166666666667,-5.1496666666666675
11.209583333333333,-5.160166666666666
11.21,-5.182333333333333
11.210416666666667,-5.199666666666666
11.210833333333333,-5.221666666666667
11.21125,-5.228833333333333
11.211666666666666,-5.2175
11.212083333333334,-5.193833333333333
11.2125,-5.160333333333333
11.212916666666667,-5.141166666666667
11.213333333333333,-5.139333333333333
11.21375,-5.1385
11.214166666666667,-5.149833333333333
11.214583333333334,-5.158166666666666
11.215,-5.1645
11.215416666666666,-5.177166666666667
11.215833333333334,-5.163333333333333
11.21625,-5.1513333333333335
11.216666666666667,-5.134666666666667
11.217083333333333,-5.123
11.2175,-5.118333333333333
11.217916666666667,-5.102999999999999
11.218333333333334,-5.095666666666666
11.21875,-5.09
11.219166666666666,-5.0885
11.219583333333333,-5.098
11.22,-5.112500000000001
11.220416666666667,-5.126666666666667
11.220833333333333,-5.1466666666666665
11.22125,-5.153666666666667
11.221666666666666,-5.158166666666666
11.222083333333334,-5.1578333333333335
11.2225,-5.153
11.222916666666666,-5.1468333333333325
11.223333333333333,-5.124
11.22375,-5.106
11.224166666666667,-5.094833333333333
11.224583333333333,-5.095166666666667
11.225,-5.105833333333333
11.225416666666666,-5.1241666666666665
11.225833333333334,-5.1545
11.22625,-5.182166666666666
11.226666666666667,-5.213500000000001
11.227083333333333,-5.237833333333334
11.2275,-5.249333333333333
11.227916666666667,-5.265666666666665
11.228333333333333,-5.280666666666667
11.22875,-5.290333333333334
11.229166666666666,-5.291166666666666
11.229583333333334,-5.287333333333334
11.23,-5.283166666666666
11.230416666666667,-5.270166666666667
11.230833333333333,-5.250333333333334
11.23125,-5.2364999999999995
11.231666666666667,-5.219166666666666
11.232083333333334,-5.210833333333333
11.2325,-5.224833333333334
11.232916666666666,-5.2395000000000005
11.233333333333333,-5.2505
11.23375,-5.25
11.234166666666667,-5.238
11.234583333333333,-5.209
11.235,-5.174499999999999
11.235416666666667,-5.145833333333334
11.235833333333334,-5.128833333333334
11.23625,-5.12
11.236666666666666,-5.111666666666666
11.237083333333333,-5.123
11.2375,-5.118833333333334
11.237916666666667,-5.118333333333333
11.238333333333333,-5.1258333333333335
11.23875,-5.1274999999999995
11.239166666666666,-5.138833333333333
11.239583333333334,-5.133166666666667
11.24,-5.1395
11.240416666666667,-5.143833333333333
11.240833333333333,-5.147833333333334
11.24125,-5.166833333333334
11.241666666666667,-5.178666666666667
11.242083333333333,-5.186333333333334
11.2425,-5.181166666666667
11.242916666666666,-5.174499999999999
11.243333333333334,-5.167333333333333
11.24375,-5.166333333333333
11.244166666666667,-5.186
11.244583333333333,-5.207166666666667
11.245,-5.224166666666666
11.245416666666667,-5.241833333333333
11.245833333333334,-5.2485
11.24625,-5.247
11.246666666666666,-5.239333333333334
11.247083333333334,-5.2265
11.2475,-5.227166666666666
11.247916666666667,-5.2175
11.248333333333333,-5.216166666666667
11.24875,-5.219666666666668
11.249166666666667,-5.217833333333334
11.249583333333334,-5.239
11.25,-5.263833333333333
11.250416666666666,-5.289666666666666
11.250833333333333,-5.313666666666667
11.25125,-5.328333333333333
11.251666666666667,-5.3373333333333335
11.252083333333333,-5.332333333333334
11.2525,-5.298166666666666
11.252916666666666,-5.254166666666666
11.253333333333334,-5.200833333333334
11.25375,-5.151
11.254166666666666,-5.117333333333334
11.254583333333333,-5.086833333333334
11.255,-5.075499999999999
11.255416666666667,-5.072666666666667
11.255833333333333,-5.078833333333333
11.25625,-5.088333333333334
11.256666666666666,-5.087666666666666
11.257083333333334,-5.085999999999999
11.2575,-5.079666666666667
11.257916666666667,-5.071
11.258333333333333,-5.073666666666667
11.25875,-5.0840000000000005
11.259166666666667,-5.112166666666667
11.259583333333333,-5.161833333333333
11.26,-5.209
11.260416666666666,-5.255166666666667
11.260833333333334,-5.291833333333333
11.26125,-5.314166666666666
11.261666666666667,-5.328666666666667
11.262083333333333,-5.316999999999999
11.2625,-5.3105
11.262916666666667,-5.3021666666666665
11.263333333333334,-5.289333333333333
11.26375,-5.286833333333333
11.264166666666666,-5.269166666666666
11.264583333333333,-5.244166666666666
11.265,-5.216666666666667
11.265416666666667,-5.185333333333333
11.265833333333333,-5.154
11.26625,-5.134166666666666
11.266666666666667,-5.129666666666667
11.267083333333334,-5.139
11.2675,-5.1578333333333335
11.267916666666666,-5.1895
11.268333333333333,-5.219
11.26875,-5.242333333333334
11.269166666666667,-5.2603333333333335
11.269583333333333,-5.272166666666666
11.27,-5.279833333333333
11.270416666666666,-5.282333333333334
11.270833333333334,-5.284166666666667
11.27125,-5.2731666666666674
11.271666666666667,-5.251
11.272083333333333,-5.229500000000001
11.2725,-5.208833333333334
11.272916666666667,-5.185666666666667
11.273333333333333,-5.167
11.27375,-5.155833333333333
11.274166666666666,-5.155166666666666
11.274583333333334,-5.175
11.275,-5.203833333333333
11.275416666666667,-5.238666666666667
11.275833333333333,-5.2668333333333335
11.27625,-5.271666666666666
11.276666666666667,-5.266333333333333
11.277083333333334,-5.2443333333333335
11.2775,-5.222333333333333
11.277916666666666,-5.212833333333333
11.278333333333334,-5.2091666666666665
11.27875,-5.2105
11.279166666666667,-5.214666666666667
11.279583333333333,-5.2175
11.28,-5.221333333333333
11.280416666666667,-5.2250000000000005
11.280833333333334,-5.234500000000001
11.28125,-5.242500000000001
11.281666666666666,-5.259833333333334
11.282083333333333,-5.274333333333334
11.2825,-5.268
11.282916666666667,-5.253666666666667
11.283333333333333,-5.2145
11.28375,-5.182333333333333
11.284166666666666,-5.151333333333333
11.284583333333334,-5.129333333333333
11.285,-5.116333333333333
11.285416666666666,-5.099166666666666
11.285833333333333,-5.097
11.28625,-5.0935
11.286666666666667,-5.0855
11.287083333333333,-5.075333333333334
11.2875,-5.062833333333333
11.287916666666666,-5.0655
11.288333333333334,-5.083833333333334
11.28875,-5.124833333333333
11.289166666666667,-5.169666666666667
11.289583333333333,-5.205333333333333
11.29,-5.232833333333334
11.290416666666667,-5.228000000000001
11.290833333333333,-5.210999999999999
11.29125,-5.1723333333333334
11.291666666666666,-5.142333333333333
11.292083333333334,-5.136833333333334
11.2925,-5.146666666666667
11.292916666666667,-5.1775
11.293333333333333,-5.213
11.29375,-5.235
11.294166666666667,-5.243833333333334
11.294583333333334,-5.251666666666667
11.295,-5.253
11.295416666666666,-5.256833333333334
11.295833333333333,-5.259166666666666
11.29625,-5.2585
11.296666666666667,-5.253166666666666
11.297083333333333,-5.2348333333333334
11.2975,-5.210833333333333
11.297916666666667,-5.175
11.298333333333334,-5.136666666666666
11.29875,-5.1235
11.299166666666666,-5.122833333333333
11.299583333333333,-5.134333333333333
11.3,-5.165166666666667
11.300416666666667,-5.206333333333334
11.300833333333333,-5.253666666666667
11.30125,-5.291833333333334
11.301666666666666,-5.314666666666667
11.302083333333334,-5.309
11.3025,-5.288666666666667
11.302916666666667,-5.270666666666666
11.303333333333333,-5.247333333333334
11.30375,-5.231833333333333
11.304166666666667,-5.225833333333333
11.304583333333333,-5.234333333333334
11.305,-5.249833333333333
11.305416666666666,-5.2595
11.305833333333334,-5.270333333333333
11.30625,-5.267
11.306666666666667,-5.262
11.307083333333333,-5.249
11.3075,-5.235166666666667
11.307916666666667,-5.2268333333333326
11.308333333333334,-5.2106666666666674
11.30875,-5.217666666666667
11.309166666666666,-5.212833333333333
11.309583333333334,-5.213
11.31,-5.2124999999999995
11.310416666666667,-5.198
11.310833333333333,-5.186333333333334
11.31125,-5.177333333333333
11.311666666666667,-5.182833333333334
11.312083333333334,-5.1948333333333325
11.3125,-5.2115
11.312916666666666,-5.2265
11.313333333333333,-5.261166666666667
11.31375,-5.284999999999999
11.314166666666667,-5.311833333333333
11.314583333333333,-5.337833333333333
11.315,-5.340833333333333
11.315416666666666,-5.355666666666667
11.315833333333334,-5.361666666666667
11.31625,-5.361666666666667
11.316666666666666,-5.355333333333333
11.317083333333333,-5.343333333333334
11.3175,-5.341333333333334
11.317916666666667,-5.334333333333333
11.318333333333333,-5.321666666666666
11.31875,-5.309166666666667
11.319166666666666,-5.295000000000001
11.319583333333334,-5.285166666666667
11.32,-5.2861666666666665
11.320416666666667,-5.285166666666666
11.320833333333333,-5.287333333333334
11.32125,-5.280166666666666
11.321666666666667,-5.2746666666666675
11.322083333333333,-5.276666666666666
11.3225,-5.267666666666666
11.322916666666666,-5.270166666666666
11.323333333333334,-5.262666666666667
11.32375,-5.269166666666667
11.324166666666667,-5.279
11.324583333333333,-5.286666666666667
11.325,-5.3105
11.325416666666667,-5.324666666666666
11.325833333333334,-5.348166666666667
11.32625,-5.361166666666667
11.326666666666666,-5.361666666666667
11.327083333333333,-5.350666666666666
11.3275,-5.3373333333333335
11.327916666666667,-5.326666666666667
11.328333333333333,-5.323166666666666
11.32875,-5.327333333333333
11.329166666666667,-5.331833333333334
11.329583333333334,-5.347833333333334
11.33,-5.348166666666667
11.330416666666666,-5.349
11.330833333333333,-5.351
11.33125,-5.348333333333334
11.331666666666667,-5.363499999999999
11.332083333333333,-5.378666666666667
11.3325,-5.4055
11.332916666666666,-5.439
11.333333333333334,-5.455333333333333
11.33375,-5.4624999999999995
11.334166666666667,-5.455166666666667
11.334583333333333,-5.4405
11.335,-5.422499999999999
11.335416666666667,-5.408333333333334
11.335833333333333,-5.389833333333333
11.33625,-5.376
11.336666666666666,-5.368166666666667
11.337083333333334,-5.355499999999999
11.3375,-5.3535
11.337916666666667,-5.342333333333333
11.338333333333333,-5.329666666666666
11.33875,-5.319833333333334
11.339166666666667,-5.304333333333333
11.339583333333334,-5.302
11.34,-5.3051666666666675
11.340416666666666,-5.319999999999999
11.340833333333334,-5.341166666666667
11.34125,-5.3595
11.341666666666667,-5.3755
11.342083333333333,-5.365666666666667
11.3425,-5.343666666666667
11.342916666666667,-5.314333333333334
11.343333333333334,-5.296
11.34375,-5.304166666666667
11.344166666666666,-5.319500000000001
11.344583333333333,-5.347666666666666
11.345,-5.366333333333333
11.345416666666667,-5.3775
11.345833333333333,-5.390166666666666
11.34625,-5.390333333333333
11.346666666666666,-5.394166666666667
11.347083333333334,-5.397666666666666
11.3475,-5.388833333333333
11.347916666666666,-5.381666666666668
11.348333333333333,-5.358666666666667
11.34875,-5.3365
11.349166666666667,-5.324166666666667
11.349583333333333,-5.312166666666666
11.35,-5.319166666666667
11.350416666666666,-5.313666666666667
11.350833333333334,-5.3045
11.35125,-5.2895
11.351666666666667,-5.2668333333333335
11.352083333333333,-5.252833333333332
11.3525,-5.235666666666667
11.352916666666667,-5.227833333333334
11.353333333333333,-5.2225
11.35375,-5.233
11.354166666666666,-5.2426666666666675
11.354583333333334,-5.247333333333333
11.355,-5.261500000000001
11.355416666666667,-5.269333333333333
11.355833333333333,-5.2895
11.35625,-5.307666666666667
11.356666666666667,-5.3133333333333335
11.357083333333334,-5.322500000000001
11.3575,-5.319166666666667
11.357916666666666,-5.320166666666666
11.358333333333333,-5.3326666666666656
11.35875,-5.3315
11.359166666666667,-5.3365
11.359583333333333,-5.338000000000001
11.36,-5.329833333333333
11.360416666666667,-5.3205
11.360833333333334,-5.302333333333333
11.36125,-5.290666666666667
11.361666666666666,-5.288999999999999
11.362083333333333,-5.289833333333333
11.3625,-5.3068333333333335
11.362916666666667,-5.331500000000001
11.363333333333333,-5.359666666666667
11.36375,-5.389499999999999
11.364166666666666,-5.406666666666666
11.364583333333334,-5.419833333333333
11.365,-5.424833333333333
11.365416666666667,-5.427666666666667
11.365833333333333,-5.421500000000001
11.36625,-5.4031666666666665
11.366666666666667,-5.386833333333333
11.367083333333333,-5.376166666666666
11.3675,-5.374666666666667
11.367916666666666,-5.384
11.368333333333334,-5.401833333333333
11.36875,-5.4188333333333345
11.369166666666667,-5.431
11.369583333333333,-5.432333333333333
11.37,-5.418666666666667
11.370416666666667,-5.3950000000000005
11.370833333333334,-5.367999999999999
11.37125,-5.355499999999999
11.371666666666666,-5.357666666666667
11.372083333333334,-5.361999999999999
11.3725,-5.384833333333333
11.372916666666667,-5.4014999999999995
11.373333333333333,-5.412333333333333
11.37375,-5.422
11.374166666666667,-5.415333333333333
11.374583333333334,-5.407166666666666
11.375,-5.3808333333333325
11.375416666666666,-5.361
11.375833333333333,-5.352999999999999
11.37625,-5.3475
11.376666666666667,-5.366
11.377083333333333,-5.394000000000001
11.3775,-5.429166666666667
11.377916666666666,-5.458833333333334
11.378333333333334,-5.4605
11.37875,-5.4493333333333345
11.379166666666666,-5.4235
11.379583333333333,-5.392166666666667
11.38,-5.365333333333333
11.380416666666667,-5.335666666666666
11.380833333333333,-5.323333333333333
11.38125,-5.3225
11.381666666666666,-5.3276666666666666
11.382083333333334,-5.346333333333333
11.3825,-5.361
11.382916666666667,-5.379333333333332
11.383333333333333,-5.402333333333334
11.38375,-5.4046666666666665
11.384166666666667,-5.403
11.384583333333333,-5.3821666666666665
11.385,-5.360666666666667
11.385416666666666,-5.3453333333333335
11.385833333333334,-5.3205
11.38625,-5.303833333333333
11.386666666666667,-5.296333333333334
11.387083333333333,-5.296333333333334
11.3875,-5.303666666666667
11.387916666666667,-5.317
11.388333333333334,-5.324833333333333
11.38875,-5.342666666666666
11.389166666666666,-5.355666666666667
11.389583333333333,-5.3725
11.39,-5.393000000000001
11.390416666666667,-5.406833333333332
11.390833333333333,-5.422833333333333
11.39125,-5.432333333333333
11.391666666666667,-5.428999999999999
11.392083333333334,-5.413
11.3925,-5.394166666666667
11.392916666666666,-5.370666666666666
11.393333333333333,-5.3535
11.39375,-5.340333333333334
11.394166666666667,-5.342833333333334
11.394583333333333,-5.351500000000001
11.395,-5.3549999999999995
11.395416666666666,-5.3694999999999995
11.395833333333334,-5.377833333333332
11.39625,-5.39
11.396666666666667,-5.393833333333333
11.397083333333333,-5.399666666666666
11.3975,-5.401833333333333
11.397916666666667,-5.398166666666666
11.398333333333333,-5.420166666666667
11.39875,-5.4325
11.399166666666666,-5.447833333333333
11.399583333333334,-5.467666666666666
11.4,-5.489666666666667
11.400416666666667,-5.515
11.400833333333333,-5.523833333333333
11.40125,-5.537
11.401666666666667,-5.5488333333333335
11.402083333333334,-5.553333333333334
11.4025,-5.568666666666666
11.402916666666666,-5.571333333333333
11.403333333333334,-5.572333333333333
11.40375,-5.561166666666668
11.404166666666667,-5.548666666666667
11.404583333333333,-5.539166666666667
11.405,-5.5136666666666665
11.405416666666667,-5.499666666666666
11.405833333333334,-5.472333333333334
11.40625,-5.442166666666666
11.406666666666666,-5.415499999999999
11.407083333333333,-5.395166666666667
11.4075,-5.3995
11.407916666666667,-5.406833333333334
11.408333333333333,-5.426166666666667
11.40875,-5.453833333333333
11.409166666666666,-5.4624999999999995
11.409583333333334,-5.459666666666667
11.41,-5.438666666666667
11.410416666666666,-5.401
11.410833333333333,-5.362166666666667
11.41125,-5.332833333333333
11.411666666666667,-5.323666666666667
11.412083333333333,-5.3309999999999995
11.4125,-5.343333333333334
11.412916666666666,-5.363333333333333
11.413333333333334,-5.384
11.41375,-5.4014999999999995
11.414166666666667,-5.421833333333335
11.414583333333333,-5.43
11.415,-5.435666666666666
11.415416666666667,-5.437666666666668
11.415833333333333,-5.447333333333333
11.41625,-5.4559999999999995
11.416666666666666,-5.4511666666666665
11.417083333333334,-5.445833333333333
11.4175,-5.425833333333333
11.417916666666667,-5.421
11.418333333333333,-5.416666666666667
11.41875,-5.4126666666666665
11.419166666666667,-5.417666666666666
11.419583333333334,-5.422666666666667
11.42,-5.439333333333334
11.420416666666666,-5.447333333333333
11.420833333333333,-5.452500000000001
11.42125,-5.446833333333333
11.421666666666667,-5.428999999999999
11.422083333333333,-5.417166666666667
11.4225,-5.416666666666667
11.422916666666667,-5.413333333333334
11.423333333333334,-5.413999999999999
11.42375,-5.420333333333335
11.424166666666666,-5.425166666666667
11.424583333333333,-5.434833333333334
11.425,-5.426666666666667
11.425416666666667,-5.411833333333333
11.425833333333333,-5.3870000000000005
11.42625,-5.361166666666667
11.426666666666666,-5.346833333333333
11.427083333333334,-5.332333333333334
11.4275,-5.321666666666666
11.427916666666667,-5.313
11.428333333333333,-5.3051666666666675
11.42875,-5.291666666666667
11.429166666666667,-5.283166666666666
11.429583333333333,-5.268
11.43,-5.269
11.430416666666666,-5.288833333333334
11.430833333333334,-5.312
11.43125,-5.3355
11.431666666666667,-5.334333333333333
11.432083333333333,-5.3180000000000005
11.4325,-5.294833333333334
11.432916666666667,-5.262833333333333
11.433333333333334,-5.243833333333334
11.43375,-5.2444999999999995
11.434166666666666,-5.260166666666667
11.434583333333334,-5.304333333333333
11.435,-5.345
11.435416666666667,-5.3765
11.435833333333333,-5.3965
11.43625,-5.4110000000000005
11.436666666666667,-5.428666666666667
11.437083333333334,-5.441666666666666
11.4375,-5.456500000000001
11.437916666666666,-5.47
11.438333333333333,-5.477
11.43875,-5.478166666666667
11.439166666666667,-5.477333333333334
11.439583333333333,-5.4624999999999995
11.44,-5.4430000000000005
11.440416666666666,-5.424666666666667
11.440833333333334,-5.404333333333334
11.44125,-5.388333333333333
11.441666666666666,-5.382000000000001
11.442083333333333,-5.389833333333333
11.4425,-5.4045
11.442916666666667,-5.420833333333334
11.443333333333333,-5.434166666666666
11.44375,-5.426666666666667
11.444166666666666,-5.414666666666666
11.444583333333334,-5.407166666666666
11.445,-5.41
11.445416666666667,-5.425999999999999
11.445833333333333,-5.4425
11.44625,-5.469166666666666
11.446666666666667,-5.486833333333333
11.447083333333333,-5.4955
11.4475,-5.495
11.447916666666666,-5.477666666666667
11.448333333333334,-5.463333333333334
11.44875,-5.4510000000000005
11.449166666666667,-5.427499999999999
11.449583333333333,-5.408
11.45,-5.389500000000001
11.450416666666667,-5.3790000000000004
11.450833333333334,-5.3919999999999995
11.45125,-5.3965000000000005
11.451666666666666,-5.413
11.452083333333333,-5.430499999999999
11.4525,-5.439166666666666
11.452916666666667,-5.453333333333333
11.453333333333333,-5.4559999999999995
11.45375,-5.467666666666666
11.454166666666667,-5.474666666666667
11.454583333333334,-5.480166666666666
11.455,-5.478833333333334
11.455416666666666,-5.47
11.455833333333333,-5.460999999999999
11.45625,-5.455666666666667
11.456666666666667,-5.4623333333333335
11.457083333333333,-5.4655
11.4575,-5.479166666666667
11.457916666666666,-5.497166666666668
11.458333333333334,-5.500166666666666
11.45875,-5.489166666666667
11.459166666666667,-5.457833333333333
11.459583333333333,-5.4111666666666665
11.46,-5.367166666666667
11.460416666666667,-5.3395
11.460833333333333,-5.336166666666667
11.46125,-5.351666666666667
11.461666666666666,-5.378166666666666
11.462083333333334,-5.402833333333334
11.4625,-5.415333333333333
11.462916666666667,-5.4110000000000005
11.463333333333333,-5.391500000000001
11.46375,-5.3676666666666675
11.464166666666667,-5.350666666666666
11.464583333333334,-5.347333333333334
11.465,-5.353000000000001
11.465416666666666,-5.352333333333334
11.465833333333334,-5.353166666666667
11.46625,-5.356166666666667
11.466666666666667,-5.360833333333333
11.467083333333333,-5.3715
11.4675,-5.381
11.467916666666667,-5.3845
11.468333333333334,-5.388833333333333
11.46875,-5.391500000000001
11.469166666666666,-5.3823333333333325
11.469583333333333,-5.365666666666667
11.47,-5.349166666666666
11.470416666666667,-5.3486666666666665
11.470833333333333,-5.3501666666666665
11.47125,-5.355833333333333
11.471666666666666,-5.364666666666667
11.472083333333334,-5.372
11.4725,-5.378
11.472916666666666,-5.373333333333334
11.473333333333333,-5.359166666666667
11.47375,-5.332666666666667
11.474166666666667,-5.3148333333333335
11.474583333333333,-5.3105
11.475,-5.309666666666667
11.475416666666666,-5.3125
11.475833333333334,-5.320166666666666
11.47625,-5.328666666666667
11.476666666666667,-5.338166666666667
11.477083333333333,-5.361666666666667
11.4775,-5.383500000000001
11.477916666666667,-5.404833333333333
11.478333333333333,-5.424833333333333
11.47875,-5.428999999999999
11.479166666666666,-5.428999999999999
11.479583333333334,-5.412333333333334
11.48,-5.385166666666667
11.480416666666667,-5.3629999999999995
11.480833333333333,-5.339500000000001
11.48125,-5.334499999999999
11.481666666666667,-5.3374999999999995
11.482083333333334,-5.331666666666667
11.4825,-5.3325000000000005
11.482916666666666,-5.3385
11.483333333333333,-5.352
11.48375,-5.363666666666667
11.484166666666667,-5.366499999999999
11.484583333333333,-5.367166666666667
11.485,-5.376666666666668
11.485416666666667,-5.386666666666666
11.485833333333334,-5.394666666666667
11.48625,-5.4005
11.486666666666666,-5.413833333333334
11.487083333333333,-5.441666666666666
11.4875,-5.472
11.487916666666667,-5.498
11.488333333333333,-5.512166666666666
11.48875,-5.5275
11.489166666666666,-5.539999999999999
11.489583333333334,-5.5365
11.49,-5.516000000000001
11.490416666666667,-5.494166666666666
11.490833333333333,-5.485333333333334
11.49125,-5.498166666666666
11.491666666666667,-5.517166666666667
11.492083333333333,-5.533
11.4925,-5.537166666666667
11.492916666666666,-5.526833333333333
11.493333333333334,-5.513833333333333
11.49375,-5.483833333333334
11.494166666666667,-5.4510000000000005
11.494583333333333,-5.423666666666667
11.495,-5.4105
11.495416666666667,-5.410333333333334
11.495833333333334,-5.413
11.49625,-5.423666666666667
11.496666666666666,-5.4285
11.497083333333334,-5.429333333333333
11.4975,-5.4385
11.497916666666667,-5.448666666666667
11.498333333333333,-5.456833333333333
11.49875,-5.465166666666666
11.499166666666667,-5.474666666666667
11.499583333333334,-5.487000000000001
11.5,-5.492166666666667
11.500416666666666,-5.4959999999999996
11.500833333333333,-5.4866666666666655
11.50125,-5.456666666666667
11.501666666666667,-5.428999999999999
11.502083333333333,-5.397000000000001
11.5025,-5.373666666666668
11.502916666666666,-5.367333333333334
11.503333333333334,-5.362333333333333
11.50375,-5.375166666666666
11.504166666666666,-5.3758333333333335
11.504583333333333,-5.3815
11.505,-5.386166666666667
11.505416666666667,-5.363666666666667
11.505833333333333,-5.354333333333334
11.50625,-5.331333333333333
11.506666666666666,-5.316
11.507083333333334,-5.315166666666666
11.5075,-5.311166666666666
11.507916666666667,-5.326333333333333
11.508333333333333,-5.355166666666666
11.50875,-5.394166666666667
11.509166666666667,-5.439166666666666
11.509583333333333,-5.469833333333334
11.51,-5.477166666666666
11.510416666666666,-5.464333333333333
11.510833333333334,-5.433
11.51125,-5.399333333333334
11.511666666666667,-5.365833333333334
11.512083333333333,-5.341666666666666
11.5125,-5.343166666666666
11.512916666666667,-5.372666666666667
11.513333333333334,-5.4143333333333326
11.51375,-5.460500000000001
11.514166666666666,-5.496333333333333
11.514583333333333,-5.516500000000001
11.515,-5.541499999999999
11.515416666666667,-5.5568333333333335
11.515833333333333,-5.5648333333333335
11.51625,-5.562833333333333
11.516666666666667,-5.547000000000001
11.517083333333334,-5.522166666666666
11.5175,-5.4895
11.517916666666666,-5.443333333333334
11.518333333333333,-5.394166666666666
11.51875,-5.361999999999999
11.519166666666667,-5.344333333333334
11.519583333333333,-5.347333333333334
11.52,-5.346
11.520416666666666,-5.3468333333333335
11.520833333333334,-5.3495
11.52125,-5.349166666666666
11.521666666666667,-5.353833333333334
11.522083333333333,-5.354
11.5225,-5.348333333333334
11.522916666666667,-5.331333333333333
11.523333333333333,-5.313833333333333
11.52375,-5.293
11.524166666666666,-5.270666666666667
11.524583333333334,-5.261499999999999
11.525,-5.268666666666667
11.525416666666667,-5.2985
11.525833333333333,-5.336333333333333
11.52625,-5.370333333333334
11.526666666666667,-5.399166666666666
11.527083333333334,-5.413666666666667
11.5275,-5.428166666666666
11.527916666666666,-5.438333333333333
11.528333333333334,-5.4385
11.52875,-5.437
11.529166666666667,-5.432166666666667
11.529583333333333,-5.425999999999999
11.53,-5.421166666666667
11.530416666666667,-5.403666666666666
11.530833333333334,-5.390666666666667
11.53125,-5.3965000000000005
11.531666666666666,-5.4143333333333326
11.532083333333333,-5.448333333333333
11.5325,-5.4675
11.532916666666667,-5.472
11.533333333333333,-5.469333333333334
11.53375,-5.4605
11.534166666666666,-5.463000000000001
11.534583333333334,-5.459833333333333
11.535,-5.4645
11.535416666666666,-5.484500000000001
11.535833333333333,-5.502666666666666
11.53625,-5.516000000000001
11.536666666666667,-5.5125
11.537083333333333,-5.499
11.5375,-5.4813333333333345
11.537916666666666,-5.4745
11.538333333333334,-5.469666666666666
11.53875,-5.4639999999999995
11.539166666666667,-5.4656666666666665
11.539583333333333,-5.464833333333334
11.54,-5.4671666666666665
11.540416666666667,-5.466666666666668
11.540833333333333,-5.472833333333334
11.54125,-5.481833333333333
11.541666666666666,-5.4975
11.542083333333334,-5.515833333333333
11.5425,-5.530666666666666
11.542916666666667,-5.546333333333333
11.543333333333333,-5.553333333333334
11.54375,-5.557666666666667
11.544166666666667,-5.542666666666666
11.544583333333334,-5.520333333333333
11.545,-5.500333333333333
11.545416666666666,-5.478166666666667
11.545833333333333,-5.4576666666666656
11.54625,-5.433666666666667
11.546666666666667,-5.416833333333333
11.547083333333333,-5.414166666666667
11.5475,-5.420333333333335
11.547916666666667,-5.438
11.548333333333334,-5.452166666666667
11.54875,-5.4543333333333335
11.549166666666666,-5.46
11.549583333333333,-5.458833333333334
11.55,-5.452833333333333
11.550416666666667,-5.445666666666667
11.550833333333333,-5.4395
11.55125,-5.448
11.551666666666666,-5.4575000000000005
11.552083333333334,-5.474833333333334
11.5525,-5.485333333333333
11.552916666666667,-5.486833333333333
11.553333333333333,-5.484999999999999
11.55375,-5.471333333333334
11.554166666666667,-5.456833333333333
11.554583333333333,-5.436666666666667
11.555,-5.4334999999999996
11.555416666666666,-5.4355
11.555833333333334,-5.438833333333334
11.55625,-5.451333333333333
11.556666666666667,-5.449333333333333
11.557083333333333,-5.448333333333333
11.5575,-5.447166666666667
11.557916666666667,-5.449666666666666
11.558333333333334,-5.4543333333333335
11.55875,-5.460833333333333
11.559166666666666,-5.472333333333332
11.559583333333334,-5.473333333333334
11.56,-5.474999999999999
11.560416666666667,-5.473333333333333
11.560833333333333,-5.485333333333333
11.56125,-5.5035
11.561666666666667,-5.519666666666666
11.562083333333334,-5.547333333333334
11.5625,-5.5489999999999995
11.562916666666666,-5.542833333333333
11.563333333333333,-5.518833333333333
11.56375,-5.477333333333334
11.564166666666667,-5.450500000000001
11.564583333333333,-5.425166666666667
11.565,-5.410333333333334
11.565416666666666,-5.398166666666666
11.565833333333334,-5.383166666666668
11.56625,-5.366166666666667
11.566666666666666,-5.349
11.567083333333333,-5.337833333333333
11.5675,-5.3340000000000005
11.567916666666667,-5.339666666666666
11.568333333333333,-5.349666666666667
11.56875,-5.361833333333333
11.569166666666666,-5.365166666666667
11.569583333333334,-5.3581666666666665
11.57,-5.361
11.570416666666667,-5.361
11.570833333333333,-5.3694999999999995
11.57125,-5.396833333333333
11.571666666666667,-5.416333333333333
11.572083333333333,-5.427833333333333
11.5725,-5.424333333333333
11.572916666666666,-5.428
11.573333333333334,-5.441
11.57375,-5.460999999999999
11.574166666666667,-5.492333333333334
11.574583333333333,-5.5095
11.575,-5.515333333333333
11.575416666666667,-5.501666666666666
11.575833333333334,-5.474166666666666
11.57625,-5.4425
11.576666666666666,-5.402833333333334
11.577083333333333,-5.3839999999999995
11.5775,-5.381166666666666
11.577916666666667,-5.3741666666666665
11.578333333333333,-5.366833333333333
11.57875,-5.3486666666666665
11.579166666666667,-5.333500000000001
11.579583333333334,-5.343333333333334
11.58,-5.3685
11.580416666666666,-5.4175
11.580833333333333,-5.469166666666666
11.58125,-5.497333333333334
11.581666666666667,-5.512833333333333
11.582083333333333,-5.502833333333334
11.5825,-5.479666666666667
11.582916666666666,-5.454833333333333
11.583333333333334,-5.432333333333332
11.58375,-5.4325
11.584166666666667,-5.438666666666667
11.584583333333333,-5.4385
11.585,-5.4375
11.585416666666667,-5.422666666666667
11.585833333333333,-5.417833333333333
11.58625,-5.427166666666667
11.586666666666666,-5.450833333333333
11.587083333333334,-5.483666666666667
11.5875,-5.5005
11.587916666666667,-5.508166666666667
11.588333333333333,-5.501
11.58875,-5.474666666666667
11.589166666666667,-5.435666666666666
11.589583333333334,-5.396833333333333
11.59,-5.371333333333332
11.590416666666666,-5.3614999999999995
11.590833333333334,-5.366833333333333
11.59125,-5.384333333333333
11.591666666666667,-5.405666666666666
11.592083333333333,-5.433
11.5925,-5.463166666666666
11.592916666666667,-5.492
11.593333333333334,-5.515999999999999
11.59375,-5.531333333333333
11.594166666666666,-5.534666666666666
11.594583333333333,-5.519500000000001
11.595,-5.491666666666667
11.595416666666667,-5.456333333333333
11.595833333333333,-5.4316666666666675
11.59625,-5.4195
11.596666666666666,-5.422833333333333
11.597083333333334,-5.448666666666667
11.5975,-5.477666666666667
11.597916666666666,-5.508500000000001
11.598333333333333,-5.5305
11.59875,-5.533499999999999
11.599166666666667,-5.526166666666666
11.599583333333333,-5.5075
11.6,-5.483
11.600416666666666,-5.459666666666666
11.600833333333334,-5.428999999999999
11.60125,-5.412166666666667
11.601666666666667,-5.412
11.602083333333333,-5.411833333333334
11.6025,-5.4254999999999995
11.602916666666667,-5.4415000000000004
11.603333333333333,-5.459499999999999
11.60375,-5.471166666666666
11.604166666666666,-5.483333333333333
11.604583333333334,-5.495
11.605,-5.4975
11.605416666666667,-5.498833333333334
11.605833333333333,-5.500666666666667
11.60625,-5.498833333333334
11.606666666666667,-5.491
11.607083333333334,-5.4995
11.6075,-5.513166666666667
11.607916666666666,-5.5275
11.608333333333333,-5.529833333333333
11.60875,-5.5168333333333335
11.609166666666667,-5.4895
11.609583333333333,-5.452000000000001
11.61,-5.417833333333333
11.610416666666667,-5.393999999999999
11.610833333333334,-5.376166666666666
11.61125,-5.365833333333334
11.611666666666666,-5.370333333333334
11.612083333333333,-5.362000000000001
11.6125,-5.349166666666666
11.612916666666667,-5.325666666666667
11.613333333333333,-5.306333333333334
11.61375,-5.299166666666666
11.614166666666666,-5.298333333333333
11.614583333333334,-5.310666666666667
11.615,-5.323833333333333
11.615416666666667,-5.3455
11.615833333333333,-5.358999999999999
11.61625,-5.384833333333333
11.616666666666667,-5.405333333333334
11.617083333333333,-5.427666666666667
11.6175,-5.461333333333333
11.617916666666666,-5.4775
11.618333333333334,-5.505166666666667
11.61875,-5.515000000000001
11.619166666666667,-5.517833333333333
11.619583333333333,-5.510333333333333
11.62,-5.482833333333333
11.620416666666667,-5.461166666666666
11.620833333333334,-5.432666666666666
11.62125,-5.415833333333333
11.621666666666666,-5.406
11.622083333333334,-5.401166666666666
11.6225,-5.4110000000000005
11.622916666666667,-5.423166666666667
11.623333333333333,-5.443833333333333
11.62375,-5.455666666666667
11.624166666666667,-5.458333333333333
11.624583333333334,-5.446666666666666
11.625,-5.4206666666666665
11.625416666666666,-5.398166666666666
11.625833333333333,-5.378
11.62625,-5.372333333333334
11.626666666666667,-5.3821666666666665
11.627083333333333,-5.4014999999999995
11.6275,-5.4235
11.627916666666666,-5.437166666666666
11.628333333333334,-5.425333333333334
11.62875,-5.4035
11.629166666666666,-5.38
11.629583333333333,-5.366499999999999
11.63,-5.364833333333333
11.630416666666667,-5.366666666666667
11.630833333333333,-5.383833333333333
11.63125,-5.394666666666667
11.631666666666666,-5.411833333333334
11.632083333333334,-5.4325
11.6325,-5.444166666666667
11.632916666666667,-5.460833333333333
11.633333333333333,-5.470166666666667
11.63375,-5.476166666666667
11.634166666666667,-5.477333333333334
11.634583333333333,-5.466166666666666
11.635,-5.466666666666666
11.635416666666666,-5.468833333333333
11.635833333333334,-5.472166666666666
11.63625,-5.488666666666666
11.636666666666667,-5.493333333333333
11.637083333333333,-5.5021666666666675
11.6375,-5.508166666666667
11.637916666666667,-5.501833333333333
11.638333333333334,-5.4975
11.63875,-5.481999999999999
11.639166666666666,-5.464833333333334
11.639583333333333,-5.447333333333333
11.64,-5.4235
11.640416666666667,-5.411666666666666
11.640833333333333,-5.407
11.64125,-5.405833333333334
11.641666666666667,-5.408333333333334
11.642083333333334,-5.405833333333334
11.6425,-5.3995
11.642916666666666,-5.3875
11.643333333333333,-5.384833333333333
11.64375,-5.383
11.644166666666667,-5.384333333333334
11.644583333333333,-5.397333333333333
11.645,-5.413666666666667
11.645416666666666,-5.430333333333333
11.645833333333334,-5.439333333333334
11.64625,-5.451833333333333
11.646666666666667,-5.469833333333334
11.647083333333333,-5.478833333333333
11.6475,-5.4905
11.647916666666667,-5.493833333333332
11.648333333333333,-5.488666666666667
11.64875,-5.476166666666667
11.649166666666666,-5.464666666666666
11.649583333333334,-5.459166666666666
11.65,-5.454666666666667
11.650416666666667,-5.472
11.650833333333333,-5.489999999999999
11.65125,-5.5215
11.651666666666667,-5.546166666666667
11.652083333333334,-5.559666666666668
11.6525,-5.573166666666666
11.652916666666666,-5.56
11.653333333333334,-5.552333333333333
11.65375,-5.54
11.654166666666667,-5.518166666666666
11.654583333333333,-5.509833333333333
11.655,-5.4985
11.655416666666667,-5.506833333333333
11.655833333333334,-5.5215000000000005
11.65625,-5.531333333333333
11.656666666666666,-5.551666666666667
11.657083333333333,-5.547666666666667
11.6575,-5.536333333333332
11.657916666666667,-5.508500000000001
11.658333333333333,-5.472833333333333
11.65875,-5.443166666666667
11.659166666666666,-5.416999999999999
11.659583333333334,-5.433666666666667
11.66,-5.451333333333333
11.660416666666666,-5.4816666666666665
11.660833333333333,-5.5121666666666655
11.66125,-5.5275
11.661666666666667,-5.537333333333334
11.662083333333333,-5.5285
11.6625,-5.525166666666666
11.662916666666666,-5.513333333333333
11.663333333333334,-5.5
11.66375,-5.488333333333333
11.664166666666667,-5.479
11.664583333333333,-5.469333333333334
11.665,-5.462
11.665416666666667,-5.4718333333333335
11.665833333333333,-5.487333333333333
11.66625,-5.502666666666666
11.666666666666666,-5.512166666666666
11.667083333333334,-5.512833333333333
11.6675,-5.509
11.667916666666667,-5.503333333333334
11.668333333333333,-5.502
11.66875,-5.5168333333333335
11.669166666666667,-5.5365
11.669583333333334,-5.558666666666666
11.67,-5.584833333333333
11.670416666666666,-5.585833333333333
11.670833333333333,-5.569
11.67125,-5.548333333333333
11.671666666666667,-5.526833333333333
11.672083333333333,-5.5183333333333335
11.6725,-5.518666666666667
11.672916666666667,-5.530166666666666
11.673333333333334,-5.539333333333334
11.67375,-5.5415
11.674166666666666,-5.544833333333333
11.674583333333333,-5.541999999999999
11.675,-5.547666666666667
11.675416666666667,-5.553833333333333
11.675833333333333,-5.559166666666667
11.67625,-5.568666666666668
11.676666666666666,-5.5698333333333325
11.677083333333334,-5.565166666666666
11.6775,-5.554833333333334
11.677916666666667,-5.552499999999999
11.678333333333333,-5.565666666666666
11.67875,-5.582999999999999
11.679166666666667,-5.601666666666667
11.679583333333333,-5.612166666666667
11.68,-5.601166666666667
11.680416666666666,-5.584333333333333
11.680833333333334,-5.564
11.68125,-5.546499999999999
11.681666666666667,-5.536333333333334
11.682083333333333,-5.527333333333334
11.6825,-5.526833333333333
11.682916666666667,-5.532666666666667
11.683333333333334,-5.539166666666667
11.68375,-5.557166666666667
11.684166666666666,-5.583166666666667
11.684583333333334,-5.614833333333333
11.685,-5.647833333333334
11.685416666666667,-5.661833333333333
11.685833333333333,-5.668333333333334
11.68625,-5.647333333333333
11.686666666666667,-5.6125
11.687083333333334,-5.5921666666666665
11.6875,-5.5735
11.687916666666666,-5.570166666666666
11.688333333333333,-5.574166666666667
11.68875,-5.585000000000001
11.689166666666667,-5.590333333333334
11.689583333333333,-5.583833333333334
11.69,-5.575333333333333
11.690416666666666,-5.563166666666667
11.690833333333334,-5.544833333333334
11.69125,-5.529166666666668
11.691666666666666,-5.519666666666666
11.692083333333333,-5.512166666666666
11.6925,-5.528
11.692916666666667,-5.5473333333333334
11.693333333333333,-5.569500000000001
11.69375,-5.594833333333334
11.694166666666666,-5.606166666666667
11.694583333333334,-5.6113333333333335
11.695,-5.5965
11.695416666666667,-5.565166666666666
11.695833333333333,-5.532
11.69625,-5.500166666666666
11.696666666666667,-5.489333333333334
11.697083333333333,-5.490000000000001
11.6975,-5.4928333333333335
11.697916666666666,-5.506666666666667
11.698333333333334,-5.521333333333334
11.69875,-5.530666666666666
11.699166666666667,-5.534166666666667
11.699583333333333,-5.525666666666666
11.7,-5.518666666666667
11.700416666666667,-5.519166666666667
11.700833333333334,-5.525333333333333
11.70125,-5.5355
11.701666666666666,-5.535
11.702083333333333,-5.539833333333334
11.7025,-5.539499999999999
11.702916666666667,-5.543333333333333
11.703333333333333,-5.5618333333333325
11.70375,-5.574166666666667
11.704166666666667,-5.590333333333334
11.704583333333334,-5.604166666666667
11.705,-5.6055
11.705416666666666,-5.6035
11.705833333333333,-5.602
11.70625,-5.6000000000000005
11.706666666666667,-5.605833333333333
11.707083333333333,-5.614333333333334
11.7075,-5.628333333333333
11.707916666666666,-5.635333333333333
11.708333333333334,-5.617
11.70875,-5.593833333333333
11.709166666666667,-5.575666666666667
11.709583333333333,-5.5568333333333335
11.71,-5.554333333333333
11.710416666666667,-5.551000000000001
11.710833333333333,-5.552333333333333
11.71125,-5.560833333333334
11.711666666666666,-5.571666666666666
11.712083333333334,-5.590833333333333
11.7125,-5.605166666666666
11.712916666666667,-5.634166666666666
11.713333333333333,-5.654333333333334
11.71375,-5.672
11.714166666666667,-5.6795
11.714583333333334,-5.6675
11.715,-5.658833333333334
11.715416666666666,-5.640833333333333
11.715833333333334,-5.636666666666667
11.71625,-5.639500000000001
11.716666666666667,-5.644500000000001
11.717083333333333,-5.6514999999999995
11.7175,-5.653
11.717916666666667,-5.648166666666666
11.718333333333334,-5.633
11.71875,-5.612666666666667
11.719166666666666,-5.574000000000001
11.719583333333333,-5.538333333333333
11.72,-5.5035
11.720416666666667,-5.478666666666666
11.720833333333333,-5.4605
11.72125,-5.446833333333333
11.721666666666666,-5.443333333333334
11.722083333333334,-5.4430000000000005
11.7225,-5.457333333333334
11.722916666666666,-5.473999999999999
11.723333333333333,-5.5135000000000005
11.72375,-5.558833333333333
11.724166666666667,-5.607
11.724583333333333,-5.652166666666666
11.725,-5.668666666666667
11.725416666666666,-5.674166666666667
11.725833333333334,-5.655333333333334
11.72625,-5.6205
11.726666666666667,-5.592
11.727083333333333,-5.565833333333333
11.7275,-5.555499999999999
11.727916666666667,-5.554833333333334
11.728333333333333,-5.566333333333333
11.72875,-5.584833333333333
11.729166666666666,-5.606166666666667
11.729583333333334,-5.639333333333333
11.73,-5.653333333333333
11.730416666666667,-5.6626666666666665
11.730833333333333,-5.657333333333334
11.73125,-5.6418333333333335
11.731666666666667,-5.620166666666667
11.732083333333334,-5.595666666666666
11.7325,-5.582999999999999
11.732916666666666,-5.570166666666666
11.733333333333333,-5.563
11.73375,-5.543333333333333
11.734166666666667,-5.519833333333334
11.734583333333333,-5.496333333333333
11.735,-5.485500000000001
11.735416666666667,-5.4944999999999995
11.735833333333334,-5.5095
11.73625,-5.545833333333333
11.736666666666666,-5.587166666666666
11.737083333333333,-5.6225
11.7375,-5.6496666666666675
11.737916666666667,-5.647833333333334
11.738333333333333,-5.641333333333333
11.73875,-5.63
11.739166666666666,-5.625166666666668
11.739583333333334,-5.6271666666666675
11.74,-5.625666666666667
11.740416666666667,-5.631833333333333
11.740833333333333,-5.640333333333333
11.74125,-5.653666666666667
11.741666666666667,-5.655666666666666
11.742083333333333,-5.644166666666667
11.7425,-5.613499999999999
11.742916666666666,-5.575499999999999
11.743333333333334,-5.530666666666666
11.74375,-5.491666666666667
11.744166666666667,-5.474833333333333
11.744583333333333,-5.4665
11.745,-5.477833333333334
11.745416666666667,-5.508666666666667
11.745833333333334,-5.540166666666667
11.74625,-5.575833333333333
11.746666666666666,-5.602166666666666
11.747083333333334,-5.607333333333334
11.7475,-5.612666666666667
11.747916666666667,-5.601
11.748333333333333,-5.585166666666666
11.74875,-5.5735
11.749166666666667,-5.5535
11.749583333333334,-5.550166666666667
11.75,-5.5565
11.750416666666666,-5.570833333333333
11.750833333333333,-5.590166666666666
11.75125,-5.591166666666666
11.751666666666667,-5.587833333333333
11.752083333333333,-5.563833333333332
11.7525,-5.516333333333333
11.752916666666666,-5.470666666666666
11.753333333333334,-5.4405
11.75375,-5.430833333333333
11.754166666666666,-5.442166666666666
11.754583333333333,-5.472833333333334
11.755,-5.501666666666668
11.755416666666667,-5.5315
11.755833333333333,-5.551666666666667
11.75625,-5.564166666666668
11.756666666666666,-5.568833333333333
11.757083333333334,-5.573666666666668
11.7575,-5.587000000000001
11.757916666666667,-5.593
11.758333333333333,-5.591
11.75875,-5.584
11.759166666666667,-5.590833333333333
11.759583333333333,-5.614
11.76,-5.646166666666666
11.760416666666666,-5.6725
11.760833333333334,-5.688666666666667
11.76125,-5.698333333333333
11.761666666666667,-5.680499999999999
11.762083333333333,-5.651000000000001
11.7625,-5.613833333333335
11.762916666666667,-5.576499999999999
11.763333333333334,-5.554333333333333
11.76375,-5.537333333333334
11.764166666666666,-5.5311666666666675
11.764583333333333,-5.528
11.765,-5.536333333333332
11.765416666666667,-5.563833333333334
11.765833333333333,-5.597333333333334
11.76625,-5.6345
11.766666666666667,-5.672
11.767083333333334,-5.692
11.7675,-5.696833333333333
11.767916666666666,-5.6845
11.768333333333333,-5.660833333333334
11.76875,-5.6345
11.769166666666667,-5.594333333333332
11.769583333333333,-5.5615
11.77,-5.5328333333333335
11.770416666666666,-5.511166666666667
11.770833333333334,-5.493333333333333
11.77125,-5.479333333333333
11.771666666666667,-5.4845
11.772083333333333,-5.499833333333332
11.7725,-5.533166666666666
11.772916666666667,-5.555666666666667
11.773333333333333,-5.562666666666666
11.77375,-5.562666666666668
11.774166666666666,-5.550999999999999
11.774583333333334,-5.545833333333334
11.775,-5.539166666666667
11.775416666666667,-5.5361666666666665
11.775833333333333,-5.547833333333334
11.77625,-5.558166666666668
11.776666666666667,-5.574166666666667
11.777083333333334,-5.586000000000001
11.7775,-5.591833333333334
11.777916666666666,-5.601833333333334
11.778333333333334,-5.604333333333333
11.77875,-5.611166666666667
11.779166666666667,-5.6018333333333326
11.779583333333333,-5.5808333333333335
11.78,-5.5595
11.780416666666667,-5.541333333333333
11.780833333333334,-5.535666666666667
11.78125,-5.5361666666666665
11.781666666666666,-5.553999999999999
11.782083333333333,-5.576833333333333
11.7825,-5.596
11.782916666666667,-5.602666666666667
11.783333333333333,-5.589166666666666
11.78375,-5.5615
11.784166666666666,-5.520666666666666
11.784583333333334,-5.475333333333334
11.785,-5.434
11.785416666666666,-5.4075000000000015
11.785833333333333,-5.406333333333333
11.78625,-5.4366666666666665
11.786666666666667,-5.486166666666667
11.787083333333333,-5.551166666666667
11.7875,-5.618666666666667
11.787916666666666,-5.673666666666667
11.788333333333334,-5.7075
11.78875,-5.692666666666668
11.789166666666667,-5.652666666666666
11.789583333333333,-5.594833333333334
11.79,-5.5296666666666665
11.790416666666667,-5.489333333333334
11.790833333333333,-5.4688333333333325
11.79125,-5.486
11.791666666666666,-5.534833333333334
11.792083333333334,-5.588166666666666
11.7925,-5.636666666666667
11.792916666666667,-5.666166666666666
11.793333333333333,-5.687166666666666
11.79375,-5.702833333333333
11.794166666666667,-5.713666666666668
11.794583333333334,-5.724333333333333
11.795,-5.7316666666666665
11.795416666666666,-5.733
11.795833333333333,-5.729666666666667
11.79625,-5.716666666666668
11.796666666666667,-5.6865
11.797083333333333,-5.6626666666666665
11.7975,-5.6565
11.797916666666667,-5.6695
11.798333333333334,-5.692166666666666
11.79875,-5.710999999999999
11.799166666666666,-5.719
11.799583333333333,-5.702000000000001
11.8,-5.672499999999999
11.800416666666667,-5.636
11.800833333333333,-5.596166666666666
11.80125,-5.5645
11.801666666666666,-5.5438333333333345
11.802083333333334,-5.5473333333333334
11.8025,-5.548333333333335
11.802916666666667,-5.554333333333333
11.803333333333333,-5.5625
11.80375,-5.565166666666667
11.804166666666667,-5.580666666666667
11.804583333333333,-5.585
11.805,-5.5955
11.805416666666666,-5.5965
11.805833333333334,-5.585999999999999
11.80625,-5.576
11.806666666666667,-5.5618333333333325
11.807083333333333,-5.5605
11.8075,-5.563666666666667
11.807916666666667,-5.569333333333333
11.808333333333334,-5.576166666666666
11.80875,-5.5776666666666666
11.809166666666666,-5.585666666666666
11.809583333333334,-5.5906666666666665
11.81,-5.591166666666666
11.810416666666667,-5.5921666666666665
11.810833333333333,-5.5986666666666665
11.81125,-5.6205
11.811666666666667,-5.636500000000001
11.812083333333334,-5.655833333333334
11.8125,-5.6706666666666665
11.812916666666666,-5.689166666666666
11.813333333333333,-5.709666666666666
11.81375,-5.718333333333334
11.814166666666667,-5.7253333333333325
11.814583333333333,-5.716166666666667
11.815,-5.703833333333333
11.815416666666666,-5.692666666666667
11.815833333333334,-5.677333333333333
11.81625,-5.664833333333334
11.816666666666666,-5.655
11.817083333333333,-5.650666666666666
11.8175,-5.653833333333334
11.817916666666667,-5.652
11.818333333333333,-5.648499999999999
11.81875,-5.643166666666667
11.819166666666666,-5.623333333333334
11.819583333333334,-5.612666666666667
11.82,-5.608333333333333
11.820416666666667,-5.5945
11.820833333333333,-5.594666666666666
11.82125,-5.600833333333333
11.821666666666667,-5.609666666666667
11.822083333333333,-5.620833333333334
11.8225,-5.6194999999999995
11.822916666666666,-5.622333333333334
11.823333333333334,-5.6145
11.82375,-5.606999999999999
11.824166666666667,-5.598166666666667
11.824583333333333,-5.582666666666667
11.825,-5.5895
11.825416666666667,-5.596333333333334
11.825833333333334,-5.608666666666667
11.82625,-5.621166666666667
11.826666666666666,-5.622
11.827083333333333,-5.6129999999999995
11.8275,-5.588
11.827916666666667,-5.556166666666667
11.828333333333333,-5.5361666666666665
11.82875,-5.525500000000001
11.829166666666667,-5.543666666666667
11.829583333333334,-5.5793333333333335
11.83,-5.599166666666666
11.830416666666666,-5.626
11.830833333333333,-5.635333333333333
11.83125,-5.634
11.831666666666667,-5.628666666666667
11.832083333333333,-5.6194999999999995
11.8325,-5.623333333333334
11.832916666666666,-5.624333333333333
11.833333333333334,-5.63
11.83375,-5.628833333333334
11.834166666666667,-5.628166666666666
11.834583333333333,-5.6265
11.835,-5.635666666666666
11.835416666666667,-5.653333333333333
11.835833333333333,-5.665833333333333
11.83625,-5.678333333333334
11.836666666666666,-5.675000000000001
11.837083333333334,-5.672499999999999
11.8375,-5.6605
11.837916666666667,-5.647333333333333
11.838333333333333,-5.6321666666666665
11.83875,-5.620166666666666
11.839166666666667,-5.623166666666667
11.839583333333334,-5.631166666666666
11.84,-5.649
11.840416666666666,-5.671499999999999
11.840833333333334,-5.6930000000000005
11.84125,-5.714333333333333
11.841666666666667,-5.7363333333333335
11.842083333333333,-5.7375
11.8425,-5.73
11.842916666666667,-5.710333333333334
11.843333333333334,-5.701833333333333
11.84375,-5.687333333333334
11.844166666666666,-5.668666666666667
11.844583333333333,-5.671499999999999
11.845,-5.661333333333334
11.845416666666667,-5.6706666666666665
11.845833333333333,-5.670166666666667
11.84625,-5.661833333333333
11.846666666666666,-5.651833333333333
11.847083333333334,-5.636500000000001
11.8475,-5.650666666666667
11.847916666666666,-5.661499999999999
11.848333333333333,-5.674833333333333
11.84875,-5.701833333333333
11.849166666666667,-5.709666666666666
11.849583333333333,-5.711833333333334
11.85,-5.701833333333333
11.850416666666666,-5.6819999999999995
11.850833333333334,-5.667833333333333
11.85125,-5.6546666666666665
11.851666666666667,-5.6605
11.852083333333333,-5.662833333333334
11.8525,-5.650000000000001
11.852916666666667,-5.640333333333333
11.853333333333333,-5.631333333333333
11.85375,-5.617
11.854166666666666,-5.610333333333333
11.854583333333334,-5.609999999999999
11.855,-5.616833333333333
11.855416666666667,-5.633833333333333
11.855833333333333,-5.645666666666666
11.85625,-5.654833333333333
11.856666666666667,-5.655333333333334
11.857083333333334,-5.646166666666666
11.8575,-5.636
11.857916666666666,-5.615333333333333
11.858333333333333,-5.597833333333334
11.85875,-5.592833333333334
11.859166666666667,-5.5905
11.859583333333333,-5.604500000000001
11.86,-5.62
11.860416666666667,-5.621166666666667
11.860833333333334,-5.632833333333333
11.86125,-5.633666666666667
11.861666666666666,-5.6271666666666675
11.862083333333333,-5.6321666666666665
11.8625,-5.632000000000001
11.862916666666667,-5.638666666666666
11.863333333333333,-5.628333333333333
11.86375,-5.618833333333334
11.864166666666666,-5.612833333333334
11.864583333333334,-5.5953333333333335
11.865,-5.597666666666666
11.865416666666667,-5.597833333333334
11.865833333333333,-5.597166666666666
11.86625,-5.599333333333334
11.866666666666667,-5.6035
11.867083333333333,-5.599999999999999
11.8675,-5.592833333333334
11.867916666666666,-5.6081666666666665
11.868333333333334,-5.628166666666666
11.86875,-5.6585
11.869166666666667,-5.694500000000001
11.869583333333333,-5.726333333333333
11.87,-5.749833333333334
11.870416666666667,-5.761166666666667
11.870833333333334,-5.776
11.87125,-5.780166666666666
11.871666666666666,-5.774
11.872083333333334,-5.766000000000001
11.8725,-5.7575
11.872916666666667,-5.739833333333333
11.873333333333333,-5.710999999999999
11.87375,-5.6825
11.874166666666667,-5.651
11.874583333333334,-5.6306666666666665
11.875,-5.621166666666667
11.875416666666666,-5.612166666666667
11.875833333333333,-5.611166666666667
11.87625,-5.600333333333334
11.876666666666667,-5.5925
11.877083333333333,-5.5906666666666665
11.8775,-5.590166666666666
11.877916666666666,-5.599833333333333
11.878333333333334,-5.6115
11.87875,-5.628
11.879166666666666,-5.635166666666667
11.879583333333333,-5.628833333333333
11.88,-5.612166666666667
11.880416666666667,-5.5895
11.880833333333333,-5.570333333333334
11.88125,-5.5685
11.881666666666666,-5.594166666666666
11.882083333333334,-5.6255
11.8825,-5.6555
11.882916666666667,-5.689333333333333
11.883333333333333,-5.718166666666666
11.88375,-5.740666666666667
11.884166666666667,-5.7428333333333335
11.884583333333333,-5.730666666666667
11.885,-5.709833333333333
11.885416666666666,-5.6815
11.885833333333334,-5.664666666666666
11.88625,-5.6496666666666675
11.886666666666667,-5.637333333333333
11.887083333333333,-5.6418333333333335
11.8875,-5.659
11.887916666666667,-5.678833333333333
11.888333333333334,-5.691
11.88875,-5.702833333333333
11.889166666666666,-5.711666666666666
11.889583333333333,-5.718333333333333
11.89,-5.731166666666667
11.890416666666667,-5.747
11.890833333333333,-5.763333333333333
11.89125,-5.767166666666667
11.891666666666667,-5.768666666666667
11.892083333333334,-5.752333333333333
11.8925,-5.7203333333333335
11.892916666666666,-5.6935
11.893333333333333,-5.661833333333334
11.89375,-5.645499999999999
11.894166666666667,-5.641333333333333
11.894583333333333,-5.657666666666667
11.895,-5.677333333333333
11.895416666666666,-5.692666666666667
11.895833333333334,-5.7105
11.89625,-5.711666666666667
11.896666666666667,-5.706166666666667
11.897083333333333,-5.681333333333334
11.8975,-5.658333333333334
11.897916666666667,-5.636333333333333
11.898333333333333,-5.626333333333332
11.89875,-5.637833333333333
11.899166666666666,-5.656333333333333
11.899583333333334,-5.684666666666666
11.9,-5.7085
11.900416666666667,-5.727666666666667
11.900833333333333,-5.742166666666667
11.90125,-5.755333333333333
11.901666666666667,-5.755
11.902083333333334,-5.7515
11.9025,-5.741166666666667
11.902916666666666,-5.722333333333334
11.903333333333334,-5.697666666666667
11.90375,-5.672833333333333
11.904166666666667,-5.6605
11.904583333333333,-5.657666666666667
11.905,-5.669999999999999
11.905416666666667,-5.6834999999999996
11.905833333333334,-5.688333333333333
11.90625,-5.674333333333333
11.906666666666666,-5.654833333333333
11.907083333333333,-5.639833333333333
11.9075,-5.6178333333333335
11.907916666666667,-5.609666666666667
11.908333333333333,-5.6065000000000005
11.90875,-5.602833333333333
11.909166666666666,-5.607500000000001
11.909583333333334,-5.602999999999999
11.91,-5.609000000000001
11.910416666666666,-5.604666666666667
11.910833333333333,-5.594333333333334
11.91125,-5.594333333333334
11.911666666666667,-5.590666666666667
11.912083333333333,-5.605333333333333
11.9125,-5.6265
11.912916666666666,-5.651666666666666
11.913333333333334,-5.675999999999999
11.91375,-5.686666666666667
11.914166666666667,-5.689
11.914583333333333,-5.671166666666667
11.915,-5.6419999999999995
11.915416666666667,-5.609999999999999
11.915833333333333,-5.5840000000000005
11.91625,-5.563
11.916666666666666,-5.546833333333333
11.917083333333334,-5.539666666666666
11.9175,-5.527833333333334
11.917916666666667,-5.514833333333333
11.918333333333333,-5.509833333333333
11.91875,-5.5169999999999995
11.919166666666667,-5.535166666666666
11.919583333333334,-5.5568333333333335
11.92,-5.584
11.920416666666666,-5.609666666666667
11.920833333333333,-5.624666666666667
11.92125,-5.637666666666667
11.921666666666667,-5.644166666666667
11.922083333333333,-5.647666666666667
11.9225,-5.659999999999999
11.922916666666667,-5.683666666666667
11.923333333333334,-5.713333333333334
11.92375,-5.728166666666667
11.924166666666666,-5.729666666666667
11.924583333333333,-5.709333333333333
11.925,-5.663666666666667
11.925416666666667,-5.620666666666668
11.925833333333333,-5.578333333333333
11.92625,-5.550333333333332
11.926666666666666,-5.535
11.927083333333334,-5.5335
11.9275,-5.544833333333333
11.927916666666667,-5.5575
11.928333333333333,-5.578166666666665
11.92875,-5.593
11.929166666666667,-5.613499999999999
11.929583333333333,-5.6345
11.93,-5.658
11.930416666666666,-5.670833333333333
11.930833333333334,-5.672499999999999
11.93125,-5.671166666666667
11.931666666666667,-5.660166666666666
11.932083333333333,-5.642500000000001
11.9325,-5.618666666666667
11.932916666666667,-5.609666666666667
11.933333333333334,-5.607666666666667
11.93375,-5.615333333333333
11.934166666666666,-5.617333333333334
11.934583333333334,-5.6066666666666665
11.935,-5.605999999999999
11.935416666666667,-5.5985000000000005
11.935833333333333,-5.593333333333334
11.93625,-5.5921666666666665
11.936666666666667,-5.591166666666666
11.937083333333334,-5.605
11.9375,-5.607333333333333
11.937916666666666,-5.604166666666667
11.938333333333333,-5.594833333333333
11.93875,-5.578
11.939166666666667,-5.583666666666667
11.939583333333333,-5.589333333333333
11.94,-5.602666666666667
11.940416666666666,-5.629333333333332
11.940833333333334,-5.656
11.94125,-5.676666666666667
11.941666666666666,-5.678333333333334
11.942083333333333,-5.672833333333333
11.9425,-5.663333333333334
11.942916666666667,-5.654833333333333
11.943333333333333,-5.6555
11.94375,-5.664166666666667
11.944166666666666,-5.6801666666666675
11.944583333333334,-5.702333333333333
11.945,-5.719000000000001
11.945416666666667,-5.7145
11.945833333333333,-5.682333333333332
11.94625,-5.642499999999999
11.946666666666667,-5.613833333333333
11.947083333333333,-5.594333333333334
11.9475,-5.601166666666667
11.947916666666666,-5.6125
11.948333333333334,-5.628166666666666
11.94875,-5.644000000000001
11.949166666666667,-5.646333333333334
11.949583333333333,-5.6445
11.95,-5.615666666666667
11.950416666666667,-5.578333333333333
11.950833333333334,-5.560666666666667
11.95125,-5.548333333333333
11.951666666666666,-5.544333333333333
11.952083333333333,-5.555833333333332
11.9525,-5.5680000000000005
11.952916666666667,-5.580000000000001
11.953333333333333,-5.583333333333333
11.95375,-5.585333333333334
11.954166666666667,-5.5808333333333335
11.954583333333334,-5.572500000000001
11.955,-5.575833333333333
11.955416666666666,-5.589333333333333
11.955833333333333,-5.601166666666667
11.95625,-5.616499999999999
11.956666666666667,-5.6355
11.957083333333333,-5.633166666666667
11.9575,-5.6271666666666675
11.957916666666666,-5.623333333333334
11.958333333333334,-5.618833333333334
11.95875,-5.6148333333333325
11.959166666666667,-5.6035
11.959583333333333,-5.599166666666666
11.96,-5.606833333333334
11.960416666666667,-5.618166666666667
11.960833333333333,-5.634666666666667
11.96125,-5.639666666666667
11.961666666666666,-5.637166666666666
11.962083333333334,-5.6295
11.9625,-5.616666666666666
11.962916666666667,-5.6001666666666665
11.963333333333333,-5.582333333333334
11.96375,-5.575
11.964166666666667,-5.576666666666667
11.964583333333334,-5.584833333333333
11.965,-5.5888333333333335
11.965416666666666,-5.5921666666666665
11.965833333333334,-5.602333333333333
11.96625,-5.622166666666666
11.966666666666667,-5.6370000000000005
11.967083333333333,-5.650000000000001
11.9675,-5.653333333333333
11.967916666666667,-5.6465
11.968333333333334,-5.631833333333334
11.96875,-5.607833333333333
11.969166666666666,-5.587833333333333
11.969583333333333,-5.576833333333334
11.97,-5.578500000000001
11.970416666666667,-5.5761666666666665
11.970833333333333,-5.574000000000001
11.97125,-5.561333333333333
11.971666666666666,-5.55
11.972083333333334,-5.538333333333333
11.9725,-5.526500000000001
11.972916666666666,-5.5360000000000005
11.973333333333333,-5.544999999999999
11.97375,-5.567666666666667
11.974166666666667,-5.594166666666666
11.974583333333333,-5.608833333333333
11.975,-5.6191666666666675
11.975416666666666,-5.621833333333334
11.975833333333334,-5.613333333333333
11.97625,-5.6048333333333344
11.976666666666667,-5.611833333333333
11.977083333333333,-5.631333333333333
11.9775,-5.6535
11.977916666666667,-5.665666666666667
11.978333333333333,-5.674166666666667
11.97875,-5.679666666666667
11.979166666666666,-5.6739999999999995
11.979583333333334,-5.666833333333333
11.98,-5.667333333333333
11.980416666666667,-5.6739999999999995
11.980833333333333,-5.692333333333334
11.98125,-5.707166666666667
11.981666666666667,-5.695166666666666
11.982083333333334,-5.671666666666667
11.9825,-5.641166666666667
11.982916666666666,-5.625166666666668
11.983333333333333,-5.623833333333333
11.98375,-5.639333333333333
11.984166666666667,-5.677
11.984583333333333,-5.716666666666666
11.985,-5.750166666666666
11.985416666666667,-5.758666666666667
11.985833333333334,-5.758166666666667
11.98625,-5.751333333333332
11.986666666666666,-5.755333333333333
11.987083333333333,-5.759833333333333
11.9875,-5.766166666666667
11.987916666666667,-5.768666666666667
11.988333333333333,-5.770166666666667
11.98875,-5.769666666666667
11.989166666666666,-5.752166666666667
11.989583333333334,-5.751
11.99,-5.7525
11.990416666666667,-5.777666666666666
11.990833333333333,-5.802833333333333
11.99125,-5.815333333333334
11.991666666666667,-5.825166666666667
11.992083333333333,-5.809833333333334
11.9925,-5.796833333333333
11.992916666666666,-5.78
11.993333333333334,-5.772166666666667
11.99375,-5.7825
11.994166666666667,-5.785166666666666
11.994583333333333,-5.7955
11.995,-5.790333333333334
11.995416666666667,-5.776666666666666
11.995833333333334,-5.7635000000000005
11.99625,-5.749666666666667
11.996666666666666,-5.741499999999999
11.997083333333334,-5.7335
11.9975,-5.7268333333333326
11.997916666666667,-5.697500000000001
11.998333333333333,-5.656166666666667
11.99875,-5.600833333333334
11.999166666666667,-5.555833333333332
11.999583333333334,-5.5295
12.0,-5.5169999999999995
12.000416666666666,-5.5249999999999995
12.000833333333333,-5.535166666666666